320,1,0,9,100,833,1,-1,-1,-1
321,1,0,9,100,833,1,-1,-1,-1
322,1,0,33,100,810,1,-1,-1,-1
323,1,0,47,115,802,1,-1,-1,-1
324,1,0,47,115,802,1,-1,-1,-1
325,1,0,71,129,779,1,-1,-1,-1
326,1,0,89,129,760,1,-1,-1,-1
327,1,0,104,150,751,1,-1,-1,-1
328,1,0,119,159,737,1,-1,-1,-1
329,1,0,119,181,737,1,-1,-1,-1
330,1,0,119,195,737,1,-1,-1,-1
331,1,0,135,212,720,1,-1,-1,-1
332,1,0,144,224,711,1,-1,-1,-1
333,1,0,144,233,711,1,-1,-1,-1
334,1,9,155,235,700,1,-1,-1,-1
335,1,22,166,232,689,1,-1,-1,-1
336,1,33,179,232,676,1,-1,-1,-1
337,1,44,188,232,667,1,-1,-1,-1
338,1,57,195,228,660,1,-1,-1,-1
339,1,66,204,228,658,1,-1,-1,-1
340,1,88,212,215,651,1,-1,-1,-1
341,1,104,212,215,651,1,-1,-1,-1
342,1,118,212,215,651,1,-1,-1,-1
343,1,144,224,202,638,1,-1,-1,-1
344,1,156,224,202,638,1,-1,-1,-1
345,1,168,233,202,629,1,-1,-1,-1
346,1,182,246,190,616,1,-1,-1,-1
347,1,182,246,199,616,1,-1,-1,-1
348,1,212,257,184,605,1,-1,-1,-1
349,1,233,257,184,616,1,-1,-1,-1
350,1,245,257,184,616,1,-1,-1,-1
351,1,257,266,184,607,1,-1,-1,-1
352,1,271,266,184,607,1,-1,-1,-1
353,1,281,266,191,607,1,-1,-1,-1
354,1,281,277,210,596,1,-1,-1,-1
355,1,291,277,210,596,1,-1,-1,-1
356,1,303,284,210,589,1,-1,-1,-1
357,1,315,295,210,578,1,-1,-1,-1
358,1,323,299,210,578,1,-1,-1,-1
359,1,329,299,210,578,1,-1,-1,-1
360,1,352,306,191,571,1,-1,-1,-1
361,1,360,306,191,571,1,-1,-1,-1
362,1,372,306,191,571,1,-1,-1,-1
363,1,387,310,188,567,1,-1,-1,-1
364,1,395,310,188,567,1,-1,-1,-1
365,1,408,315,179,562,1,-1,-1,-1
366,1,420,321,179,562,1,-1,-1,-1
367,1,428,321,191,562,1,-1,-1,-1
368,1,438,321,191,556,1,-1,-1,-1
369,1,441,330,191,547,1,-1,-1,-1
370,1,441,330,191,547,1,-1,-1,-1
371,1,453,330,191,547,1,-1,-1,-1
372,1,459,330,191,532,1,-1,-1,-1
373,1,472,330,193,532,1,-1,-1,-1
374,1,490,330,190,532,1,-1,-1,-1
375,1,501,339,190,523,1,-1,-1,-1
376,1,516,339,181,523,1,-1,-1,-1
377,1,531,346,171,516,1,-1,-1,-1
378,1,537,346,171,509,1,-1,-1,-1
379,1,547,356,164,500,1,-1,-1,-1
380,1,558,356,153,500,1,-1,-1,-1
381,1,567,356,153,500,1,-1,-1,-1
382,1,567,356,153,500,1,-1,-1,-1
383,1,567,356,153,500,1,-1,-1,-1
384,1,602,361,148,449,1,-1,-1,-1
385,1,608,361,148,449,1,-1,-1,-1
386,1,614,361,148,449,1,-1,-1,-1
387,1,620,361,148,449,1,-1,-1,-1
388,1,626,361,148,449,1,-1,-1,-1
389,1,626,361,148,449,1,-1,-1,-1
390,1,638,361,148,449,1,-1,-1,-1
391,1,648,361,148,449,1,-1,-1,-1
392,1,652,361,148,449,1,-1,-1,-1
398,1,702,361,148,449,1,-1,-1,-1
399,1,710,361,148,449,1,-1,-1,-1
400,1,710,361,148,449,1,-1,-1,-1
401,1,710,361,148,449,1,-1,-1,-1
402,1,710,361,148,449,1,-1,-1,-1
403,1,710,361,148,449,1,-1,-1,-1
404,1,722,361,135,449,1,-1,-1,-1
405,1,722,372,135,438,1,-1,-1,-1
406,1,722,372,135,438,1,-1,-1,-1
407,1,722,377,135,432,1,-1,-1,-1
408,1,722,377,135,432,1,-1,-1,-1
409,1,722,376,135,434,1,-1,-1,-1
410,1,722,376,135,434,1,-1,-1,-1
411,1,722,376,135,434,1,-1,-1,-1
412,1,722,377,135,432,1,-1,-1,-1
413,1,722,377,135,432,1,-1,-1,-1
414,1,722,377,135,432,1,-1,-1,-1
415,1,722,377,135,432,1,-1,-1,-1
416,1,722,377,135,432,1,-1,-1,-1
417,1,722,377,135,432,1,-1,-1,-1
418,1,730,377,135,432,1,-1,-1,-1
419,1,730,377,135,432,1,-1,-1,-1
420,1,730,377,135,432,1,-1,-1,-1
421,1,730,377,135,432,1,-1,-1,-1
422,1,736,377,135,432,1,-1,-1,-1
423,1,736,377,135,432,1,-1,-1,-1
424,1,736,377,135,432,1,-1,-1,-1
425,1,736,377,135,432,1,-1,-1,-1
426,1,736,377,135,432,1,-1,-1,-1
427,1,736,377,135,432,1,-1,-1,-1
428,1,736,377,135,432,1,-1,-1,-1
429,1,736,377,135,432,1,-1,-1,-1
430,1,736,377,135,432,1,-1,-1,-1
431,1,736,377,135,432,1,-1,-1,-1
432,1,736,377,135,432,1,-1,-1,-1
433,1,736,377,135,432,1,-1,-1,-1
434,1,736,377,135,432,1,-1,-1,-1
435,1,736,377,135,432,1,-1,-1,-1
436,1,736,377,135,432,1,-1,-1,-1
437,1,738,387,135,423,1,-1,-1,-1
438,1,738,387,135,423,1,-1,-1,-1
439,1,738,387,135,423,1,-1,-1,-1
440,1,738,387,135,423,1,-1,-1,-1
441,1,738,387,135,423,1,-1,-1,-1
442,1,738,387,135,423,1,-1,-1,-1
443,1,738,387,135,423,1,-1,-1,-1
444,1,738,387,135,423,1,-1,-1,-1
445,1,738,387,135,423,1,-1,-1,-1
446,1,738,387,135,423,1,-1,-1,-1
447,1,744,387,135,423,1,-1,-1,-1
448,1,744,387,135,423,1,-1,-1,-1
449,1,744,387,135,423,1,-1,-1,-1
450,1,744,387,135,423,1,-1,-1,-1
451,1,744,387,135,423,1,-1,-1,-1
452,1,744,387,135,423,1,-1,-1,-1
453,1,744,387,135,423,1,-1,-1,-1
454,1,744,387,135,423,1,-1,-1,-1
455,1,744,387,135,423,1,-1,-1,-1
456,1,744,387,135,423,1,-1,-1,-1
457,1,744,387,135,423,1,-1,-1,-1
458,1,740,387,135,423,1,-1,-1,-1
459,1,740,387,135,423,1,-1,-1,-1
460,1,740,387,135,423,1,-1,-1,-1
461,1,740,387,135,423,1,-1,-1,-1
462,1,733,381,142,428,1,-1,-1,-1
463,1,733,381,142,428,1,-1,-1,-1
464,1,733,381,126,428,1,-1,-1,-1
465,1,733,381,119,428,1,-1,-1,-1
466,1,733,381,111,428,1,-1,-1,-1
467,1,733,381,111,428,1,-1,-1,-1
468,1,729,381,111,428,1,-1,-1,-1
469,1,729,381,111,428,1,-1,-1,-1
470,1,723,381,111,428,1,-1,-1,-1
471,1,723,381,111,428,1,-1,-1,-1
472,1,721,379,111,428,1,-1,-1,-1
473,1,717,375,111,428,1,-1,-1,-1
474,1,711,375,111,428,1,-1,-1,-1
475,1,703,375,111,428,1,-1,-1,-1
476,1,699,371,111,428,1,-1,-1,-1
477,1,687,371,111,428,1,-1,-1,-1
478,1,676,370,120,428,1,-1,-1,-1
479,1,664,370,129,428,1,-1,-1,-1
480,1,645,370,148,428,1,-1,-1,-1
481,1,640,370,153,428,1,-1,-1,-1
482,1,631,363,162,436,1,-1,-1,-1
483,1,624,363,181,436,1,-1,-1,-1
484,1,613,361,186,438,1,-1,-1,-1
485,1,607,361,191,438,1,-1,-1,-1
486,1,600,354,199,445,1,-1,-1,-1
487,1,600,354,199,445,1,-1,-1,-1
488,1,592,354,199,445,1,-1,-1,-1
489,1,592,354,199,445,1,-1,-1,-1
490,1,585,346,199,463,1,-1,-1,-1
491,1,585,346,199,463,1,-1,-1,-1
492,1,582,346,190,463,1,-1,-1,-1
493,1,571,335,190,474,1,-1,-1,-1
494,1,565,335,190,487,1,-1,-1,-1
495,1,565,335,190,487,1,-1,-1,-1
496,1,554,330,190,503,1,-1,-1,-1
497,1,548,330,190,503,1,-1,-1,-1
498,1,542,325,190,518,1,-1,-1,-1
499,1,525,315,206,538,1,-1,-1,-1
500,1,519,315,206,538,1,-1,-1,-1
501,1,500,310,226,556,1,-1,-1,-1
502,1,490,305,241,573,1,-1,-1,-1
503,1,481,299,250,578,1,-1,-1,-1
504,1,481,299,250,578,1,-1,-1,-1
505,1,481,299,250,578,1,-1,-1,-1
506,1,481,292,250,585,1,-1,-1,-1
507,1,500,292,232,585,1,-1,-1,-1
508,1,521,292,221,585,1,-1,-1,-1
509,1,537,286,221,591,1,-1,-1,-1
510,1,565,277,212,600,1,-1,-1,-1
511,1,573,277,212,600,1,-1,-1,-1
512,1,591,270,212,605,1,-1,-1,-1
513,1,613,268,212,605,1,-1,-1,-1
514,1,629,257,212,616,1,-1,-1,-1
515,1,645,257,221,616,1,-1,-1,-1
516,1,661,257,221,616,1,-1,-1,-1
517,1,677,257,221,616,1,-1,-1,-1
518,1,695,257,221,624,1,-1,-1,-1
519,1,717,248,212,640,1,-1,-1,-1
520,1,738,233,212,655,1,-1,-1,-1
521,1,759,228,201,655,1,-1,-1,-1
522,1,788,228,199,662,1,-1,-1,-1
523,1,813,221,199,667,1,-1,-1,-1
524,1,830,219,252,667,1,-1,-1,-1
525,1,846,213,252,675,1,-1,-1,-1
526,1,868,213,252,671,1,-1,-1,-1
527,1,886,213,252,673,1,-1,-1,-1
528,1,910,213,233,667,1,-1,-1,-1
529,1,928,210,233,680,1,-1,-1,-1
530,1,950,204,233,684,1,-1,-1,-1
531,1,983,199,233,693,1,-1,-1,-1
532,1,1006,191,233,697,1,-1,-1,-1
533,1,1028,184,233,706,1,-1,-1,-1
534,1,1054,171,233,718,1,-1,-1,-1
535,1,1080,171,233,718,1,-1,-1,-1
536,1,1098,162,266,728,1,-1,-1,-1
537,1,1126,162,266,728,1,-1,-1,-1
538,1,1147,155,272,735,1,-1,-1,-1
539,1,1179,155,272,735,1,-1,-1,-1
540,1,1200,144,272,746,1,-1,-1,-1
541,1,1233,122,257,768,1,-1,-1,-1
542,1,1256,115,257,775,1,-1,-1,-1
543,1,1284,115,257,775,1,-1,-1,-1
544,1,1313,100,284,791,1,-1,-1,-1
545,1,1344,100,292,791,1,-1,-1,-1
546,1,1369,97,317,795,1,-1,-1,-1
547,1,1397,97,317,795,1,-1,-1,-1
548,1,1426,86,317,806,1,-1,-1,-1
549,1,1448,86,317,806,1,-1,-1,-1
550,1,1479,86,301,806,1,-1,-1,-1
551,1,1533,69,279,822,1,-1,-1,-1
552,1,1568,69,279,822,1,-1,-1,-1
553,1,1601,55,279,837,1,-1,-1,-1
554,1,1625,55,279,837,1,-1,-1,-1
555,1,1657,42,261,850,1,-1,-1,-1
556,1,1679,42,239,850,1,-1,-1,-1
557,1,1712,42,206,850,1,-1,-1,-1
558,1,1745,33,173,859,1,-1,-1,-1
559,1,1776,24,142,868,1,-1,-1,-1
560,1,1807,9,111,883,1,-1,-1,-1
26,2,1743,2,175,903,1,-1,-1,-1
27,2,1703,2,215,903,1,-1,-1,-1
28,2,1667,2,252,903,1,-1,-1,-1
29,2,1606,2,312,903,1,-1,-1,-1
30,2,1548,2,370,903,1,-1,-1,-1
31,2,1497,2,421,903,1,-1,-1,-1
32,2,1461,2,458,903,1,-1,-1,-1
33,2,1419,2,500,903,1,-1,-1,-1
34,2,1391,2,527,903,1,-1,-1,-1
35,2,1355,2,563,903,1,-1,-1,-1
36,2,1320,2,598,903,1,-1,-1,-1
37,2,1302,2,616,903,1,-1,-1,-1
38,2,1296,2,622,903,1,-1,-1,-1
39,2,1295,2,624,903,1,-1,-1,-1
40,2,1295,2,624,903,1,-1,-1,-1
41,2,1282,2,636,903,1,-1,-1,-1
42,2,1276,2,642,903,1,-1,-1,-1
43,2,1276,2,642,903,1,-1,-1,-1
44,2,1276,2,642,903,1,-1,-1,-1
45,2,1276,2,642,903,1,-1,-1,-1
46,2,1276,2,642,903,1,-1,-1,-1
47,2,1260,2,658,903,1,-1,-1,-1
48,2,1260,2,658,903,1,-1,-1,-1
49,2,1260,2,658,903,1,-1,-1,-1
50,2,1265,2,653,903,1,-1,-1,-1
51,2,1284,2,635,903,1,-1,-1,-1
52,2,1307,2,611,903,1,-1,-1,-1
53,2,1329,2,589,903,1,-1,-1,-1
54,2,1371,2,547,903,1,-1,-1,-1
55,2,1417,2,501,903,1,-1,-1,-1
56,2,1484,2,434,903,1,-1,-1,-1
57,2,1548,2,370,903,1,-1,-1,-1
58,2,1608,2,310,903,1,-1,-1,-1
59,2,1650,2,268,903,1,-1,-1,-1
60,2,1696,2,222,903,1,-1,-1,-1
169,2,1114,0,684,903,1,-1,-1,-1
170,2,1114,0,607,903,1,-1,-1,-1
171,2,1047,0,558,903,1,-1,-1,-1
172,2,481,0,833,895,1,-1,-1,-1
173,2,433,0,833,895,1,-1,-1,-1
174,2,388,0,846,895,1,-1,-1,-1
175,2,370,0,788,895,1,-1,-1,-1
176,2,356,0,706,895,1,-1,-1,-1
177,2,356,0,582,895,1,-1,-1,-1
178,2,356,0,531,895,1,-1,-1,-1
179,2,339,0,478,895,1,-1,-1,-1
180,2,328,0,441,895,1,-1,-1,-1
181,2,280,0,441,895,1,-1,-1,-1
182,2,214,0,441,895,1,-1,-1,-1
183,2,195,0,418,895,1,-1,-1,-1
184,2,159,0,376,895,1,-1,-1,-1
185,2,119,0,376,895,1,-1,-1,-1
186,2,69,0,376,895,1,-1,-1,-1
187,2,11,0,394,895,1,-1,-1,-1
188,2,2,0,366,861,1,-1,-1,-1
189,2,2,0,303,861,1,-1,-1,-1
190,2,2,0,274,861,1,-1,-1,-1
191,2,2,0,222,861,1,-1,-1,-1
192,2,2,0,177,861,1,-1,-1,-1
193,2,2,0,131,861,1,-1,-1,-1
264,2,2,0,219,861,1,-1,-1,-1
265,2,2,0,219,861,1,-1,-1,-1
266,2,2,0,279,861,1,-1,-1,-1
267,2,2,0,490,870,1,-1,-1,-1
268,2,2,0,614,870,1,-1,-1,-1
269,2,33,0,999,886,1,-1,-1,-1
270,2,98,0,1099,886,1,-1,-1,-1
271,2,196,0,1099,886,1,-1,-1,-1
272,2,387,0,986,886,1,-1,-1,-1
273,2,518,0,855,892,1,-1,-1,-1
274,2,644,0,660,892,1,-1,-1,-1
275,2,773,0,616,892,1,-1,-1,-1
276,2,879,0,706,892,1,-1,-1,-1
277,2,899,0,777,892,1,-1,-1,-1
278,2,1054,0,704,892,1,-1,-1,-1
279,2,1183,0,669,892,1,-1,-1,-1
280,2,1353,0,565,892,1,-1,-1,-1
281,2,1462,0,456,892,1,-1,-1,-1
282,2,1537,0,381,892,1,-1,-1,-1
283,2,1603,0,315,892,1,-1,-1,-1
284,2,1676,0,243,892,1,-1,-1,-1
285,2,1761,0,157,892,1,-1,-1,-1
807,2,1732,2,184,895,1,-1,-1,-1
808,2,1696,2,221,895,1,-1,-1,-1
809,2,1579,2,337,895,1,-1,-1,-1
810,2,1411,2,505,895,1,-1,-1,-1
811,2,1324,2,593,895,1,-1,-1,-1
812,2,1271,2,645,895,1,-1,-1,-1
813,2,1271,2,645,895,1,-1,-1,-1
814,2,1311,2,542,895,1,-1,-1,-1
815,2,1311,2,469,895,1,-1,-1,-1
816,2,1203,2,520,895,1,-1,-1,-1
817,2,975,2,687,895,1,-1,-1,-1
818,2,903,2,687,895,1,-1,-1,-1
819,2,831,2,675,895,1,-1,-1,-1
820,2,746,2,622,895,1,-1,-1,-1
821,2,738,2,503,895,1,-1,-1,-1
822,2,656,2,503,895,1,-1,-1,-1
823,2,567,2,689,895,1,-1,-1,-1
824,2,368,2,888,895,1,-1,-1,-1
825,2,148,2,1078,895,1,-1,-1,-1
826,2,55,2,1090,895,1,-1,-1,-1
827,2,2,2,764,895,1,-1,-1,-1
828,2,2,2,614,895,1,-1,-1,-1
829,2,2,2,459,895,1,-1,-1,-1
830,2,2,2,372,895,1,-1,-1,-1
831,2,2,2,279,895,1,-1,-1,-1
832,2,2,2,221,895,1,-1,-1,-1
833,2,2,2,186,895,1,-1,-1,-1
834,2,2,2,186,895,1,-1,-1,-1
835,2,2,2,157,895,1,-1,-1,-1
904,3,1776,0,142,892,1,-1,-1,-1
905,3,1749,0,170,892,1,-1,-1,-1
906,3,1727,0,191,892,1,-1,-1,-1
907,3,1705,0,213,892,1,-1,-1,-1
908,3,1672,0,246,892,1,-1,-1,-1
909,3,1639,0,279,892,1,-1,-1,-1
910,3,1617,7,301,884,1,-1,-1,-1
911,3,1586,26,332,866,1,-1,-1,-1
912,3,1555,51,343,841,1,-1,-1,-1
913,3,1515,69,317,822,1,-1,-1,-1
914,3,1490,78,303,813,1,-1,-1,-1
915,3,1457,91,303,800,1,-1,-1,-1
916,3,1425,91,303,800,1,-1,-1,-1
917,3,1397,91,303,800,1,-1,-1,-1
918,3,1375,108,303,784,1,-1,-1,-1
919,3,1338,108,330,784,1,-1,-1,-1
920,3,1313,128,330,764,1,-1,-1,-1
921,3,1262,140,352,751,1,-1,-1,-1
922,3,1214,140,352,751,1,-1,-1,-1
923,3,1191,140,288,751,1,-1,-1,-1
924,3,1145,140,288,751,1,-1,-1,-1
925,3,1113,140,288,751,1,-1,-1,-1
926,3,1081,146,288,746,1,-1,-1,-1
927,3,1058,153,288,738,1,-1,-1,-1
928,3,1019,164,288,728,1,-1,-1,-1
929,3,996,179,270,713,1,-1,-1,-1
930,3,977,184,250,707,1,-1,-1,-1
931,3,965,184,226,707,1,-1,-1,-1
932,3,933,184,226,707,1,-1,-1,-1
933,3,911,184,226,707,1,-1,-1,-1
934,3,884,197,226,695,1,-1,-1,-1
935,3,856,197,226,695,1,-1,-1,-1
936,3,828,212,226,680,1,-1,-1,-1
937,3,794,212,226,680,1,-1,-1,-1
938,3,790,222,202,669,1,-1,-1,-1
939,3,759,215,202,676,1,-1,-1,-1
940,3,719,215,202,676,1,-1,-1,-1
941,3,687,215,202,676,1,-1,-1,-1
942,3,662,215,191,676,1,-1,-1,-1
943,3,638,215,191,676,1,-1,-1,-1
944,3,591,215,219,676,1,-1,-1,-1
945,3,559,215,219,676,1,-1,-1,-1
946,3,517,215,219,676,1,-1,-1,-1
947,3,507,204,193,687,1,-1,-1,-1
948,3,467,190,233,702,1,-1,-1,-1
949,3,414,179,250,713,1,-1,-1,-1
950,3,396,170,250,722,1,-1,-1,-1
951,3,372,162,250,729,1,-1,-1,-1
952,3,352,162,250,729,1,-1,-1,-1
953,3,317,157,266,735,1,-1,-1,-1
954,3,290,146,279,746,1,-1,-1,-1
955,3,264,133,279,759,1,-1,-1,-1
956,3,244,120,279,771,1,-1,-1,-1
957,3,224,100,279,791,1,-1,-1,-1
958,3,199,86,279,806,1,-1,-1,-1
959,3,173,78,279,813,1,-1,-1,-1
960,3,150,67,279,824,1,-1,-1,-1
961,3,120,67,279,824,1,-1,-1,-1
962,3,78,57,299,835,1,-1,-1,-1
963,3,40,49,299,835,1,-1,-1,-1
964,3,14,37,299,835,1,-1,-1,-1
965,3,0,23,299,835,1,-1,-1,-1
966,3,0,13,252,846,1,-1,-1,-1
967,3,0,2,230,862,1,-1,-1,-1
968,3,0,2,204,862,1,-1,-1,-1
969,3,0,2,171,862,1,-1,-1,-1
970,3,0,2,129,862,1,-1,-1,-1
971,3,0,2,91,862,1,-1,-1,-1
383,4,0,2,160,852,1,-1,-1,-1
384,4,0,2,197,852,1,-1,-1,-1
385,4,0,2,257,852,1,-1,-1,-1
386,4,0,2,314,852,1,-1,-1,-1
387,4,36,2,335,862,1,-1,-1,-1
388,4,86,2,335,862,1,-1,-1,-1
389,4,148,2,447,872,1,-1,-1,-1
390,4,215,2,432,872,1,-1,-1,-1
391,4,292,2,419,872,1,-1,-1,-1
392,4,352,2,419,872,1,-1,-1,-1
393,4,432,2,419,886,1,-1,-1,-1
394,4,503,2,439,886,1,-1,-1,-1
395,4,581,2,439,886,1,-1,-1,-1
396,4,658,2,428,886,1,-1,-1,-1
397,4,722,2,428,886,1,-1,-1,-1
398,4,833,2,414,886,1,-1,-1,-1
399,4,901,2,414,886,1,-1,-1,-1
400,4,979,2,414,886,1,-1,-1,-1
401,4,1025,2,425,886,1,-1,-1,-1
402,4,1081,2,425,886,1,-1,-1,-1
403,4,1145,2,425,886,1,-1,-1,-1
404,4,1187,2,425,886,1,-1,-1,-1
405,4,1263,2,425,886,1,-1,-1,-1
406,4,1324,2,408,890,1,-1,-1,-1
407,4,1376,2,408,890,1,-1,-1,-1
408,4,1451,2,363,890,1,-1,-1,-1
409,4,1493,2,363,890,1,-1,-1,-1
410,4,1555,2,363,890,1,-1,-1,-1
411,4,1606,2,312,890,1,-1,-1,-1
412,4,1641,2,277,890,1,-1,-1,-1
413,4,1681,2,237,890,1,-1,-1,-1
414,4,1725,2,193,890,1,-1,-1,-1
415,4,1778,2,140,890,1,-1,-1,-1
