866,1,379,418,80,521,1,-1,-1,-1
867,1,379,418,108,521,1,-1,-1,-1
868,1,379,427,115,512,1,-1,-1,-1
869,1,379,427,128,516,1,-1,-1,-1
870,1,379,427,128,521,1,-1,-1,-1
871,1,379,421,128,527,1,-1,-1,-1
872,1,379,414,142,534,1,-1,-1,-1
873,1,379,414,160,534,1,-1,-1,-1
874,1,379,414,190,534,1,-1,-1,-1
875,1,379,414,208,549,1,-1,-1,-1
876,1,379,407,208,563,1,-1,-1,-1
877,1,390,407,201,574,1,-1,-1,-1
878,1,390,407,201,574,1,-1,-1,-1
879,1,401,407,190,574,1,-1,-1,-1
880,1,401,399,190,582,1,-1,-1,-1
881,1,412,396,179,585,1,-1,-1,-1
882,1,412,390,179,591,1,-1,-1,-1
883,1,412,390,179,605,1,-1,-1,-1
884,1,412,387,179,609,1,-1,-1,-1
885,1,412,387,179,613,1,-1,-1,-1
886,1,405,387,186,633,1,-1,-1,-1
887,1,396,387,195,642,1,-1,-1,-1
888,1,381,381,210,647,1,-1,-1,-1
889,1,365,374,226,655,1,-1,-1,-1
890,1,357,363,233,666,1,-1,-1,-1
891,1,348,363,224,666,1,-1,-1,-1
892,1,337,357,235,671,1,-1,-1,-1
893,1,337,357,235,691,1,-1,-1,-1
894,1,337,348,235,711,1,-1,-1,-1
895,1,337,348,235,720,1,-1,-1,-1
896,1,337,350,235,728,1,-1,-1,-1
897,1,343,350,235,728,1,-1,-1,-1
898,1,343,343,252,735,1,-1,-1,-1
899,1,343,330,261,748,1,-1,-1,-1
900,1,343,325,268,753,1,-1,-1,-1
901,1,335,315,286,762,1,-1,-1,-1
902,1,335,306,292,771,1,-1,-1,-1
903,1,335,297,303,780,1,-1,-1,-1
904,1,335,292,312,786,1,-1,-1,-1
905,1,335,292,312,786,1,-1,-1,-1
906,1,328,283,326,795,1,-1,-1,-1
907,1,328,283,326,795,1,-1,-1,-1
908,1,314,264,341,813,1,-1,-1,-1
909,1,301,248,354,830,1,-1,-1,-1
910,1,294,232,361,846,1,-1,-1,-1
911,1,281,226,374,852,1,-1,-1,-1
912,1,268,210,387,868,1,-1,-1,-1
913,1,263,197,392,881,1,-1,-1,-1
914,1,263,197,392,881,1,-1,-1,-1
915,1,263,186,403,892,1,-1,-1,-1
916,1,272,181,410,897,1,-1,-1,-1
917,1,284,164,419,914,1,-1,-1,-1
918,1,290,151,432,926,1,-1,-1,-1
919,1,295,135,445,943,1,-1,-1,-1
920,1,305,119,452,959,1,-1,-1,-1
921,1,312,106,465,972,1,-1,-1,-1
922,1,312,98,478,979,1,-1,-1,-1
923,1,323,88,490,990,1,-1,-1,-1
924,1,332,71,503,1006,1,-1,-1,-1
925,1,343,62,514,1016,1,-1,-1,-1
926,1,352,38,540,1039,1,-1,-1,-1
927,1,366,16,543,1061,1,-1,-1,-1
928,1,385,0,547,1074,1,-1,-1,-1
929,1,410,0,563,1074,1,-1,-1,-1
930,1,436,0,587,1074,1,-1,-1,-1
931,1,472,0,602,1074,1,-1,-1,-1
932,1,522,0,602,1074,1,-1,-1,-1
933,1,571,0,585,1074,1,-1,-1,-1
934,1,624,0,571,1074,1,-1,-1,-1
935,1,687,20,538,1054,1,-1,-1,-1
936,1,766,53,500,1025,1,-1,-1,-1
937,1,852,71,428,1006,1,-1,-1,-1
938,1,897,71,403,1006,1,-1,-1,-1
939,1,935,71,403,1006,1,-1,-1,-1
940,1,965,86,410,992,1,-1,-1,-1
941,1,985,93,441,985,1,-1,-1,-1
942,1,1037,93,441,985,1,-1,-1,-1
943,1,1059,111,487,966,1,-1,-1,-1
944,1,1072,111,511,966,1,-1,-1,-1
945,1,1096,111,529,966,1,-1,-1,-1
946,1,1109,111,551,966,1,-1,-1,-1
947,1,1120,120,551,957,1,-1,-1,-1
948,1,1120,120,551,957,1,-1,-1,-1
949,1,1120,135,560,943,1,-1,-1,-1
950,1,1120,151,560,926,1,-1,-1,-1
951,1,1099,168,580,910,1,-1,-1,-1
952,1,1089,186,591,892,1,-1,-1,-1
953,1,1074,193,560,884,1,-1,-1,-1
954,1,1058,210,576,868,1,-1,-1,-1
955,1,1039,224,594,853,1,-1,-1,-1
956,1,997,233,614,844,1,-1,-1,-1
957,1,985,239,609,839,1,-1,-1,-1
958,1,985,248,609,830,1,-1,-1,-1
959,1,985,248,609,830,1,-1,-1,-1
960,1,966,248,627,830,1,-1,-1,-1
961,1,966,248,627,830,1,-1,-1,-1
962,1,966,248,627,830,1,-1,-1,-1
963,1,966,248,627,830,1,-1,-1,-1
964,1,966,248,627,830,1,-1,-1,-1
965,1,966,248,627,830,1,-1,-1,-1
966,1,966,248,604,830,1,-1,-1,-1
967,1,966,248,604,830,1,-1,-1,-1
968,1,966,248,604,830,1,-1,-1,-1
969,1,966,248,604,830,1,-1,-1,-1
970,1,966,248,604,830,1,-1,-1,-1
971,1,966,248,604,830,1,-1,-1,-1
972,1,983,232,587,846,1,-1,-1,-1
973,1,983,232,587,846,1,-1,-1,-1
974,1,983,232,587,846,1,-1,-1,-1
975,1,983,232,587,846,1,-1,-1,-1
976,1,983,232,587,846,1,-1,-1,-1
977,1,983,232,587,846,1,-1,-1,-1
978,1,983,232,587,846,1,-1,-1,-1
979,1,983,232,587,846,1,-1,-1,-1
980,1,983,232,587,846,1,-1,-1,-1
981,1,983,232,587,846,1,-1,-1,-1
982,1,988,232,604,846,1,-1,-1,-1
983,1,988,232,614,846,1,-1,-1,-1
984,1,999,222,604,855,1,-1,-1,-1
985,1,999,190,604,888,1,-1,-1,-1
986,1,977,164,625,914,1,-1,-1,-1
987,1,965,137,633,941,1,-1,-1,-1
988,1,945,117,644,961,1,-1,-1,-1
989,1,921,91,644,986,1,-1,-1,-1
990,1,864,82,664,996,1,-1,-1,-1
991,1,797,64,691,1014,1,-1,-1,-1
992,1,757,55,702,1023,1,-1,-1,-1
993,1,711,46,702,1032,1,-1,-1,-1
994,1,695,46,666,1032,1,-1,-1,-1
995,1,664,46,638,1032,1,-1,-1,-1
996,1,625,46,611,1032,1,-1,-1,-1
997,1,576,31,596,1047,1,-1,-1,-1
998,1,538,31,580,1047,1,-1,-1,-1
999,1,488,31,580,1047,1,-1,-1,-1
1000,1,439,31,600,1047,1,-1,-1,-1
1001,1,396,38,600,1039,1,-1,-1,-1
1002,1,374,49,600,1028,1,-1,-1,-1
1003,1,374,58,583,1019,1,-1,-1,-1
1004,1,374,75,563,1003,1,-1,-1,-1
1005,1,374,91,532,986,1,-1,-1,-1
1006,1,374,117,494,961,1,-1,-1,-1
1007,1,357,131,472,946,1,-1,-1,-1
1008,1,335,148,459,930,1,-1,-1,-1
1009,1,314,159,459,919,1,-1,-1,-1
1010,1,297,171,459,906,1,-1,-1,-1
1011,1,291,171,459,906,1,-1,-1,-1
1012,1,292,181,449,897,1,-1,-1,-1
1013,1,292,181,449,897,1,-1,-1,-1
1014,1,306,195,414,883,1,-1,-1,-1
1015,1,306,210,399,868,1,-1,-1,-1
1016,1,306,224,379,853,1,-1,-1,-1
1017,1,301,235,365,842,1,-1,-1,-1
1018,1,295,243,361,835,1,-1,-1,-1
1019,1,295,252,350,826,1,-1,-1,-1
1020,1,295,252,350,826,1,-1,-1,-1
1021,1,295,259,341,819,1,-1,-1,-1
1022,1,303,266,328,811,1,-1,-1,-1
1023,1,303,266,328,811,1,-1,-1,-1
1024,1,306,286,315,791,1,-1,-1,-1
1025,1,317,303,305,775,1,-1,-1,-1
1026,1,317,303,305,775,1,-1,-1,-1
1027,1,332,319,290,759,1,-1,-1,-1
1028,1,332,319,290,759,1,-1,-1,-1
1029,1,348,319,281,759,1,-1,-1,-1
1030,1,354,328,275,749,1,-1,-1,-1
1031,1,354,328,275,749,1,-1,-1,-1
1032,1,363,337,266,740,1,-1,-1,-1
1033,1,363,337,266,740,1,-1,-1,-1
1034,1,372,348,250,729,1,-1,-1,-1
1035,1,372,348,250,729,1,-1,-1,-1
1036,1,372,361,250,709,1,-1,-1,-1
1037,1,372,368,226,693,1,-1,-1,-1
1038,1,372,376,226,686,1,-1,-1,-1
1039,1,372,376,226,647,1,-1,-1,-1
1040,1,372,376,217,636,1,-1,-1,-1
1041,1,372,376,217,636,1,-1,-1,-1
1042,1,372,376,217,633,1,-1,-1,-1
1043,1,372,385,217,624,1,-1,-1,-1
1044,1,372,385,217,624,1,-1,-1,-1
1045,1,372,394,217,613,1,-1,-1,-1
1046,1,372,394,217,613,1,-1,-1,-1
1047,1,392,403,197,591,1,-1,-1,-1
1048,1,392,403,197,591,1,-1,-1,-1
1049,1,392,403,197,576,1,-1,-1,-1
1050,1,392,403,197,576,1,-1,-1,-1
1051,1,392,403,197,567,1,-1,-1,-1
1052,1,382,403,197,567,1,-1,-1,-1
1053,1,372,410,197,560,1,-1,-1,-1
1054,1,372,410,197,560,1,-1,-1,-1
1055,1,372,419,188,551,1,-1,-1,-1
1056,1,372,419,188,551,1,-1,-1,-1
1057,1,372,419,188,551,1,-1,-1,-1
1058,1,372,419,182,551,1,-1,-1,-1
1059,1,372,419,168,534,1,-1,-1,-1
1060,1,372,419,131,534,1,-1,-1,-1
1061,1,372,419,104,534,1,-1,-1,-1
1062,1,376,419,93,534,1,-1,-1,-1
1063,1,376,419,80,534,1,-1,-1,-1
1064,1,376,419,73,534,1,-1,-1,-1
1065,1,376,419,57,534,1,-1,-1,-1
1066,1,376,419,49,534,1,-1,-1,-1
1067,1,376,419,42,534,1,-1,-1,-1
1062,2,418,450,91,456,1,-1,-1,-1
1063,2,418,450,102,456,1,-1,-1,-1
1064,2,418,450,122,456,1,-1,-1,-1
1065,2,418,458,155,456,1,-1,-1,-1
1066,2,420,458,155,456,1,-1,-1,-1
1067,2,419,458,168,467,1,-1,-1,-1
1068,2,425,458,162,467,1,-1,-1,-1
1069,2,439,458,148,467,1,-1,-1,-1
1070,2,465,452,122,472,1,-1,-1,-1
1071,2,476,452,111,472,1,-1,-1,-1
1072,2,483,452,104,472,1,-1,-1,-1
1073,2,492,449,95,476,1,-1,-1,-1
1074,2,503,449,84,476,1,-1,-1,-1
1075,2,503,449,84,476,1,-1,-1,-1
1076,2,520,449,67,476,1,-1,-1,-1
1084,2,505,449,82,523,1,-1,-1,-1
1085,2,505,438,82,534,1,-1,-1,-1
1086,2,505,432,82,540,1,-1,-1,-1
1087,2,505,432,82,540,1,-1,-1,-1
1088,2,496,425,91,551,1,-1,-1,-1
1089,2,481,419,106,556,1,-1,-1,-1
1090,2,481,412,106,563,1,-1,-1,-1
1091,2,474,412,113,567,1,-1,-1,-1
1092,2,461,410,126,591,1,-1,-1,-1
1093,2,461,410,126,591,1,-1,-1,-1
1094,2,441,410,146,598,1,-1,-1,-1
1095,2,419,401,168,627,1,-1,-1,-1
1096,2,419,401,168,627,1,-1,-1,-1
1097,2,408,388,179,640,1,-1,-1,-1
1098,2,408,376,179,653,1,-1,-1,-1
1099,2,403,372,184,666,1,-1,-1,-1
1100,2,403,372,184,666,1,-1,-1,-1
1101,2,390,365,197,689,1,-1,-1,-1
1102,2,383,365,204,706,1,-1,-1,-1
1103,2,370,356,217,722,1,-1,-1,-1
1104,2,370,356,217,722,1,-1,-1,-1
1105,2,360,356,217,722,1,-1,-1,-1
1106,2,352,345,224,733,1,-1,-1,-1
1107,2,345,334,235,744,1,-1,-1,-1
1108,2,339,321,241,757,1,-1,-1,-1
1109,2,332,308,255,769,1,-1,-1,-1
1110,2,332,308,255,769,1,-1,-1,-1
1111,2,332,308,255,769,1,-1,-1,-1
1112,2,332,305,264,773,1,-1,-1,-1
1113,2,332,301,264,777,1,-1,-1,-1
1114,2,332,292,279,786,1,-1,-1,-1
1115,2,332,277,292,800,1,-1,-1,-1
1116,2,332,259,292,819,1,-1,-1,-1
1117,2,332,246,301,831,1,-1,-1,-1
1118,2,332,232,310,846,1,-1,-1,-1
1119,2,332,221,312,857,1,-1,-1,-1
1120,2,326,213,317,864,1,-1,-1,-1
1121,2,312,208,332,870,1,-1,-1,-1
1122,2,294,190,350,888,1,-1,-1,-1
1123,2,288,177,356,901,1,-1,-1,-1
1124,2,274,144,356,934,1,-1,-1,-1
1125,2,255,124,374,954,1,-1,-1,-1
1126,2,235,98,394,979,1,-1,-1,-1
1127,2,217,77,419,1001,1,-1,-1,-1
1128,2,217,51,428,1027,1,-1,-1,-1
1129,2,217,42,443,1036,1,-1,-1,-1
1130,2,212,24,458,1054,1,-1,-1,-1
1131,2,212,11,472,1067,1,-1,-1,-1
1132,2,212,5,505,1072,1,-1,-1,-1
1133,2,230,5,536,1072,1,-1,-1,-1
1134,2,241,5,565,1072,1,-1,-1,-1
1135,2,250,5,583,1072,1,-1,-1,-1
1136,2,261,5,611,1072,1,-1,-1,-1
1137,2,274,5,636,1072,1,-1,-1,-1
1138,2,290,5,636,1072,1,-1,-1,-1
1139,2,314,5,647,1072,1,-1,-1,-1
1140,2,336,5,647,1072,1,-1,-1,-1
1141,2,372,5,647,1072,1,-1,-1,-1
1142,2,408,5,647,1072,1,-1,-1,-1
1143,2,447,5,715,1072,1,-1,-1,-1
1144,2,490,5,738,1072,1,-1,-1,-1
1145,2,552,5,738,1072,1,-1,-1,-1
1146,2,609,5,715,1072,1,-1,-1,-1
1147,2,686,5,667,1072,1,-1,-1,-1
1148,2,800,5,624,1072,1,-1,-1,-1
1149,2,882,5,624,1072,1,-1,-1,-1
1150,2,974,5,594,1072,1,-1,-1,-1
1151,2,1040,5,594,1072,1,-1,-1,-1
1152,2,1074,5,594,1072,1,-1,-1,-1
1153,2,1079,5,640,1072,1,-1,-1,-1
1154,2,1079,5,678,1072,1,-1,-1,-1
1155,2,1079,5,711,1072,1,-1,-1,-1
1156,2,1079,5,728,1072,1,-1,-1,-1
1157,2,1067,5,728,1072,1,-1,-1,-1
1158,2,1067,5,709,1072,1,-1,-1,-1
1159,2,1067,5,682,1072,1,-1,-1,-1
1160,2,1083,22,620,1056,1,-1,-1,-1
1161,2,1096,35,556,1043,1,-1,-1,-1
1162,2,1096,44,512,1034,1,-1,-1,-1
1163,2,1067,51,490,1027,1,-1,-1,-1
1164,2,1034,58,483,1019,1,-1,-1,-1
1165,2,985,62,512,1016,1,-1,-1,-1
1166,2,954,64,521,1014,1,-1,-1,-1
1167,2,918,64,521,1014,1,-1,-1,-1
1168,2,878,64,521,1014,1,-1,-1,-1
1169,2,820,64,521,1014,1,-1,-1,-1
1170,2,773,55,505,1023,1,-1,-1,-1
1171,2,707,40,505,1037,1,-1,-1,-1
1172,2,653,33,505,1045,1,-1,-1,-1
1173,2,618,33,490,1045,1,-1,-1,-1
1174,2,582,33,490,1045,1,-1,-1,-1
1175,2,552,33,470,1045,1,-1,-1,-1
1176,2,529,46,450,1032,1,-1,-1,-1
1177,2,505,46,423,1032,1,-1,-1,-1
1178,2,480,60,390,1017,1,-1,-1,-1
1179,2,463,80,359,997,1,-1,-1,-1
1180,2,432,95,343,983,1,-1,-1,-1
1181,2,388,104,352,974,1,-1,-1,-1
1182,2,335,113,379,965,1,-1,-1,-1
1183,2,295,122,397,955,1,-1,-1,-1
1184,2,281,129,397,948,1,-1,-1,-1
1185,2,257,144,407,934,1,-1,-1,-1
1186,2,239,155,407,923,1,-1,-1,-1
1187,2,230,171,397,906,1,-1,-1,-1
1188,2,226,188,381,890,1,-1,-1,-1
1189,2,221,201,376,877,1,-1,-1,-1
1190,2,217,210,352,868,1,-1,-1,-1
1191,2,213,215,343,862,1,-1,-1,-1
1192,2,213,215,343,862,1,-1,-1,-1
1193,2,213,222,334,855,1,-1,-1,-1
1194,2,213,233,326,844,1,-1,-1,-1
1195,2,213,233,326,844,1,-1,-1,-1
1196,2,213,248,326,830,1,-1,-1,-1
1197,2,224,259,308,819,1,-1,-1,-1
1198,2,239,272,294,806,1,-1,-1,-1
1199,2,246,281,286,797,1,-1,-1,-1
1200,2,264,281,268,797,1,-1,-1,-1
1201,2,264,288,277,790,1,-1,-1,-1
1202,2,264,288,277,790,1,-1,-1,-1
1203,2,275,297,266,780,1,-1,-1,-1
1204,2,275,306,266,771,1,-1,-1,-1
1205,2,284,315,257,762,1,-1,-1,-1
1206,2,284,323,257,755,1,-1,-1,-1
1207,2,284,330,241,748,1,-1,-1,-1
1208,2,284,339,230,738,1,-1,-1,-1
1209,2,284,345,226,733,1,-1,-1,-1
1210,2,277,350,221,728,1,-1,-1,-1
1211,2,277,350,215,728,1,-1,-1,-1
1212,2,277,356,210,722,1,-1,-1,-1
1213,2,277,361,210,698,1,-1,-1,-1
1214,2,277,361,210,689,1,-1,-1,-1
1215,2,281,365,206,686,1,-1,-1,-1
1216,2,290,372,197,678,1,-1,-1,-1
1217,2,290,381,212,669,1,-1,-1,-1
1218,2,300,381,212,669,1,-1,-1,-1
1219,2,314,392,199,649,1,-1,-1,-1
1220,2,326,401,186,640,1,-1,-1,-1
1221,2,339,401,186,627,1,-1,-1,-1
1222,2,346,401,186,605,1,-1,-1,-1
1223,2,354,401,179,605,1,-1,-1,-1
1224,2,360,401,179,605,1,-1,-1,-1
1225,2,365,412,179,594,1,-1,-1,-1
1226,2,365,412,179,594,1,-1,-1,-1
1227,2,365,418,179,589,1,-1,-1,-1
1228,2,365,418,179,589,1,-1,-1,-1
1229,2,365,428,179,567,1,-1,-1,-1
1230,2,365,428,166,567,1,-1,-1,-1
1231,2,365,428,166,552,1,-1,-1,-1
1232,2,365,428,166,538,1,-1,-1,-1
1233,2,365,428,153,534,1,-1,-1,-1
1234,2,365,428,153,534,1,-1,-1,-1
1235,2,367,432,142,527,1,-1,-1,-1
1236,2,365,432,142,527,1,-1,-1,-1
1237,2,365,432,128,527,1,-1,-1,-1
1238,2,365,432,120,527,1,-1,-1,-1
1239,2,365,443,115,516,1,-1,-1,-1
1240,2,365,443,106,507,1,-1,-1,-1
1241,2,365,450,91,483,1,-1,-1,-1
1242,2,365,450,80,483,1,-1,-1,-1
1243,2,374,450,67,483,1,-1,-1,-1
1244,2,374,450,67,483,1,-1,-1,-1
1245,2,374,450,55,483,1,-1,-1,-1
998,3,379,441,100,458,1,-1,-1,-1
999,3,379,441,100,458,1,-1,-1,-1
1000,3,379,447,108,452,1,-1,-1,-1
1001,3,379,447,108,452,1,-1,-1,-1
1002,3,379,447,108,452,1,-1,-1,-1
1003,3,379,447,108,452,1,-1,-1,-1
1099,3,387,441,122,483,1,-1,-1,-1
1100,3,379,441,122,483,1,-1,-1,-1
1101,3,379,441,98,483,1,-1,-1,-1
1102,3,379,434,98,490,1,-1,-1,-1
1261,3,376,423,80,507,1,-1,-1,-1
1262,3,376,423,80,507,1,-1,-1,-1
1263,3,376,423,80,507,1,-1,-1,-1
1264,3,376,423,80,507,1,-1,-1,-1
1265,3,376,423,80,507,1,-1,-1,-1
1266,3,376,423,93,521,1,-1,-1,-1
1267,3,376,423,102,529,1,-1,-1,-1
1268,3,376,423,109,536,1,-1,-1,-1
1269,3,376,423,109,536,1,-1,-1,-1
1270,3,376,418,124,545,1,-1,-1,-1
1271,3,376,412,139,551,1,-1,-1,-1
1272,3,376,412,151,551,1,-1,-1,-1
1273,3,376,407,159,563,1,-1,-1,-1
1274,3,376,407,168,563,1,-1,-1,-1
1275,3,376,401,173,569,1,-1,-1,-1
1276,3,376,401,186,585,1,-1,-1,-1
1277,3,365,401,197,596,1,-1,-1,-1
1278,3,371,401,197,596,1,-1,-1,-1
1279,3,390,403,181,604,1,-1,-1,-1
1280,3,394,392,181,614,1,-1,-1,-1
1281,3,410,385,173,622,1,-1,-1,-1
1282,3,410,379,173,627,1,-1,-1,-1
1283,3,407,379,177,627,1,-1,-1,-1
1284,3,401,376,182,631,1,-1,-1,-1
1285,3,401,376,182,631,1,-1,-1,-1
1286,3,401,376,182,642,1,-1,-1,-1
1287,3,401,376,182,651,1,-1,-1,-1
1288,3,392,376,191,664,1,-1,-1,-1
1289,3,387,372,197,675,1,-1,-1,-1
1290,3,387,363,197,684,1,-1,-1,-1
1291,3,387,352,197,695,1,-1,-1,-1
1292,3,379,352,204,695,1,-1,-1,-1
1293,3,363,346,228,700,1,-1,-1,-1
1294,3,356,334,261,740,1,-1,-1,-1
1295,3,346,330,270,748,1,-1,-1,-1
1296,3,346,330,270,748,1,-1,-1,-1
1297,3,346,330,270,748,1,-1,-1,-1
1298,3,352,319,255,759,1,-1,-1,-1
1299,3,357,314,250,764,1,-1,-1,-1
1300,3,365,301,248,777,1,-1,-1,-1
1301,3,368,290,263,788,1,-1,-1,-1
1302,3,368,277,284,800,1,-1,-1,-1
1303,3,368,270,305,808,1,-1,-1,-1
1304,3,368,270,321,808,1,-1,-1,-1
1305,3,368,259,321,819,1,-1,-1,-1
1306,3,363,259,326,819,1,-1,-1,-1
1307,3,354,250,326,828,1,-1,-1,-1
1308,3,339,235,326,842,1,-1,-1,-1
1309,3,328,217,326,861,1,-1,-1,-1
1310,3,310,208,345,870,1,-1,-1,-1
1311,3,295,188,359,890,1,-1,-1,-1
1312,3,288,171,385,906,1,-1,-1,-1
1313,3,277,164,403,914,1,-1,-1,-1
1314,3,277,159,414,919,1,-1,-1,-1
1315,3,277,148,427,930,1,-1,-1,-1
1316,3,284,133,427,945,1,-1,-1,-1
1317,3,284,115,445,963,1,-1,-1,-1
1318,3,301,86,445,992,1,-1,-1,-1
1319,3,314,62,465,1016,1,-1,-1,-1
1320,3,321,44,500,1034,1,-1,-1,-1
1321,3,325,13,538,1065,1,-1,-1,-1
1322,3,335,5,562,1072,1,-1,-1,-1
1323,3,346,5,594,1072,1,-1,-1,-1
1324,3,365,5,631,1072,1,-1,-1,-1
1325,3,374,5,676,1072,1,-1,-1,-1
1326,3,402,5,676,1072,1,-1,-1,-1
1327,3,422,5,676,1072,1,-1,-1,-1
1328,3,440,5,676,1072,1,-1,-1,-1
1329,3,462,5,676,1072,1,-1,-1,-1
1330,3,496,5,791,1072,1,-1,-1,-1
1331,3,532,5,861,1072,1,-1,-1,-1
1332,3,571,5,904,1072,1,-1,-1,-1
1333,3,602,5,946,1072,1,-1,-1,-1
1334,3,642,5,946,1072,1,-1,-1,-1
1335,3,698,5,1012,1072,1,-1,-1,-1
1336,3,786,5,1048,1072,1,-1,-1,-1
1337,3,904,5,1014,1072,1,-1,-1,-1
1338,3,1027,5,892,1072,1,-1,-1,-1
1339,3,1178,5,740,1072,1,-1,-1,-1
1340,3,1313,5,605,1072,1,-1,-1,-1
1341,3,1384,5,534,1072,1,-1,-1,-1
1342,3,1466,5,452,1072,1,-1,-1,-1
1343,3,1493,5,425,1072,1,-1,-1,-1
1344,3,1517,5,402,1072,1,-1,-1,-1
1345,3,1529,5,390,1072,1,-1,-1,-1
1346,3,1545,5,374,1072,1,-1,-1,-1
1347,3,1553,5,365,1072,1,-1,-1,-1
1348,3,1564,5,354,1072,1,-1,-1,-1
1349,3,1564,5,354,1072,1,-1,-1,-1
1350,3,1564,5,354,1072,1,-1,-1,-1
1351,3,1564,5,354,1072,1,-1,-1,-1
1352,3,1564,5,354,1072,1,-1,-1,-1
1353,3,1564,5,354,1072,1,-1,-1,-1
1354,3,1557,5,362,1072,1,-1,-1,-1
1355,3,1557,5,362,1072,1,-1,-1,-1
1356,3,1557,5,362,1072,1,-1,-1,-1
1357,3,1557,5,362,1072,1,-1,-1,-1
1358,3,1557,5,362,1072,1,-1,-1,-1
1359,3,1503,5,416,1072,1,-1,-1,-1
1360,3,1466,5,452,1072,1,-1,-1,-1
1361,3,1428,5,490,1072,1,-1,-1,-1
1362,3,1404,5,515,1072,1,-1,-1,-1
1363,3,1374,5,544,1072,1,-1,-1,-1
1364,3,1347,5,571,1072,1,-1,-1,-1
1365,3,1331,5,587,1072,1,-1,-1,-1
1366,3,1323,5,596,1072,1,-1,-1,-1
1367,3,1323,5,596,1072,1,-1,-1,-1
1368,3,1346,5,573,1072,1,-1,-1,-1
1369,3,1373,5,546,1072,1,-1,-1,-1
1370,3,1426,5,493,1072,1,-1,-1,-1
1371,3,1476,5,443,1072,1,-1,-1,-1
1372,3,1526,5,392,1072,1,-1,-1,-1
1373,3,1605,5,314,1072,1,-1,-1,-1
1374,3,1681,5,238,1072,1,-1,-1,-1
1375,3,1786,5,132,1072,1,-1,-1,-1
1409,3,1726,5,192,1072,1,-1,-1,-1
1410,3,1701,5,218,1072,1,-1,-1,-1
1411,3,1677,5,242,1072,1,-1,-1,-1
1412,3,1618,5,300,1072,1,-1,-1,-1
1413,3,1555,5,364,1072,1,-1,-1,-1
1414,3,1455,5,463,1072,1,-1,-1,-1
1415,3,1311,5,608,1072,1,-1,-1,-1
1416,3,1193,5,726,1072,1,-1,-1,-1
1417,3,1076,5,842,1072,1,-1,-1,-1
1418,3,948,5,856,1072,1,-1,-1,-1
1419,3,813,5,951,1072,1,-1,-1,-1
1420,3,706,5,855,1072,1,-1,-1,-1
1421,3,617,5,813,1072,1,-1,-1,-1
1422,3,559,5,763,1072,1,-1,-1,-1
1423,3,528,5,717,1072,1,-1,-1,-1
1424,3,474,5,672,1072,1,-1,-1,-1
1425,3,423,5,672,1072,1,-1,-1,-1
1426,3,375,5,660,1072,1,-1,-1,-1
1427,3,342,5,642,1072,1,-1,-1,-1
1428,3,318,5,611,1072,1,-1,-1,-1
1429,3,318,5,565,1072,1,-1,-1,-1
1430,3,309,21,528,1056,1,-1,-1,-1
1431,3,302,43,504,1034,1,-1,-1,-1
1432,3,302,66,488,1010,1,-1,-1,-1
1433,3,298,92,460,985,1,-1,-1,-1
1434,3,298,124,440,953,1,-1,-1,-1
1435,3,293,143,419,933,1,-1,-1,-1
1436,3,291,168,406,909,1,-1,-1,-1
1437,3,291,181,389,895,1,-1,-1,-1
1438,3,291,192,373,884,1,-1,-1,-1
1439,3,291,202,368,874,1,-1,-1,-1
1440,3,300,212,351,864,1,-1,-1,-1
1441,3,305,228,336,848,1,-1,-1,-1
1442,3,310,242,322,835,1,-1,-1,-1
1443,3,318,262,307,814,1,-1,-1,-1
1444,3,319,275,307,802,1,-1,-1,-1
1445,3,326,292,292,785,1,-1,-1,-1
1446,3,326,292,292,785,1,-1,-1,-1
1447,3,326,297,292,780,1,-1,-1,-1
1448,3,326,305,292,771,1,-1,-1,-1
1449,3,329,318,280,759,1,-1,-1,-1
1450,3,329,329,280,748,1,-1,-1,-1
1451,3,337,341,259,736,1,-1,-1,-1
1452,3,337,351,254,726,1,-1,-1,-1
1204,4,370,397,208,574,1,-1,-1,-1
1205,4,370,397,208,574,1,-1,-1,-1
1206,4,370,397,208,574,1,-1,-1,-1
1207,4,410,397,168,574,1,-1,-1,-1
1208,4,438,397,140,574,1,-1,-1,-1
1209,4,454,397,124,574,1,-1,-1,-1
1210,4,458,397,120,574,1,-1,-1,-1
1211,4,465,397,113,574,1,-1,-1,-1
1212,4,481,397,97,574,1,-1,-1,-1
1213,4,511,397,67,574,1,-1,-1,-1
1214,4,523,397,55,574,1,-1,-1,-1
1272,4,549,445,36,478,1,-1,-1,-1
1273,4,518,445,67,474,1,-1,-1,-1
1274,4,487,445,98,474,1,-1,-1,-1
1275,4,465,445,120,474,1,-1,-1,-1
1276,4,465,445,120,474,1,-1,-1,-1
1277,4,459,445,126,474,1,-1,-1,-1
1278,4,459,445,126,474,1,-1,-1,-1
1285,4,387,441,159,470,1,-1,-1,-1
1286,4,387,441,159,470,1,-1,-1,-1
1287,4,387,441,159,470,1,-1,-1,-1
1288,4,387,441,126,470,1,-1,-1,-1
1289,4,379,441,126,463,1,-1,-1,-1
1290,4,379,441,111,463,1,-1,-1,-1
1291,4,379,441,100,463,1,-1,-1,-1
1292,4,374,441,100,472,1,-1,-1,-1
1293,4,374,438,100,476,1,-1,-1,-1
