450,1,1706,2,206,1072,1,-1,-1,-1
451,1,1617,4,295,1070,1,-1,-1,-1
452,1,1617,4,295,1070,1,-1,-1,-1
453,1,1533,3,382,1071,1,-1,-1,-1
454,1,1404,3,511,1071,1,-1,-1,-1
455,1,1404,3,511,1071,1,-1,-1,-1
456,1,1325,3,557,1071,1,-1,-1,-1
457,1,1290,3,557,1071,1,-1,-1,-1
458,1,1290,3,557,1071,1,-1,-1,-1
459,1,1238,77,541,997,1,-1,-1,-1
460,1,1238,77,541,997,1,-1,-1,-1
461,1,1194,106,497,968,1,-1,-1,-1
462,1,1194,106,497,968,1,-1,-1,-1
463,1,1151,124,450,950,1,-1,-1,-1
464,1,1151,124,450,950,1,-1,-1,-1
465,1,1115,145,432,929,1,-1,-1,-1
466,1,1059,162,459,912,1,-1,-1,-1
467,1,1059,162,459,912,1,-1,-1,-1
468,1,1038,205,396,869,1,-1,-1,-1
469,1,1012,205,396,869,1,-1,-1,-1
470,1,1012,205,396,869,1,-1,-1,-1
471,1,965,205,396,869,1,-1,-1,-1
472,1,965,205,396,869,1,-1,-1,-1
473,1,959,243,379,831,1,-1,-1,-1
474,1,959,243,379,831,1,-1,-1,-1
475,1,959,243,379,831,1,-1,-1,-1
476,1,959,296,338,778,1,-1,-1,-1
477,1,959,296,338,778,1,-1,-1,-1
478,1,959,296,338,778,1,-1,-1,-1
479,1,959,296,338,778,1,-1,-1,-1
480,1,956,296,338,778,1,-1,-1,-1
481,1,956,296,338,778,1,-1,-1,-1
482,1,956,296,338,778,1,-1,-1,-1
483,1,956,334,271,740,1,-1,-1,-1
484,1,956,334,271,740,1,-1,-1,-1
485,1,956,334,271,740,1,-1,-1,-1
486,1,961,353,232,721,1,-1,-1,-1
487,1,961,353,232,721,1,-1,-1,-1
488,1,961,353,206,691,1,-1,-1,-1
489,1,961,353,206,691,1,-1,-1,-1
490,1,961,353,175,670,1,-1,-1,-1
491,1,961,353,175,670,1,-1,-1,-1
492,1,961,353,175,670,1,-1,-1,-1
493,1,961,353,175,670,1,-1,-1,-1
494,1,961,353,175,670,1,-1,-1,-1
495,1,961,399,175,624,1,-1,-1,-1
496,1,961,399,175,624,1,-1,-1,-1
497,1,961,399,175,624,1,-1,-1,-1
498,1,961,399,175,624,1,-1,-1,-1
499,1,961,399,157,552,1,-1,-1,-1
500,1,961,399,157,552,1,-1,-1,-1
501,1,961,399,157,552,1,-1,-1,-1
502,1,961,431,149,520,1,-1,-1,-1
503,1,961,431,149,520,1,-1,-1,-1
504,1,961,431,149,520,1,-1,-1,-1
505,1,961,431,115,520,1,-1,-1,-1
506,1,961,431,115,520,1,-1,-1,-1
507,1,961,431,115,520,1,-1,-1,-1
508,1,961,431,89,486,1,-1,-1,-1
509,1,961,431,89,486,1,-1,-1,-1
510,1,961,431,89,486,1,-1,-1,-1
511,1,961,431,89,486,1,-1,-1,-1
512,1,961,431,89,486,1,-1,-1,-1
784,1,1765,264,152,797,1,-1,-1,-1
785,1,1765,264,152,797,1,-1,-1,-1
786,1,1765,264,152,797,1,-1,-1,-1
787,1,1765,264,152,797,1,-1,-1,-1
788,1,1733,254,184,807,1,-1,-1,-1
789,1,1733,254,184,807,1,-1,-1,-1
790,1,1700,240,217,819,1,-1,-1,-1
791,1,1649,259,268,800,1,-1,-1,-1
792,1,1649,259,268,800,1,-1,-1,-1
793,1,1649,259,233,782,1,-1,-1,-1
794,1,1613,259,269,781,1,-1,-1,-1
795,1,1613,259,269,781,1,-1,-1,-1
796,1,1613,259,269,781,1,-1,-1,-1
797,1,1572,202,269,781,1,-1,-1,-1
798,1,1572,202,269,781,1,-1,-1,-1
799,1,1572,202,269,781,1,-1,-1,-1
800,1,1522,201,269,781,1,-1,-1,-1
801,1,1522,201,269,781,1,-1,-1,-1
802,1,1522,201,269,781,1,-1,-1,-1
803,1,1522,201,269,781,1,-1,-1,-1
804,1,1506,169,269,781,1,-1,-1,-1
805,1,1506,169,269,781,1,-1,-1,-1
806,1,1506,169,269,781,1,-1,-1,-1
807,1,1477,150,254,781,1,-1,-1,-1
808,1,1477,150,254,781,1,-1,-1,-1
809,1,1477,150,254,781,1,-1,-1,-1
810,1,1477,150,254,781,1,-1,-1,-1
811,1,1477,150,254,781,1,-1,-1,-1
812,1,1477,150,254,781,1,-1,-1,-1
813,1,1477,150,236,417,1,-1,-1,-1
814,1,1477,150,236,417,1,-1,-1,-1
815,1,1477,150,236,417,1,-1,-1,-1
816,1,1477,150,236,417,1,-1,-1,-1
817,1,1477,150,236,417,1,-1,-1,-1
818,1,1477,150,236,417,1,-1,-1,-1
819,1,1477,150,236,417,1,-1,-1,-1
820,1,1477,150,236,417,1,-1,-1,-1
821,1,1423,85,236,417,1,-1,-1,-1
822,1,1423,85,236,417,1,-1,-1,-1
823,1,1423,85,236,417,1,-1,-1,-1
824,1,1423,85,236,417,1,-1,-1,-1
825,1,1373,46,275,409,1,-1,-1,-1
826,1,1373,46,275,409,1,-1,-1,-1
827,1,1373,46,275,409,1,-1,-1,-1
828,1,1373,46,275,409,1,-1,-1,-1
829,1,1373,80,248,375,1,-1,-1,-1
830,1,1373,80,248,375,1,-1,-1,-1
831,1,1373,80,248,375,1,-1,-1,-1
832,1,1373,80,248,375,1,-1,-1,-1
833,1,1373,80,248,375,1,-1,-1,-1
834,1,1349,60,248,375,1,-1,-1,-1
835,1,1349,60,248,375,1,-1,-1,-1
836,1,1349,60,248,375,1,-1,-1,-1
837,1,1349,60,248,375,1,-1,-1,-1
838,1,1349,60,248,375,1,-1,-1,-1
839,1,1349,60,248,375,1,-1,-1,-1
840,1,1307,48,247,345,1,-1,-1,-1
841,1,1307,48,247,345,1,-1,-1,-1
842,1,1307,48,247,345,1,-1,-1,-1
843,1,1307,48,247,345,1,-1,-1,-1
844,1,1307,48,247,345,1,-1,-1,-1
845,1,1307,48,247,345,1,-1,-1,-1
846,1,1307,48,247,345,1,-1,-1,-1
847,1,1307,48,247,345,1,-1,-1,-1
848,1,1307,48,217,292,1,-1,-1,-1
849,1,1307,48,217,292,1,-1,-1,-1
850,1,1307,48,217,292,1,-1,-1,-1
851,1,1292,14,232,326,1,-1,-1,-1
852,1,1292,14,232,326,1,-1,-1,-1
853,1,1292,14,232,326,1,-1,-1,-1
854,1,1292,14,232,326,1,-1,-1,-1
855,1,1292,14,232,326,1,-1,-1,-1
856,1,1292,14,232,326,1,-1,-1,-1
857,1,1292,14,193,304,1,-1,-1,-1
858,1,1292,14,193,304,1,-1,-1,-1
859,1,1292,14,193,304,1,-1,-1,-1
860,1,1292,14,193,304,1,-1,-1,-1
861,1,1292,14,193,304,1,-1,-1,-1
862,1,1292,14,193,304,1,-1,-1,-1
863,1,1272,14,196,262,1,-1,-1,-1
864,1,1272,14,196,262,1,-1,-1,-1
865,1,1272,14,196,262,1,-1,-1,-1
866,1,1272,14,196,262,1,-1,-1,-1
867,1,1272,14,196,262,1,-1,-1,-1
868,1,1272,14,196,262,1,-1,-1,-1
869,1,1254,6,196,262,1,-1,-1,-1
870,1,1254,6,196,262,1,-1,-1,-1
871,1,1254,6,196,262,1,-1,-1,-1
872,1,1254,6,196,262,1,-1,-1,-1
873,1,1254,6,196,262,1,-1,-1,-1
874,1,1254,6,196,262,1,-1,-1,-1
875,1,1254,6,159,243,1,-1,-1,-1
876,1,1254,6,159,243,1,-1,-1,-1
877,1,1254,6,159,243,1,-1,-1,-1
878,1,1230,2,159,243,1,-1,-1,-1
879,1,1230,2,159,243,1,-1,-1,-1
880,1,1230,2,159,243,1,-1,-1,-1
881,1,1230,2,159,243,1,-1,-1,-1
882,1,1230,2,159,243,1,-1,-1,-1
883,1,1230,2,159,243,1,-1,-1,-1
884,1,1230,2,140,211,1,-1,-1,-1
885,1,1230,2,140,211,1,-1,-1,-1
886,1,1230,2,140,211,1,-1,-1,-1
887,1,1230,2,140,211,1,-1,-1,-1
888,1,1230,2,140,211,1,-1,-1,-1
889,1,1230,2,140,211,1,-1,-1,-1
890,1,1230,2,113,187,1,-1,-1,-1
891,1,1230,2,113,187,1,-1,-1,-1
892,1,1230,2,113,187,1,-1,-1,-1
893,1,1230,2,113,187,1,-1,-1,-1
894,1,1230,2,113,187,1,-1,-1,-1
895,1,1230,2,113,187,1,-1,-1,-1
896,1,1230,2,113,187,1,-1,-1,-1
903,1,1148,1,89,166,1,-1,-1,-1
904,1,1148,1,89,166,1,-1,-1,-1
905,1,1148,1,122,170,1,-1,-1,-1
906,1,1148,1,122,170,1,-1,-1,-1
907,1,1148,1,122,170,1,-1,-1,-1
908,1,1148,1,122,170,1,-1,-1,-1
909,1,1129,0,122,170,1,-1,-1,-1
910,1,1129,0,122,170,1,-1,-1,-1
911,1,1129,0,122,170,1,-1,-1,-1
912,1,1129,0,122,170,1,-1,-1,-1
913,1,1097,0,154,147,1,-1,-1,-1
914,1,1097,0,154,147,1,-1,-1,-1
915,1,1097,0,154,147,1,-1,-1,-1
916,1,1097,0,154,147,1,-1,-1,-1
917,1,1097,0,154,147,1,-1,-1,-1
918,1,1097,0,129,138,1,-1,-1,-1
919,1,1097,0,129,138,1,-1,-1,-1
920,1,1097,0,129,138,1,-1,-1,-1
921,1,1097,0,129,138,1,-1,-1,-1
922,1,1095,0,129,138,1,-1,-1,-1
923,1,1095,0,129,138,1,-1,-1,-1
924,1,1095,0,129,138,1,-1,-1,-1
925,1,1095,0,129,138,1,-1,-1,-1
926,1,1073,0,123,111,1,-1,-1,-1
927,1,1073,0,123,111,1,-1,-1,-1
928,1,1073,0,123,111,1,-1,-1,-1
929,1,1073,0,123,111,1,-1,-1,-1
930,1,1073,0,123,111,1,-1,-1,-1
931,1,1073,0,123,111,1,-1,-1,-1
932,1,1073,0,123,111,1,-1,-1,-1
1066,1,1064,3,78,97,1,-1,-1,-1
1067,1,1064,3,91,100,1,-1,-1,-1
1068,1,1064,3,91,100,1,-1,-1,-1
1069,1,1064,3,91,100,1,-1,-1,-1
1070,1,1064,3,91,100,1,-1,-1,-1
1071,1,1064,3,91,100,1,-1,-1,-1
1072,1,1064,3,91,100,1,-1,-1,-1
1073,1,1064,3,91,100,1,-1,-1,-1
1074,1,1064,3,91,100,1,-1,-1,-1
1075,1,1064,3,118,111,1,-1,-1,-1
1076,1,1064,3,118,111,1,-1,-1,-1
1077,1,1064,3,118,111,1,-1,-1,-1
1078,1,1064,3,118,111,1,-1,-1,-1
1079,1,1064,3,118,111,1,-1,-1,-1
1080,1,1064,3,118,111,1,-1,-1,-1
1081,1,1064,3,118,111,1,-1,-1,-1
1082,1,1085,3,97,114,1,-1,-1,-1
1083,1,1085,3,97,114,1,-1,-1,-1
1084,1,1085,3,97,114,1,-1,-1,-1
1085,1,1085,3,114,115,1,-1,-1,-1
1086,1,1085,3,114,115,1,-1,-1,-1
1087,1,1085,3,114,115,1,-1,-1,-1
1088,1,1085,3,114,115,1,-1,-1,-1
1089,1,1085,3,114,115,1,-1,-1,-1
1090,1,1062,3,137,110,1,-1,-1,-1
1091,1,1062,3,137,110,1,-1,-1,-1
1092,1,1062,3,137,110,1,-1,-1,-1
1093,1,1062,3,137,110,1,-1,-1,-1
1094,1,1062,3,137,110,1,-1,-1,-1
1095,1,1062,3,137,110,1,-1,-1,-1
1096,1,1062,3,137,110,1,-1,-1,-1
1097,1,1062,3,193,138,1,-1,-1,-1
1098,1,1062,3,193,138,1,-1,-1,-1
1099,1,1062,3,193,138,1,-1,-1,-1
1100,1,1062,3,193,138,1,-1,-1,-1
1101,1,1085,3,170,142,1,-1,-1,-1
1102,1,1085,3,170,142,1,-1,-1,-1
1103,1,1085,3,170,142,1,-1,-1,-1
1104,1,1085,3,170,142,1,-1,-1,-1
1105,1,1085,3,170,142,1,-1,-1,-1
1106,1,1085,3,170,142,1,-1,-1,-1
1107,1,1085,3,170,142,1,-1,-1,-1
1108,1,1085,3,170,142,1,-1,-1,-1
1109,1,1085,3,170,142,1,-1,-1,-1
1110,1,1085,3,170,142,1,-1,-1,-1
1111,1,1085,3,170,142,1,-1,-1,-1
1112,1,1085,3,170,142,1,-1,-1,-1
1113,1,1085,3,170,142,1,-1,-1,-1
1114,1,1097,3,158,156,1,-1,-1,-1
1115,1,1097,3,158,156,1,-1,-1,-1
1116,1,1097,3,158,156,1,-1,-1,-1
1117,1,1097,3,158,156,1,-1,-1,-1
1118,1,1097,3,158,156,1,-1,-1,-1
1119,1,1097,3,158,156,1,-1,-1,-1
1120,1,1127,2,158,156,1,-1,-1,-1
1121,1,1127,2,158,156,1,-1,-1,-1
1122,1,1127,2,158,156,1,-1,-1,-1
1123,1,1127,2,158,156,1,-1,-1,-1
1124,1,1127,2,158,156,1,-1,-1,-1
1125,1,1127,2,158,156,1,-1,-1,-1
1126,1,1127,2,168,191,1,-1,-1,-1
1127,1,1127,2,168,191,1,-1,-1,-1
1128,1,1127,2,168,191,1,-1,-1,-1
1129,1,1127,2,168,191,1,-1,-1,-1
1130,1,1127,2,168,191,1,-1,-1,-1
1131,1,1127,2,168,191,1,-1,-1,-1
1132,1,1127,2,168,191,1,-1,-1,-1
1133,1,1127,2,168,191,1,-1,-1,-1
1134,1,1127,2,168,191,1,-1,-1,-1
1135,1,1127,2,168,191,1,-1,-1,-1
1136,1,1127,2,168,191,1,-1,-1,-1
1137,1,1127,2,168,191,1,-1,-1,-1
1138,1,1127,2,168,191,1,-1,-1,-1
1139,1,1127,2,168,191,1,-1,-1,-1
1140,1,1154,2,141,199,1,-1,-1,-1
1141,1,1154,2,141,199,1,-1,-1,-1
1142,1,1154,2,156,211,1,-1,-1,-1
1143,1,1154,2,156,211,1,-1,-1,-1
1144,1,1154,2,174,226,1,-1,-1,-1
1145,1,1154,2,174,226,1,-1,-1,-1
1146,1,1154,2,174,226,1,-1,-1,-1
1147,1,1154,2,193,241,1,-1,-1,-1
1148,1,1154,2,193,241,1,-1,-1,-1
1149,1,1154,2,193,241,1,-1,-1,-1
1150,1,1154,2,193,241,1,-1,-1,-1
1151,1,1154,2,193,241,1,-1,-1,-1
1152,1,1154,2,193,241,1,-1,-1,-1
1153,1,1154,2,193,241,1,-1,-1,-1
1154,1,1154,2,193,241,1,-1,-1,-1
1155,1,1154,2,218,258,1,-1,-1,-1
1156,1,1154,2,218,258,1,-1,-1,-1
1157,1,1154,2,218,258,1,-1,-1,-1
1158,1,1188,2,218,258,1,-1,-1,-1
1159,1,1188,2,218,258,1,-1,-1,-1
1160,1,1188,2,218,258,1,-1,-1,-1
1161,1,1188,2,218,258,1,-1,-1,-1
1162,1,1188,2,218,258,1,-1,-1,-1
1163,1,1188,2,218,258,1,-1,-1,-1
1164,1,1188,2,218,258,1,-1,-1,-1
1165,1,1188,2,218,258,1,-1,-1,-1
1166,1,1188,2,229,287,1,-1,-1,-1
1167,1,1188,2,229,287,1,-1,-1,-1
1168,1,1188,2,229,287,1,-1,-1,-1
1169,1,1188,2,229,287,1,-1,-1,-1
1170,1,1188,2,229,287,1,-1,-1,-1
1171,1,1188,2,229,287,1,-1,-1,-1
1172,1,1188,2,229,287,1,-1,-1,-1
1173,1,1188,2,229,287,1,-1,-1,-1
1174,1,1229,10,201,317,1,-1,-1,-1
1175,1,1229,10,201,317,1,-1,-1,-1
1176,1,1247,16,201,317,1,-1,-1,-1
1177,1,1247,16,201,317,1,-1,-1,-1
1178,1,1257,20,234,353,1,-1,-1,-1
1179,1,1257,20,234,353,1,-1,-1,-1
1180,1,1257,20,234,353,1,-1,-1,-1
1181,1,1270,17,249,382,1,-1,-1,-1
1182,1,1270,17,249,382,1,-1,-1,-1
1183,1,1270,17,249,382,1,-1,-1,-1
1184,1,1270,17,249,382,1,-1,-1,-1
1185,1,1270,17,249,382,1,-1,-1,-1
1186,1,1270,17,249,382,1,-1,-1,-1
1187,1,1287,39,232,360,1,-1,-1,-1
1188,1,1287,39,232,360,1,-1,-1,-1
1189,1,1287,39,232,360,1,-1,-1,-1
1190,1,1287,39,232,360,1,-1,-1,-1
1191,1,1317,48,232,360,1,-1,-1,-1
1192,1,1317,48,232,360,1,-1,-1,-1
1193,1,1317,48,232,360,1,-1,-1,-1
1194,1,1317,48,232,360,1,-1,-1,-1
1195,1,1358,77,232,360,1,-1,-1,-1
1196,1,1358,77,232,360,1,-1,-1,-1
1197,1,1358,77,232,360,1,-1,-1,-1
1198,1,1358,77,232,360,1,-1,-1,-1
1199,1,1374,73,243,398,1,-1,-1,-1
1200,1,1374,73,243,398,1,-1,-1,-1
1201,1,1374,73,243,398,1,-1,-1,-1
1202,1,1374,73,243,398,1,-1,-1,-1
1203,1,1433,73,184,392,1,-1,-1,-1
1204,1,1433,73,184,392,1,-1,-1,-1
1205,1,1433,73,150,137,1,-1,-1,-1
1206,1,1433,73,150,137,1,-1,-1,-1
1207,1,1433,73,150,137,1,-1,-1,-1
1208,1,1403,73,180,300,1,-1,-1,-1
1209,1,1403,73,180,300,1,-1,-1,-1
1210,1,1403,117,219,317,1,-1,-1,-1
1211,1,1403,117,219,317,1,-1,-1,-1
1212,1,1403,117,219,317,1,-1,-1,-1
1213,1,1437,143,263,449,1,-1,-1,-1
1214,1,1437,143,263,449,1,-1,-1,-1
1215,1,1437,143,263,449,1,-1,-1,-1
1216,1,1437,143,263,449,1,-1,-1,-1
1217,1,1437,143,265,706,1,-1,-1,-1
1218,1,1437,143,265,706,1,-1,-1,-1
1219,1,1437,143,265,706,1,-1,-1,-1
1220,1,1437,143,265,706,1,-1,-1,-1
1221,1,1437,143,265,706,1,-1,-1,-1
1222,1,1437,143,316,782,1,-1,-1,-1
1223,1,1437,143,316,782,1,-1,-1,-1
1224,1,1437,143,316,782,1,-1,-1,-1
1225,1,1437,143,316,782,1,-1,-1,-1
1226,1,1437,143,316,782,1,-1,-1,-1
1227,1,1437,143,316,782,1,-1,-1,-1
1228,1,1466,165,316,782,1,-1,-1,-1
1229,1,1466,165,316,782,1,-1,-1,-1
1230,1,1496,186,316,782,1,-1,-1,-1
1231,1,1496,186,316,782,1,-1,-1,-1
1232,1,1521,206,316,782,1,-1,-1,-1
1233,1,1521,206,316,782,1,-1,-1,-1
1234,1,1578,206,259,800,1,-1,-1,-1
1235,1,1578,206,259,800,1,-1,-1,-1
1236,1,1578,206,259,800,1,-1,-1,-1
1237,1,1578,206,259,800,1,-1,-1,-1
1238,1,1609,247,259,800,1,-1,-1,-1
1239,1,1609,247,259,800,1,-1,-1,-1
1240,1,1609,247,259,800,1,-1,-1,-1
1241,1,1645,253,259,800,1,-1,-1,-1
1242,1,1645,253,259,800,1,-1,-1,-1
1243,1,1645,253,259,800,1,-1,-1,-1
1244,1,1673,253,231,799,1,-1,-1,-1
1245,1,1673,253,231,799,1,-1,-1,-1
1246,1,1687,253,231,799,1,-1,-1,-1
1247,1,1687,253,231,799,1,-1,-1,-1
1248,1,1751,253,167,799,1,-1,-1,-1
1249,1,1751,253,167,799,1,-1,-1,-1
1250,1,1751,253,167,799,1,-1,-1,-1
327,2,1808,248,108,822,1,-1,-1,-1
328,2,1760,248,155,819,1,-1,-1,-1
329,2,1761,248,155,819,1,-1,-1,-1
330,2,1668,248,248,822,1,-1,-1,-1
331,2,1668,248,248,822,1,-1,-1,-1
332,2,1668,248,248,822,1,-1,-1,-1
333,2,1668,248,248,822,1,-1,-1,-1
334,2,1668,248,248,822,1,-1,-1,-1
335,2,1668,248,248,822,1,-1,-1,-1
336,2,1668,248,248,822,1,-1,-1,-1
337,2,1630,276,239,760,1,-1,-1,-1
338,2,1610,254,259,782,1,-1,-1,-1
339,2,1610,254,259,782,1,-1,-1,-1
340,2,1570,242,259,782,1,-1,-1,-1
341,2,1570,242,259,782,1,-1,-1,-1
342,2,1570,242,259,782,1,-1,-1,-1
343,2,1570,242,212,768,1,-1,-1,-1
344,2,1561,237,212,768,1,-1,-1,-1
345,2,1531,225,212,768,1,-1,-1,-1
346,2,1515,209,228,784,1,-1,-1,-1
347,2,1502,194,241,799,1,-1,-1,-1
348,2,1482,146,241,799,1,-1,-1,-1
349,2,1482,178,250,767,1,-1,-1,-1
350,2,1458,175,274,770,1,-1,-1,-1
351,2,1458,175,274,770,1,-1,-1,-1
352,2,1458,175,274,770,1,-1,-1,-1
353,2,1445,166,274,770,1,-1,-1,-1
354,2,1445,166,274,770,1,-1,-1,-1
355,2,1445,166,274,770,1,-1,-1,-1
356,2,1445,166,229,415,1,-1,-1,-1
357,2,1445,166,229,415,1,-1,-1,-1
358,2,1424,150,229,415,1,-1,-1,-1
359,2,1424,150,229,415,1,-1,-1,-1
360,2,1424,150,229,415,1,-1,-1,-1
361,2,1404,128,229,415,1,-1,-1,-1
362,2,1404,128,229,415,1,-1,-1,-1
363,2,1404,128,229,415,1,-1,-1,-1
364,2,1383,86,229,415,1,-1,-1,-1
365,2,1383,86,229,415,1,-1,-1,-1
366,2,1383,86,229,415,1,-1,-1,-1
367,2,1360,65,229,415,1,-1,-1,-1
368,2,1360,65,229,415,1,-1,-1,-1
369,2,1360,65,229,415,1,-1,-1,-1
370,2,1360,65,229,415,1,-1,-1,-1
371,2,1360,65,229,415,1,-1,-1,-1
372,2,1360,65,229,415,1,-1,-1,-1
373,2,1360,65,229,415,1,-1,-1,-1
374,2,1360,65,229,415,1,-1,-1,-1
375,2,1360,93,220,387,1,-1,-1,-1
376,2,1360,93,220,387,1,-1,-1,-1
377,2,1360,93,220,387,1,-1,-1,-1
378,2,1360,93,220,387,1,-1,-1,-1
379,2,1360,93,220,387,1,-1,-1,-1
380,2,1341,81,220,387,1,-1,-1,-1
381,2,1341,81,220,387,1,-1,-1,-1
382,2,1324,47,220,387,1,-1,-1,-1
383,2,1324,47,220,387,1,-1,-1,-1
384,2,1324,47,220,387,1,-1,-1,-1
385,2,1280,65,246,330,1,-1,-1,-1
386,2,1280,65,246,330,1,-1,-1,-1
387,2,1280,65,246,330,1,-1,-1,-1
388,2,1280,65,246,330,1,-1,-1,-1
389,2,1280,65,246,330,1,-1,-1,-1
390,2,1280,65,246,330,1,-1,-1,-1
391,2,1280,65,246,330,1,-1,-1,-1
392,2,1280,65,246,330,1,-1,-1,-1
393,2,1267,52,213,296,1,-1,-1,-1
394,2,1267,52,213,296,1,-1,-1,-1
395,2,1267,52,213,296,1,-1,-1,-1
396,2,1235,27,213,296,1,-1,-1,-1
397,2,1235,27,213,296,1,-1,-1,-1
398,2,1235,27,213,296,1,-1,-1,-1
399,2,1235,27,213,296,1,-1,-1,-1
400,2,1235,27,190,269,1,-1,-1,-1
401,2,1219,18,190,269,1,-1,-1,-1
402,2,1219,18,190,269,1,-1,-1,-1
403,2,1219,18,190,269,1,-1,-1,-1
404,2,1219,18,190,269,1,-1,-1,-1
405,2,1219,18,190,269,1,-1,-1,-1
406,2,1219,18,190,269,1,-1,-1,-1
407,2,1219,18,190,269,1,-1,-1,-1
408,2,1219,18,190,269,1,-1,-1,-1
409,2,1219,18,190,269,1,-1,-1,-1
410,2,1219,18,190,269,1,-1,-1,-1
411,2,1197,0,190,269,1,-1,-1,-1
412,2,1194,2,190,269,1,-1,-1,-1
413,2,1194,14,159,228,1,-1,-1,-1
414,2,1194,14,159,228,1,-1,-1,-1
415,2,1194,14,159,228,1,-1,-1,-1
416,2,1182,1,159,228,1,-1,-1,-1
417,2,1166,1,175,214,1,-1,-1,-1
418,2,1166,1,175,214,1,-1,-1,-1
419,2,1166,1,175,214,1,-1,-1,-1
420,2,1166,1,175,214,1,-1,-1,-1
421,2,1166,1,175,214,1,-1,-1,-1
422,2,1166,1,175,214,1,-1,-1,-1
423,2,1166,1,175,214,1,-1,-1,-1
424,2,1166,1,175,214,1,-1,-1,-1
425,2,1166,1,175,214,1,-1,-1,-1
426,2,1166,1,175,214,1,-1,-1,-1
427,2,1166,1,175,214,1,-1,-1,-1
428,2,1166,1,175,214,1,-1,-1,-1
429,2,1160,1,144,192,1,-1,-1,-1
430,2,1160,1,144,192,1,-1,-1,-1
431,2,1160,1,144,192,1,-1,-1,-1
432,2,1160,1,144,192,1,-1,-1,-1
433,2,1136,1,168,186,1,-1,-1,-1
434,2,1136,1,168,186,1,-1,-1,-1
435,2,1136,1,168,186,1,-1,-1,-1
436,2,1136,1,168,186,1,-1,-1,-1
437,2,1136,1,168,186,1,-1,-1,-1
438,2,1136,1,168,186,1,-1,-1,-1
439,2,1136,1,168,186,1,-1,-1,-1
440,2,1136,1,168,186,1,-1,-1,-1
441,2,1136,1,168,186,1,-1,-1,-1
442,2,1136,1,168,186,1,-1,-1,-1
443,2,1120,1,155,182,1,-1,-1,-1
444,2,1120,1,155,182,1,-1,-1,-1
445,2,1120,1,155,182,1,-1,-1,-1
446,2,1120,1,155,182,1,-1,-1,-1
447,2,1120,1,155,182,1,-1,-1,-1
448,2,1120,1,155,182,1,-1,-1,-1
449,2,1120,1,134,153,1,-1,-1,-1
450,2,1120,1,134,153,1,-1,-1,-1
451,2,1120,1,134,153,1,-1,-1,-1
452,2,1100,1,134,153,1,-1,-1,-1
453,2,1100,1,134,153,1,-1,-1,-1
454,2,1100,1,134,153,1,-1,-1,-1
455,2,1100,1,134,153,1,-1,-1,-1
456,2,1100,1,134,153,1,-1,-1,-1
457,2,1100,1,134,153,1,-1,-1,-1
458,2,1100,1,134,153,1,-1,-1,-1
459,2,1100,1,134,153,1,-1,-1,-1
460,2,1100,1,134,153,1,-1,-1,-1
461,2,1100,1,134,153,1,-1,-1,-1
462,2,1100,1,111,129,1,-1,-1,-1
463,2,1100,1,111,129,1,-1,-1,-1
464,2,1100,1,111,129,1,-1,-1,-1
465,2,1100,1,111,129,1,-1,-1,-1
466,2,1075,1,136,119,1,-1,-1,-1
467,2,1075,1,136,119,1,-1,-1,-1
468,2,1075,1,136,119,1,-1,-1,-1
469,2,1075,1,136,119,1,-1,-1,-1
470,2,1055,1,136,119,1,-1,-1,-1
471,2,1055,1,136,119,1,-1,-1,-1
472,2,1055,1,136,119,1,-1,-1,-1
473,2,1055,1,136,119,1,-1,-1,-1
474,2,1055,1,136,119,1,-1,-1,-1
475,2,1055,1,136,119,1,-1,-1,-1
476,2,1055,1,136,119,1,-1,-1,-1
477,2,1055,1,136,119,1,-1,-1,-1
478,2,1055,1,136,119,1,-1,-1,-1
479,2,1075,1,128,119,1,-1,-1,-1
480,2,1075,1,128,119,1,-1,-1,-1
481,2,1075,1,128,119,1,-1,-1,-1
482,2,1075,1,128,119,1,-1,-1,-1
483,2,1075,1,128,119,1,-1,-1,-1
484,2,1096,1,128,119,1,-1,-1,-1
485,2,1096,1,128,119,1,-1,-1,-1
486,2,1096,1,128,119,1,-1,-1,-1
487,2,1096,1,128,119,1,-1,-1,-1
488,2,1096,1,128,119,1,-1,-1,-1
489,2,1117,1,107,128,1,-1,-1,-1
490,2,1117,1,107,128,1,-1,-1,-1
491,2,1117,1,107,128,1,-1,-1,-1
492,2,1117,1,107,128,1,-1,-1,-1
493,2,1117,1,107,128,1,-1,-1,-1
494,2,1161,1,63,130,1,-1,-1,-1
495,2,1161,1,63,130,1,-1,-1,-1
496,2,1161,1,63,130,1,-1,-1,-1
544,2,1172,0,39,154,1,-1,-1,-1
545,2,1172,0,39,154,1,-1,-1,-1
546,2,1154,0,57,157,1,-1,-1,-1
547,2,1154,0,57,157,1,-1,-1,-1
548,2,1137,0,74,150,1,-1,-1,-1
549,2,1137,0,74,150,1,-1,-1,-1
550,2,1115,0,96,141,1,-1,-1,-1
551,2,1115,0,96,141,1,-1,-1,-1
552,2,1115,0,73,132,1,-1,-1,-1
553,2,1111,0,77,119,1,-1,-1,-1
554,2,1091,0,77,119,1,-1,-1,-1
555,2,1091,0,77,119,1,-1,-1,-1
556,2,1091,0,77,119,1,-1,-1,-1
557,2,1091,0,77,119,1,-1,-1,-1
558,2,1091,0,77,119,1,-1,-1,-1
559,2,1091,0,77,119,1,-1,-1,-1
560,2,1091,0,77,119,1,-1,-1,-1
561,2,1091,15,67,84,1,-1,-1,-1
562,2,1091,15,67,84,1,-1,-1,-1
563,2,1091,15,67,84,1,-1,-1,-1
564,2,1091,15,67,84,1,-1,-1,-1
565,2,1091,15,67,84,1,-1,-1,-1
566,2,1091,15,67,84,1,-1,-1,-1
567,2,1091,15,67,84,1,-1,-1,-1
568,2,1091,15,67,84,1,-1,-1,-1
569,2,1091,15,67,84,1,-1,-1,-1
570,2,1091,15,67,84,1,-1,-1,-1
571,2,1091,15,67,84,1,-1,-1,-1
572,2,1091,15,67,84,1,-1,-1,-1
573,2,1091,15,67,84,1,-1,-1,-1
574,2,1091,15,67,84,1,-1,-1,-1
863,2,1050,1,120,111,1,-1,-1,-1
864,2,1050,1,120,111,1,-1,-1,-1
865,2,1050,1,120,111,1,-1,-1,-1
866,2,1050,1,120,111,1,-1,-1,-1
867,2,1064,2,120,111,1,-1,-1,-1
868,2,1064,2,120,111,1,-1,-1,-1
869,2,1064,2,120,111,1,-1,-1,-1
870,2,1075,2,120,111,1,-1,-1,-1
871,2,1075,2,120,111,1,-1,-1,-1
872,2,1075,2,120,111,1,-1,-1,-1
873,2,1075,2,120,111,1,-1,-1,-1
874,2,1075,2,120,111,1,-1,-1,-1
875,2,1075,2,120,111,1,-1,-1,-1
876,2,1075,2,120,111,1,-1,-1,-1
877,2,1075,2,120,111,1,-1,-1,-1
878,2,1075,2,120,111,1,-1,-1,-1
879,2,1075,2,120,111,1,-1,-1,-1
880,2,1075,2,141,127,1,-1,-1,-1
881,2,1075,2,141,127,1,-1,-1,-1
882,2,1075,2,141,127,1,-1,-1,-1
883,2,1075,2,141,127,1,-1,-1,-1
884,2,1075,2,141,127,1,-1,-1,-1
885,2,1090,2,126,125,1,-1,-1,-1
886,2,1090,2,126,125,1,-1,-1,-1
887,2,1090,2,126,125,1,-1,-1,-1
888,2,1090,2,126,125,1,-1,-1,-1
889,2,1119,2,114,148,1,-1,-1,-1
890,2,1119,2,114,148,1,-1,-1,-1
891,2,1119,2,114,148,1,-1,-1,-1
892,2,1119,2,114,148,1,-1,-1,-1
893,2,1119,2,123,164,1,-1,-1,-1
894,2,1119,2,123,164,1,-1,-1,-1
895,2,1140,2,123,164,1,-1,-1,-1
896,2,1140,2,123,164,1,-1,-1,-1
897,2,1140,2,150,181,1,-1,-1,-1
898,2,1167,2,135,221,1,-1,-1,-1
899,2,1167,2,135,221,1,-1,-1,-1
900,2,1167,2,165,238,1,-1,-1,-1
901,2,1167,2,165,238,1,-1,-1,-1
902,2,1185,2,175,265,1,-1,-1,-1
903,2,1185,2,175,265,1,-1,-1,-1
904,2,1185,2,175,265,1,-1,-1,-1
905,2,1185,2,175,265,1,-1,-1,-1
906,2,1228,2,170,323,1,-1,-1,-1
907,2,1228,2,170,323,1,-1,-1,-1
908,2,1228,2,170,323,1,-1,-1,-1
909,2,1270,15,170,323,1,-1,-1,-1
910,2,1270,15,170,323,1,-1,-1,-1
911,2,1279,32,207,364,1,-1,-1,-1
912,2,1279,32,207,364,1,-1,-1,-1
913,2,1279,32,207,364,1,-1,-1,-1
914,2,1305,39,207,364,1,-1,-1,-1
915,2,1305,39,207,364,1,-1,-1,-1
916,2,1328,58,221,399,1,-1,-1,-1
917,2,1328,58,221,399,1,-1,-1,-1
918,2,1328,58,221,399,1,-1,-1,-1
919,2,1351,69,240,426,1,-1,-1,-1
920,2,1351,69,240,426,1,-1,-1,-1
921,2,1370,84,240,426,1,-1,-1,-1
922,2,1370,84,240,426,1,-1,-1,-1
923,2,1370,84,240,426,1,-1,-1,-1
924,2,1370,84,240,426,1,-1,-1,-1
925,2,1409,116,240,426,1,-1,-1,-1
926,2,1409,116,240,426,1,-1,-1,-1
927,2,1409,116,240,426,1,-1,-1,-1
928,2,1450,139,240,426,1,-1,-1,-1
929,2,1450,139,240,426,1,-1,-1,-1
930,2,1450,139,289,725,1,-1,-1,-1
931,2,1450,139,289,725,1,-1,-1,-1
932,2,1486,176,311,779,1,-1,-1,-1
933,2,1486,176,311,779,1,-1,-1,-1
934,2,1486,176,347,829,1,-1,-1,-1
935,2,1486,176,347,829,1,-1,-1,-1
936,2,1486,176,347,829,1,-1,-1,-1
937,2,1486,176,347,829,1,-1,-1,-1
938,2,1486,176,347,829,1,-1,-1,-1
939,2,1632,176,201,829,1,-1,-1,-1
940,2,1656,191,201,829,1,-1,-1,-1
941,2,1656,191,231,829,1,-1,-1,-1
942,2,1688,191,231,829,1,-1,-1,-1
943,2,1688,191,231,829,1,-1,-1,-1
944,2,1688,191,231,829,1,-1,-1,-1
945,2,1791,191,128,829,1,-1,-1,-1
946,2,1791,191,128,829,1,-1,-1,-1
1152,2,962,462,77,384,1,-1,-1,-1
1153,2,962,462,77,384,1,-1,-1,-1
1154,2,962,462,77,384,1,-1,-1,-1
1155,2,962,462,77,384,1,-1,-1,-1
1156,2,962,452,88,394,1,-1,-1,-1
1157,2,962,452,88,394,1,-1,-1,-1
1158,2,962,416,120,489,1,-1,-1,-1
1159,2,962,416,120,489,1,-1,-1,-1
1160,2,962,439,126,466,1,-1,-1,-1
1161,2,962,439,126,466,1,-1,-1,-1
1162,2,962,428,151,477,1,-1,-1,-1
1163,2,962,428,151,477,1,-1,-1,-1
1164,2,962,428,151,477,1,-1,-1,-1
1165,2,962,408,191,525,1,-1,-1,-1
1166,2,962,408,195,537,1,-1,-1,-1
1167,2,962,408,191,525,1,-1,-1,-1
1167,2,962,408,195,537,1,-1,-1,-1
1168,2,962,408,191,525,1,-1,-1,-1
1168,2,962,408,195,537,1,-1,-1,-1
1169,2,962,408,191,525,1,-1,-1,-1
1169,2,962,408,195,537,1,-1,-1,-1
1170,2,962,408,195,537,1,-1,-1,-1
1171,2,962,390,204,577,1,-1,-1,-1
1172,2,962,390,204,577,1,-1,-1,-1
1173,2,962,390,204,577,1,-1,-1,-1
1174,2,962,390,204,577,1,-1,-1,-1
1175,2,962,390,226,609,1,-1,-1,-1
1176,2,962,390,226,609,1,-1,-1,-1
1177,2,962,372,258,627,1,-1,-1,-1
1178,2,962,372,258,627,1,-1,-1,-1
1179,2,983,372,237,627,1,-1,-1,-1
1180,2,965,338,294,694,1,-1,-1,-1
1181,2,965,338,294,694,1,-1,-1,-1
1182,2,965,338,294,725,1,-1,-1,-1
1183,2,965,338,294,725,1,-1,-1,-1
1184,2,965,338,294,725,1,-1,-1,-1
1185,2,965,317,327,746,1,-1,-1,-1
1186,2,965,317,327,746,1,-1,-1,-1
1187,2,995,317,297,746,1,-1,-1,-1
1188,2,995,317,297,746,1,-1,-1,-1
1189,2,995,318,316,745,1,-1,-1,-1
1190,2,995,318,316,745,1,-1,-1,-1
1191,2,1053,286,297,777,1,-1,-1,-1
1192,2,1053,286,297,777,1,-1,-1,-1
1193,2,1053,266,329,797,1,-1,-1,-1
1194,2,1053,266,329,797,1,-1,-1,-1
1195,2,1053,249,407,814,1,-1,-1,-1
1196,2,1053,249,407,814,1,-1,-1,-1
1197,2,1053,233,447,830,1,-1,-1,-1
1198,2,1053,233,447,830,1,-1,-1,-1
1199,2,1121,198,379,865,1,-1,-1,-1
1200,2,1121,198,379,865,1,-1,-1,-1
1201,2,1205,174,337,889,1,-1,-1,-1
1202,2,1205,174,337,889,1,-1,-1,-1
1203,2,1239,186,337,889,1,-1,-1,-1
1204,2,1288,186,337,889,1,-1,-1,-1
1205,2,1288,179,409,896,1,-1,-1,-1
1206,2,1288,179,409,896,1,-1,-1,-1
1207,2,1413,184,347,891,1,-1,-1,-1
1208,2,1413,138,389,937,1,-1,-1,-1
1209,2,1413,138,389,937,1,-1,-1,-1
1210,2,1527,141,279,937,1,-1,-1,-1
1211,2,1572,123,315,955,1,-1,-1,-1
1212,2,1572,123,315,955,1,-1,-1,-1
1213,2,1616,96,300,982,1,-1,-1,-1
1214,2,1700,96,216,982,1,-1,-1,-1
1215,2,1700,96,216,982,1,-1,-1,-1
1216,2,1763,96,153,982,1,-1,-1,-1
1217,2,1763,96,153,982,1,-1,-1,-1
1218,2,1763,96,153,982,1,-1,-1,-1
570,3,964,478,32,424,1,-1,-1,-1
571,3,964,477,51,425,1,-1,-1,-1
572,3,964,477,51,425,1,-1,-1,-1
573,3,964,470,69,432,1,-1,-1,-1
574,3,964,470,69,432,1,-1,-1,-1
575,3,964,459,84,443,1,-1,-1,-1
576,3,964,459,84,443,1,-1,-1,-1
577,3,964,452,105,450,1,-1,-1,-1
578,3,964,452,105,450,1,-1,-1,-1
579,3,964,452,105,450,1,-1,-1,-1
580,3,964,452,105,450,1,-1,-1,-1
581,3,964,452,117,470,1,-1,-1,-1
582,3,964,452,117,470,1,-1,-1,-1
583,3,964,426,129,496,1,-1,-1,-1
584,3,964,426,129,496,1,-1,-1,-1
585,3,964,426,129,496,1,-1,-1,-1
586,3,964,426,129,496,1,-1,-1,-1
587,3,964,426,129,496,1,-1,-1,-1
588,3,964,426,149,528,1,-1,-1,-1
589,3,964,426,149,528,1,-1,-1,-1
590,3,964,426,149,528,1,-1,-1,-1
591,3,964,426,149,528,1,-1,-1,-1
592,3,964,408,188,546,1,-1,-1,-1
593,3,964,408,188,546,1,-1,-1,-1
594,3,964,408,188,546,1,-1,-1,-1
595,3,964,408,200,569,1,-1,-1,-1
596,3,964,408,200,569,1,-1,-1,-1
597,3,964,408,200,569,1,-1,-1,-1
598,3,964,392,206,626,1,-1,-1,-1
599,3,964,392,206,626,1,-1,-1,-1
600,3,964,392,206,626,1,-1,-1,-1
601,3,964,392,206,626,1,-1,-1,-1
602,3,964,356,213,662,1,-1,-1,-1
603,3,964,356,213,662,1,-1,-1,-1
604,3,964,356,213,662,1,-1,-1,-1
605,3,964,356,213,662,1,-1,-1,-1
606,3,964,356,221,714,1,-1,-1,-1
607,3,964,356,221,714,1,-1,-1,-1
608,3,964,356,221,714,1,-1,-1,-1
609,3,964,338,273,732,1,-1,-1,-1
610,3,964,338,273,732,1,-1,-1,-1
611,3,964,338,273,732,1,-1,-1,-1
612,3,964,338,273,732,1,-1,-1,-1
613,3,964,314,312,756,1,-1,-1,-1
614,3,964,314,312,756,1,-1,-1,-1
615,3,964,314,312,756,1,-1,-1,-1
616,3,964,314,312,756,1,-1,-1,-1
617,3,964,279,333,791,1,-1,-1,-1
618,3,964,279,333,791,1,-1,-1,-1
619,3,964,279,333,791,1,-1,-1,-1
620,3,986,245,360,830,1,-1,-1,-1
621,3,986,245,360,830,1,-1,-1,-1
622,3,1020,240,329,833,1,-1,-1,-1
623,3,1020,240,329,833,1,-1,-1,-1
624,3,1068,240,329,833,1,-1,-1,-1
625,3,1097,240,329,833,1,-1,-1,-1
626,3,1139,240,329,833,1,-1,-1,-1
627,3,1172,240,329,833,1,-1,-1,-1
628,3,1198,224,343,849,1,-1,-1,-1
629,3,1236,224,343,849,1,-1,-1,-1
630,3,1310,209,269,864,1,-1,-1,-1
631,3,1351,210,269,864,1,-1,-1,-1
632,3,1404,210,269,864,1,-1,-1,-1
633,3,1404,210,269,864,1,-1,-1,-1
634,3,1452,210,269,864,1,-1,-1,-1
635,3,1452,210,269,864,1,-1,-1,-1
636,3,1482,210,269,864,1,-1,-1,-1
637,3,1482,210,269,864,1,-1,-1,-1
638,3,1482,210,269,864,1,-1,-1,-1
639,3,1482,210,269,864,1,-1,-1,-1
640,3,1533,210,269,864,1,-1,-1,-1
641,3,1533,210,269,864,1,-1,-1,-1
642,3,1533,210,269,864,1,-1,-1,-1
643,3,1533,210,269,864,1,-1,-1,-1
644,3,1533,210,269,864,1,-1,-1,-1
645,3,1533,210,269,864,1,-1,-1,-1
646,3,1533,210,269,864,1,-1,-1,-1
647,3,1533,210,269,864,1,-1,-1,-1
648,3,1533,210,269,864,1,-1,-1,-1
649,3,1533,210,269,864,1,-1,-1,-1
650,3,1533,286,276,788,1,-1,-1,-1
651,3,1533,286,276,788,1,-1,-1,-1
652,3,1533,286,276,788,1,-1,-1,-1
653,3,1533,286,276,788,1,-1,-1,-1
654,3,1533,286,276,788,1,-1,-1,-1
655,3,1533,286,276,788,1,-1,-1,-1
656,3,1506,261,276,788,1,-1,-1,-1
657,3,1506,261,276,788,1,-1,-1,-1
658,3,1480,241,269,698,1,-1,-1,-1
659,3,1480,241,269,698,1,-1,-1,-1
660,3,1449,210,269,698,1,-1,-1,-1
661,3,1449,210,269,698,1,-1,-1,-1
662,3,1449,210,269,698,1,-1,-1,-1
663,3,1449,210,243,677,1,-1,-1,-1
664,3,1449,210,243,677,1,-1,-1,-1
665,3,1400,180,249,362,1,-1,-1,-1
666,3,1400,180,249,362,1,-1,-1,-1
667,3,1376,147,249,362,1,-1,-1,-1
668,3,1376,147,249,362,1,-1,-1,-1
669,3,1361,105,249,362,1,-1,-1,-1
670,3,1361,105,249,362,1,-1,-1,-1
671,3,1361,105,249,362,1,-1,-1,-1
672,3,1323,136,284,285,1,-1,-1,-1
673,3,1323,136,284,285,1,-1,-1,-1
674,3,1323,136,234,250,1,-1,-1,-1
675,3,1308,117,234,250,1,-1,-1,-1
676,3,1292,96,234,250,1,-1,-1,-1
677,3,1292,96,234,250,1,-1,-1,-1
678,3,1276,78,234,250,1,-1,-1,-1
679,3,1276,78,234,250,1,-1,-1,-1
680,3,1276,78,234,250,1,-1,-1,-1
681,3,1276,78,234,250,1,-1,-1,-1
682,3,1276,89,197,239,1,-1,-1,-1
683,3,1258,75,197,239,1,-1,-1,-1
684,3,1258,75,197,239,1,-1,-1,-1
685,3,1226,60,217,233,1,-1,-1,-1
686,3,1226,60,217,233,1,-1,-1,-1
687,3,1226,60,193,204,1,-1,-1,-1
688,3,1226,60,193,204,1,-1,-1,-1
689,3,1207,51,193,204,1,-1,-1,-1
690,3,1207,51,193,204,1,-1,-1,-1
691,3,1207,51,193,204,1,-1,-1,-1
692,3,1180,35,193,204,1,-1,-1,-1
693,3,1180,35,193,204,1,-1,-1,-1
694,3,1180,35,193,204,1,-1,-1,-1
695,3,1180,35,193,204,1,-1,-1,-1
696,3,1164,16,193,204,1,-1,-1,-1
697,3,1164,16,193,204,1,-1,-1,-1
698,3,1164,16,193,204,1,-1,-1,-1
699,3,1164,16,193,204,1,-1,-1,-1
700,3,1143,16,170,173,1,-1,-1,-1
701,3,1143,16,170,173,1,-1,-1,-1
702,3,1143,16,170,173,1,-1,-1,-1
703,3,1115,5,170,173,1,-1,-1,-1
704,3,1115,5,170,173,1,-1,-1,-1
705,3,1115,5,170,173,1,-1,-1,-1
706,3,1115,5,170,173,1,-1,-1,-1
707,3,1115,5,170,173,1,-1,-1,-1
708,3,1115,5,170,173,1,-1,-1,-1
709,3,1110,1,145,164,1,-1,-1,-1
710,3,1110,1,145,164,1,-1,-1,-1
711,3,1110,1,145,164,1,-1,-1,-1
712,3,1110,1,145,164,1,-1,-1,-1
713,3,1110,1,145,164,1,-1,-1,-1
714,3,1110,1,145,164,1,-1,-1,-1
715,3,1095,1,140,131,1,-1,-1,-1
716,3,1095,1,140,131,1,-1,-1,-1
717,3,1095,1,140,131,1,-1,-1,-1
718,3,1095,1,140,131,1,-1,-1,-1
719,3,1095,1,140,131,1,-1,-1,-1
720,3,1095,1,140,131,1,-1,-1,-1
721,3,1067,1,140,131,1,-1,-1,-1
722,3,1067,1,140,131,1,-1,-1,-1
723,3,1067,1,140,131,1,-1,-1,-1
724,3,1067,1,140,131,1,-1,-1,-1
725,3,1067,1,140,131,1,-1,-1,-1
726,3,1067,1,140,131,1,-1,-1,-1
727,3,1067,1,140,131,1,-1,-1,-1
728,3,1067,1,140,131,1,-1,-1,-1
729,3,1067,1,140,131,1,-1,-1,-1
730,3,1067,1,140,131,1,-1,-1,-1
731,3,1067,1,140,131,1,-1,-1,-1
732,3,1067,1,140,131,1,-1,-1,-1
732,3,1067,1,140,131,1,-1,-1,-1
733,3,1067,1,140,131,1,-1,-1,-1
734,3,1067,1,140,131,1,-1,-1,-1
735,3,1067,1,140,131,1,-1,-1,-1
736,3,1067,1,140,131,1,-1,-1,-1
737,3,1067,1,140,131,1,-1,-1,-1
1193,3,1150,0,63,153,1,-1,-1,-1
1194,3,1150,0,63,153,1,-1,-1,-1
1195,3,1150,0,63,153,1,-1,-1,-1
1196,3,1136,0,77,140,1,-1,-1,-1
1197,3,1136,0,77,140,1,-1,-1,-1
1198,3,1136,0,77,140,1,-1,-1,-1
1199,3,1123,0,90,135,1,-1,-1,-1
1200,3,1123,0,90,135,1,-1,-1,-1
1201,3,1105,0,108,139,1,-1,-1,-1
1202,3,1105,0,108,139,1,-1,-1,-1
1203,3,1105,0,108,139,1,-1,-1,-1
1204,3,1105,0,108,139,1,-1,-1,-1
1205,3,1105,0,108,139,1,-1,-1,-1
1206,3,1105,0,108,139,1,-1,-1,-1
1207,3,1105,0,108,139,1,-1,-1,-1
1208,3,1105,0,108,139,1,-1,-1,-1
1209,3,1105,0,127,175,1,-1,-1,-1
1210,3,1105,0,127,175,1,-1,-1,-1
1211,3,1105,0,127,175,1,-1,-1,-1
1212,3,1105,0,127,175,1,-1,-1,-1
1213,3,1131,0,101,177,1,-1,-1,-1
1214,3,1131,0,119,186,1,-1,-1,-1
1215,3,1131,0,119,186,1,-1,-1,-1
1216,3,1131,0,119,186,1,-1,-1,-1
1217,3,1139,0,121,204,1,-1,-1,-1
1218,3,1139,0,121,204,1,-1,-1,-1
1219,3,1139,0,121,204,1,-1,-1,-1
1220,3,1139,0,121,204,1,-1,-1,-1
1221,3,1139,0,142,210,1,-1,-1,-1
1222,3,1139,0,142,210,1,-1,-1,-1
1223,3,1139,0,142,210,1,-1,-1,-1
1224,3,1139,0,142,210,1,-1,-1,-1
1225,3,1139,0,142,210,1,-1,-1,-1
1226,3,1139,0,142,210,1,-1,-1,-1
1227,3,1139,0,142,210,1,-1,-1,-1
1228,3,1139,0,142,210,1,-1,-1,-1
1229,3,1139,0,142,210,1,-1,-1,-1
1230,3,1149,0,142,210,1,-1,-1,-1
1231,3,1149,0,142,210,1,-1,-1,-1
1232,3,1149,0,142,210,1,-1,-1,-1
1233,3,1149,0,142,210,1,-1,-1,-1
1234,3,1149,0,161,231,1,-1,-1,-1
1235,3,1149,0,161,231,1,-1,-1,-1
1236,3,1149,0,161,231,1,-1,-1,-1
1237,3,1149,0,161,231,1,-1,-1,-1
1238,3,1149,0,161,231,1,-1,-1,-1
1239,3,1171,0,163,244,1,-1,-1,-1
1240,3,1171,0,163,244,1,-1,-1,-1
1241,3,1171,0,163,244,1,-1,-1,-1
1242,3,1189,0,163,244,1,-1,-1,-1
1243,3,1189,0,163,244,1,-1,-1,-1
1244,3,1189,0,163,244,1,-1,-1,-1
1245,3,1189,0,163,244,1,-1,-1,-1
1246,3,1198,1,184,297,1,-1,-1,-1
1247,3,1198,1,184,297,1,-1,-1,-1
1248,3,1198,1,184,297,1,-1,-1,-1
1249,3,1218,3,184,297,1,-1,-1,-1
1250,3,1218,3,184,297,1,-1,-1,-1
1251,3,1218,3,184,297,1,-1,-1,-1
1252,3,1218,3,184,297,1,-1,-1,-1
1253,3,1247,3,168,316,1,-1,-1,-1
1254,3,1247,3,168,316,1,-1,-1,-1
1255,3,1247,3,168,316,1,-1,-1,-1
1256,3,1247,3,168,316,1,-1,-1,-1
1257,3,1247,3,168,316,1,-1,-1,-1
1258,3,1247,3,168,316,1,-1,-1,-1
1259,3,1259,26,201,341,1,-1,-1,-1
1260,3,1259,26,201,341,1,-1,-1,-1
1261,3,1259,26,201,341,1,-1,-1,-1
1262,3,1259,26,201,341,1,-1,-1,-1
1263,3,1292,35,201,341,1,-1,-1,-1
1264,3,1292,35,201,341,1,-1,-1,-1
1265,3,1292,35,201,341,1,-1,-1,-1
1266,3,1300,43,201,341,1,-1,-1,-1
1267,3,1300,43,201,341,1,-1,-1,-1
1268,3,1300,43,201,341,1,-1,-1,-1
1269,3,1320,51,224,387,1,-1,-1,-1
1270,3,1320,51,224,387,1,-1,-1,-1
1271,3,1320,51,224,387,1,-1,-1,-1
1272,3,1333,66,237,423,1,-1,-1,-1
1272,3,1333,66,237,423,1,-1,-1,-1
1273,3,1333,66,237,423,1,-1,-1,-1
1274,3,1333,66,237,423,1,-1,-1,-1
1275,3,1333,66,237,423,1,-1,-1,-1
1276,3,1333,66,237,423,1,-1,-1,-1
1277,3,1374,86,202,414,1,-1,-1,-1
1278,3,1374,86,202,414,1,-1,-1,-1
1279,3,1401,89,202,414,1,-1,-1,-1
388,4,964,468,53,448,1,-1,-1,-1
389,4,964,468,53,448,1,-1,-1,-1
390,4,965,446,61,469,1,-1,-1,-1
391,4,965,425,79,490,1,-1,-1,-1
392,4,965,425,79,490,1,-1,-1,-1
393,4,965,425,79,490,1,-1,-1,-1
394,4,965,425,119,490,1,-1,-1,-1
395,4,965,425,119,490,1,-1,-1,-1
396,4,965,425,119,490,1,-1,-1,-1
397,4,965,425,139,513,1,-1,-1,-1
398,4,968,412,137,547,1,-1,-1,-1
399,4,968,412,137,547,1,-1,-1,-1
400,4,968,412,137,547,1,-1,-1,-1
401,4,968,391,152,568,1,-1,-1,-1
402,4,968,391,152,568,1,-1,-1,-1
403,4,961,386,170,598,1,-1,-1,-1
404,4,961,386,170,598,1,-1,-1,-1
405,4,961,386,170,598,1,-1,-1,-1
406,4,961,386,170,598,1,-1,-1,-1
407,4,961,371,227,646,1,-1,-1,-1
408,4,961,371,227,646,1,-1,-1,-1
409,4,961,371,227,646,1,-1,-1,-1
410,4,961,354,288,698,1,-1,-1,-1
411,4,961,354,288,698,1,-1,-1,-1
412,4,961,354,288,698,1,-1,-1,-1
413,4,961,354,288,698,1,-1,-1,-1
414,4,961,323,288,729,1,-1,-1,-1
415,4,961,323,288,729,1,-1,-1,-1
416,4,961,323,288,729,1,-1,-1,-1
417,4,980,304,273,772,1,-1,-1,-1
418,4,980,304,273,772,1,-1,-1,-1
419,4,980,299,302,777,1,-1,-1,-1
420,4,980,299,302,777,1,-1,-1,-1
421,4,1025,274,297,802,1,-1,-1,-1
422,4,1025,274,297,802,1,-1,-1,-1
423,4,1054,245,297,831,1,-1,-1,-1
424,4,1054,245,297,831,1,-1,-1,-1
425,4,1054,239,330,837,1,-1,-1,-1
426,4,1077,239,330,837,1,-1,-1,-1
427,4,1077,236,375,840,1,-1,-1,-1
428,4,1077,236,375,840,1,-1,-1,-1
429,4,1077,236,375,840,1,-1,-1,-1
430,4,1077,203,443,873,1,-1,-1,-1
431,4,1077,203,443,873,1,-1,-1,-1
432,4,1163,182,357,894,1,-1,-1,-1
433,4,1163,182,357,894,1,-1,-1,-1
434,4,1240,178,336,898,1,-1,-1,-1
435,4,1240,178,336,898,1,-1,-1,-1
436,4,1280,175,296,901,1,-1,-1,-1
437,4,1332,175,296,901,1,-1,-1,-1
438,4,1332,175,296,901,1,-1,-1,-1
439,4,1432,175,283,901,1,-1,-1,-1
440,4,1432,175,283,901,1,-1,-1,-1
441,4,1487,176,283,901,1,-1,-1,-1
442,4,1487,176,283,901,1,-1,-1,-1
443,4,1556,175,283,901,1,-1,-1,-1
444,4,1613,167,226,909,1,-1,-1,-1
445,4,1656,167,226,909,1,-1,-1,-1
446,4,1656,167,226,909,1,-1,-1,-1
447,4,1689,165,226,909,1,-1,-1,-1
448,4,1689,165,226,909,1,-1,-1,-1
662,4,1834,269,84,804,1,-1,-1,-1
663,4,1834,269,84,804,1,-1,-1,-1
664,4,1763,272,155,801,1,-1,-1,-1
665,4,1763,272,155,801,1,-1,-1,-1
666,4,1709,261,209,812,1,-1,-1,-1
667,4,1709,261,209,812,1,-1,-1,-1
668,4,1680,259,227,808,1,-1,-1,-1
669,4,1680,259,227,808,1,-1,-1,-1
670,4,1643,241,227,808,1,-1,-1,-1
671,4,1643,241,227,808,1,-1,-1,-1
672,4,1631,211,227,808,1,-1,-1,-1
673,4,1631,211,227,808,1,-1,-1,-1
674,4,1593,184,227,808,1,-1,-1,-1
675,4,1593,184,227,808,1,-1,-1,-1
676,4,1569,219,233,758,1,-1,-1,-1
677,4,1569,219,233,758,1,-1,-1,-1
678,4,1569,219,233,758,1,-1,-1,-1
679,4,1533,202,230,716,1,-1,-1,-1
680,4,1533,202,230,716,1,-1,-1,-1
681,4,1533,202,230,716,1,-1,-1,-1
682,4,1509,176,230,716,1,-1,-1,-1
683,4,1509,176,230,716,1,-1,-1,-1
684,4,1481,168,230,716,1,-1,-1,-1
685,4,1481,168,230,716,1,-1,-1,-1
686,4,1456,153,230,716,1,-1,-1,-1
687,4,1456,153,230,716,1,-1,-1,-1
688,4,1456,153,231,384,1,-1,-1,-1
689,4,1456,153,231,384,1,-1,-1,-1
690,4,1456,153,231,384,1,-1,-1,-1
691,4,1456,153,231,384,1,-1,-1,-1
692,4,1456,153,231,384,1,-1,-1,-1
693,4,1409,104,231,384,1,-1,-1,-1
694,4,1409,104,231,384,1,-1,-1,-1
695,4,1409,104,231,384,1,-1,-1,-1
696,4,1409,104,231,384,1,-1,-1,-1
697,4,1409,104,231,384,1,-1,-1,-1
698,4,1378,71,204,345,1,-1,-1,-1
699,4,1378,71,204,345,1,-1,-1,-1
700,4,1378,71,204,345,1,-1,-1,-1
701,4,1346,55,204,345,1,-1,-1,-1
702,4,1346,55,204,345,1,-1,-1,-1
703,4,1346,55,204,345,1,-1,-1,-1
704,4,1346,55,204,345,1,-1,-1,-1
705,4,1346,55,204,345,1,-1,-1,-1
706,4,1346,55,204,345,1,-1,-1,-1
707,4,1346,55,204,345,1,-1,-1,-1
708,4,1325,41,204,345,1,-1,-1,-1
709,4,1325,41,204,345,1,-1,-1,-1
710,4,1325,41,204,345,1,-1,-1,-1
711,4,1297,38,204,345,1,-1,-1,-1
712,4,1297,38,204,345,1,-1,-1,-1
713,4,1297,38,204,345,1,-1,-1,-1
714,4,1267,26,204,345,1,-1,-1,-1
715,4,1267,26,204,345,1,-1,-1,-1
716,4,1267,26,204,345,1,-1,-1,-1
717,4,1267,26,204,345,1,-1,-1,-1
718,4,1251,26,174,261,1,-1,-1,-1
719,4,1251,26,174,261,1,-1,-1,-1
720,4,1251,0,174,287,1,-1,-1,-1
721,4,1251,0,174,287,1,-1,-1,-1
722,4,1251,0,174,287,1,-1,-1,-1
723,4,1251,0,174,287,1,-1,-1,-1
724,4,1251,0,174,287,1,-1,-1,-1
725,4,1251,0,174,287,1,-1,-1,-1
726,4,1251,0,174,287,1,-1,-1,-1
727,4,1233,3,174,287,1,-1,-1,-1
728,4,1233,3,174,287,1,-1,-1,-1
729,4,1233,3,174,287,1,-1,-1,-1
730,4,1233,3,174,287,1,-1,-1,-1
731,4,1214,2,174,287,1,-1,-1,-1
732,4,1214,2,174,287,1,-1,-1,-1
733,4,1214,2,174,287,1,-1,-1,-1
734,4,1214,2,174,287,1,-1,-1,-1
735,4,1197,2,174,238,1,-1,-1,-1
736,4,1197,2,174,238,1,-1,-1,-1
737,4,1177,2,174,238,1,-1,-1,-1
738,4,1177,2,174,238,1,-1,-1,-1
739,4,1177,2,174,238,1,-1,-1,-1
740,4,1177,2,174,238,1,-1,-1,-1
741,4,1177,2,174,238,1,-1,-1,-1
742,4,1177,2,174,238,1,-1,-1,-1
743,4,1177,2,174,238,1,-1,-1,-1
744,4,1177,2,174,238,1,-1,-1,-1
745,4,1177,2,174,238,1,-1,-1,-1
746,4,1177,2,174,238,1,-1,-1,-1
747,4,1177,2,174,238,1,-1,-1,-1
748,4,1177,2,174,238,1,-1,-1,-1
749,4,1151,2,200,205,1,-1,-1,-1
750,4,1151,2,200,205,1,-1,-1,-1
751,4,1151,2,200,205,1,-1,-1,-1
752,4,1151,2,200,205,1,-1,-1,-1
753,4,1134,2,170,159,1,-1,-1,-1
754,4,1134,2,170,159,1,-1,-1,-1
755,4,1134,2,170,159,1,-1,-1,-1
756,4,1134,2,170,159,1,-1,-1,-1
757,4,1134,2,170,159,1,-1,-1,-1
758,4,1134,2,170,159,1,-1,-1,-1
759,4,1134,2,170,159,1,-1,-1,-1
760,4,1134,2,170,159,1,-1,-1,-1
761,4,1134,2,170,159,1,-1,-1,-1
762,4,1134,2,170,159,1,-1,-1,-1
763,4,1134,2,170,159,1,-1,-1,-1
764,4,1144,2,134,150,1,-1,-1,-1
765,4,1144,2,134,150,1,-1,-1,-1
766,4,1144,2,134,150,1,-1,-1,-1
767,4,1144,2,134,150,1,-1,-1,-1
768,4,1144,2,134,150,1,-1,-1,-1
769,4,1144,2,134,150,1,-1,-1,-1
770,4,1144,2,134,150,1,-1,-1,-1
771,4,1112,2,134,150,1,-1,-1,-1
772,4,1112,2,134,150,1,-1,-1,-1
773,4,1112,2,134,150,1,-1,-1,-1
774,4,1112,2,134,150,1,-1,-1,-1
775,4,1112,2,134,150,1,-1,-1,-1
776,4,1112,2,134,150,1,-1,-1,-1
777,4,1112,2,134,150,1,-1,-1,-1
778,4,1112,2,126,114,1,-1,-1,-1
779,4,1112,2,126,114,1,-1,-1,-1
780,4,1112,2,126,114,1,-1,-1,-1
781,4,1112,2,126,114,1,-1,-1,-1
782,4,1112,2,126,114,1,-1,-1,-1
783,4,1112,2,126,114,1,-1,-1,-1
784,4,1112,2,126,114,1,-1,-1,-1
785,4,1112,2,126,114,1,-1,-1,-1
786,4,1112,2,126,114,1,-1,-1,-1
787,4,1112,2,126,114,1,-1,-1,-1
788,4,1112,2,126,114,1,-1,-1,-1
789,4,1112,2,126,114,1,-1,-1,-1
790,4,1112,2,126,114,1,-1,-1,-1
791,4,1112,2,126,114,1,-1,-1,-1
792,4,1112,2,126,114,1,-1,-1,-1
793,4,1112,2,126,114,1,-1,-1,-1
1222,4,1048,3,70,76,1,-1,-1,-1
1223,4,1048,3,70,76,1,-1,-1,-1
1224,4,1048,3,70,76,1,-1,-1,-1
1225,4,1048,3,86,88,1,-1,-1,-1
1226,4,1048,3,86,88,1,-1,-1,-1
1227,4,1048,3,86,88,1,-1,-1,-1
1228,4,1048,3,86,88,1,-1,-1,-1
1229,4,1048,3,86,88,1,-1,-1,-1
1230,4,1048,3,86,88,1,-1,-1,-1
1231,4,1048,3,86,88,1,-1,-1,-1
1232,4,1048,3,86,88,1,-1,-1,-1
1233,4,1048,3,86,88,1,-1,-1,-1
1234,4,1036,3,112,101,1,-1,-1,-1
1235,4,1036,3,112,101,1,-1,-1,-1
1236,4,1036,3,112,101,1,-1,-1,-1
1237,4,1036,3,112,101,1,-1,-1,-1
1238,4,1055,2,112,101,1,-1,-1,-1
1239,4,1055,2,112,101,1,-1,-1,-1
1240,4,1055,2,112,101,1,-1,-1,-1
1241,4,1055,2,112,101,1,-1,-1,-1
1242,4,1079,2,112,101,1,-1,-1,-1
1243,4,1079,2,112,101,1,-1,-1,-1
1244,4,1079,2,112,101,1,-1,-1,-1
1245,4,1079,2,112,101,1,-1,-1,-1
1246,4,1079,2,112,101,1,-1,-1,-1
1247,4,1079,2,112,101,1,-1,-1,-1
1248,4,1079,2,112,101,1,-1,-1,-1
1249,4,1079,2,112,101,1,-1,-1,-1
1250,4,1079,2,112,101,1,-1,-1,-1
1251,4,1079,2,129,140,1,-1,-1,-1
1252,4,1079,2,129,140,1,-1,-1,-1
1253,4,1079,2,129,140,1,-1,-1,-1
1254,4,1079,2,129,140,1,-1,-1,-1
1255,4,1079,2,129,140,1,-1,-1,-1
1256,4,1079,2,129,140,1,-1,-1,-1
1257,4,1079,2,147,146,1,-1,-1,-1
1258,4,1079,2,147,146,1,-1,-1,-1
1259,4,1079,2,147,146,1,-1,-1,-1
1260,4,1079,2,147,146,1,-1,-1,-1
1261,4,1096,0,147,146,1,-1,-1,-1
1262,4,1096,0,147,146,1,-1,-1,-1
1263,4,1096,0,147,146,1,-1,-1,-1
1264,4,1096,0,147,146,1,-1,-1,-1
1265,4,1096,0,147,146,1,-1,-1,-1
1266,4,1096,0,147,146,1,-1,-1,-1
1267,4,1096,0,147,146,1,-1,-1,-1
1268,4,1096,0,147,146,1,-1,-1,-1
1269,4,1113,0,150,174,1,-1,-1,-1
1270,4,1113,0,150,174,1,-1,-1,-1
1271,4,1113,0,150,174,1,-1,-1,-1
1272,4,1113,0,150,174,1,-1,-1,-1
1273,4,1113,0,150,174,1,-1,-1,-1
1274,4,1113,0,150,174,1,-1,-1,-1
1275,4,1148,0,150,174,1,-1,-1,-1
1276,4,1148,0,150,174,1,-1,-1,-1
1277,4,1148,0,150,174,1,-1,-1,-1
1278,4,1148,0,150,174,1,-1,-1,-1
1279,4,1148,0,150,174,1,-1,-1,-1
743,5,962,514,46,359,1,-1,-1,-1
744,5,962,514,46,359,1,-1,-1,-1
745,5,962,471,83,402,1,-1,-1,-1
746,5,962,471,83,402,1,-1,-1,-1
747,5,962,471,83,402,1,-1,-1,-1
748,5,962,471,83,402,1,-1,-1,-1
749,5,962,471,83,402,1,-1,-1,-1
750,5,962,448,107,458,1,-1,-1,-1
750,5,962,448,107,458,1,-1,-1,-1
751,5,962,448,107,458,1,-1,-1,-1
752,5,962,448,107,458,1,-1,-1,-1
753,5,962,448,107,458,1,-1,-1,-1
754,5,962,448,107,458,1,-1,-1,-1
755,5,962,448,107,458,1,-1,-1,-1
756,5,962,448,107,458,1,-1,-1,-1
757,5,962,448,107,458,1,-1,-1,-1
758,5,962,429,122,504,1,-1,-1,-1
759,5,962,429,122,504,1,-1,-1,-1
760,5,962,429,122,504,1,-1,-1,-1
761,5,962,429,122,504,1,-1,-1,-1
762,5,962,429,148,511,1,-1,-1,-1
763,5,962,429,148,511,1,-1,-1,-1
764,5,962,420,169,520,1,-1,-1,-1
765,5,962,420,169,520,1,-1,-1,-1
766,5,962,420,171,533,1,-1,-1,-1
767,5,962,420,171,533,1,-1,-1,-1
768,5,962,420,171,533,1,-1,-1,-1
769,5,962,398,196,572,1,-1,-1,-1
770,5,962,398,196,572,1,-1,-1,-1
771,5,962,398,196,572,1,-1,-1,-1
772,5,962,398,196,572,1,-1,-1,-1
773,5,962,398,196,572,1,-1,-1,-1
774,5,962,398,196,572,1,-1,-1,-1
775,5,962,371,242,626,1,-1,-1,-1
776,5,962,371,242,626,1,-1,-1,-1
777,5,962,371,242,626,1,-1,-1,-1
778,5,975,371,233,665,1,-1,-1,-1
779,5,975,371,233,665,1,-1,-1,-1
780,5,991,371,233,665,1,-1,-1,-1
781,5,991,365,288,671,1,-1,-1,-1
782,5,991,365,288,671,1,-1,-1,-1
783,5,991,350,312,686,1,-1,-1,-1
784,5,991,350,312,686,1,-1,-1,-1
785,5,1009,350,312,720,1,-1,-1,-1
786,5,1009,350,312,720,1,-1,-1,-1
787,5,1009,350,312,720,1,-1,-1,-1
788,5,1009,350,312,720,1,-1,-1,-1
789,5,1009,308,330,762,1,-1,-1,-1
790,5,1009,308,330,762,1,-1,-1,-1
791,5,1009,308,330,762,1,-1,-1,-1
792,5,1009,308,330,762,1,-1,-1,-1
793,5,1023,308,330,762,1,-1,-1,-1
794,5,1023,308,330,762,1,-1,-1,-1
795,5,1023,294,349,776,1,-1,-1,-1
796,5,1023,294,349,776,1,-1,-1,-1
797,5,1052,250,349,812,1,-1,-1,-1
798,5,1052,250,349,812,1,-1,-1,-1
799,5,1052,250,349,812,1,-1,-1,-1
800,5,1071,250,390,821,1,-1,-1,-1
801,5,1071,250,390,821,1,-1,-1,-1
802,5,1071,227,424,844,1,-1,-1,-1
803,5,1071,227,424,844,1,-1,-1,-1
804,5,1071,209,465,862,1,-1,-1,-1
805,5,1071,209,465,862,1,-1,-1,-1
806,5,1071,209,465,862,1,-1,-1,-1
807,5,1035,176,501,892,1,-1,-1,-1
808,5,1035,176,501,892,1,-1,-1,-1
809,5,1004,150,532,918,1,-1,-1,-1
810,5,1004,150,532,918,1,-1,-1,-1
811,5,960,138,576,930,1,-1,-1,-1
812,5,960,138,576,930,1,-1,-1,-1
813,5,906,113,630,955,1,-1,-1,-1
814,5,906,113,630,955,1,-1,-1,-1
815,5,906,113,630,955,1,-1,-1,-1
816,5,822,74,684,994,1,-1,-1,-1
817,5,822,74,684,994,1,-1,-1,-1
818,5,813,9,693,1059,1,-1,-1,-1
819,5,813,9,693,1059,1,-1,-1,-1
820,5,742,9,693,1059,1,-1,-1,-1
821,5,742,9,693,1059,1,-1,-1,-1
822,5,742,9,614,1059,1,-1,-1,-1
823,5,668,9,614,1059,1,-1,-1,-1
824,5,668,9,614,1059,1,-1,-1,-1
825,5,584,9,614,1059,1,-1,-1,-1
826,5,584,9,614,1059,1,-1,-1,-1
827,5,419,9,614,1059,1,-1,-1,-1
828,5,419,9,614,1059,1,-1,-1,-1
829,5,284,9,614,1059,1,-1,-1,-1
830,5,284,9,614,1059,1,-1,-1,-1
831,5,223,9,563,1059,1,-1,-1,-1
832,5,181,9,527,1059,1,-1,-1,-1
833,5,115,8,527,1059,1,-1,-1,-1
834,5,115,8,527,1059,1,-1,-1,-1
835,5,26,8,527,1059,1,-1,-1,-1
836,5,26,8,527,1059,1,-1,-1,-1
837,5,26,8,527,1059,1,-1,-1,-1
838,5,14,8,297,1059,1,-1,-1,-1
839,5,14,8,297,1059,1,-1,-1,-1
967,5,3,35,183,1043,1,-1,-1,-1
968,5,3,35,183,1043,1,-1,-1,-1
969,5,3,35,183,1043,1,-1,-1,-1
970,5,3,39,238,1039,1,-1,-1,-1
971,5,3,39,238,1039,1,-1,-1,-1
972,5,3,35,283,1043,1,-1,-1,-1
973,5,3,35,283,1043,1,-1,-1,-1
974,5,3,39,358,1039,1,-1,-1,-1
975,5,3,39,358,1039,1,-1,-1,-1
976,5,3,39,358,1039,1,-1,-1,-1
977,5,72,39,358,1039,1,-1,-1,-1
978,5,72,39,358,1039,1,-1,-1,-1
979,5,133,39,402,1039,1,-1,-1,-1
980,5,133,39,402,1039,1,-1,-1,-1
981,5,192,39,456,1039,1,-1,-1,-1
982,5,192,39,456,1039,1,-1,-1,-1
983,5,264,39,456,1039,1,-1,-1,-1
984,5,301,39,456,1039,1,-1,-1,-1
985,5,329,39,456,1039,1,-1,-1,-1
986,5,373,39,456,1039,1,-1,-1,-1
987,5,410,39,456,1039,1,-1,-1,-1
988,5,457,39,500,1039,1,-1,-1,-1
989,5,487,39,500,1039,1,-1,-1,-1
990,5,591,39,449,1039,1,-1,-1,-1
991,5,653,39,449,1039,1,-1,-1,-1
992,5,717,54,426,1024,1,-1,-1,-1
993,5,717,54,426,1024,1,-1,-1,-1
994,5,825,111,414,967,1,-1,-1,-1
995,5,825,111,414,967,1,-1,-1,-1
996,5,907,111,414,967,1,-1,-1,-1
997,5,907,111,414,967,1,-1,-1,-1
998,5,1068,111,341,967,1,-1,-1,-1
999,5,1068,111,341,967,1,-1,-1,-1
1000,5,1160,111,389,967,1,-1,-1,-1
1001,5,1160,111,389,967,1,-1,-1,-1
1002,5,1236,111,436,967,1,-1,-1,-1
1003,5,1236,111,436,967,1,-1,-1,-1
1004,5,1313,110,429,967,1,-1,-1,-1
1005,5,1313,110,429,967,1,-1,-1,-1
1006,5,1398,110,344,967,1,-1,-1,-1
1007,5,1398,110,344,967,1,-1,-1,-1
1008,5,1465,110,343,967,1,-1,-1,-1
1009,5,1465,110,343,967,1,-1,-1,-1
1010,5,1527,144,281,933,1,-1,-1,-1
1011,5,1527,144,281,933,1,-1,-1,-1
1012,5,1573,144,281,933,1,-1,-1,-1
1013,5,1614,172,263,905,1,-1,-1,-1
1014,5,1614,172,263,905,1,-1,-1,-1
1015,5,1654,172,263,905,1,-1,-1,-1
1016,5,1654,172,263,905,1,-1,-1,-1
1017,5,1747,172,170,905,1,-1,-1,-1
1018,5,1747,172,170,905,1,-1,-1,-1
1019,5,1747,172,170,905,1,-1,-1,-1
1020,5,1747,172,170,905,1,-1,-1,-1
