198,1,252,182,169,447,1,-1,-1,-1
199,1,252,182,169,447,1,-1,-1,-1
200,1,252,166,187,463,1,-1,-1,-1
201,1,252,159,200,552,1,-1,-1,-1
202,1,252,150,242,853,1,-1,-1,-1
203,1,252,150,274,853,1,-1,-1,-1
204,1,278,150,274,853,1,-1,-1,-1
205,1,297,150,284,930,1,-1,-1,-1
206,1,316,150,284,930,1,-1,-1,-1
207,1,337,152,284,927,1,-1,-1,-1
208,1,360,159,319,920,1,-1,-1,-1
209,1,391,159,319,920,1,-1,-1,-1
210,1,406,159,301,920,1,-1,-1,-1
211,1,417,164,291,914,1,-1,-1,-1
212,1,443,164,268,914,1,-1,-1,-1
213,1,489,164,268,914,1,-1,-1,-1
214,1,523,172,245,907,1,-1,-1,-1
215,1,568,172,234,907,1,-1,-1,-1
216,1,578,176,262,902,1,-1,-1,-1
217,1,605,180,262,898,1,-1,-1,-1
218,1,628,180,262,898,1,-1,-1,-1
219,1,643,190,339,888,1,-1,-1,-1
220,1,659,179,323,899,1,-1,-1,-1
221,1,659,179,345,899,1,-1,-1,-1
222,1,659,179,345,899,1,-1,-1,-1
223,1,659,172,359,907,1,-1,-1,-1
224,1,728,172,326,907,1,-1,-1,-1
225,1,770,172,326,907,1,-1,-1,-1
226,1,843,172,300,907,1,-1,-1,-1
227,1,881,172,298,907,1,-1,-1,-1
228,1,915,172,304,907,1,-1,-1,-1
229,1,938,172,313,907,1,-1,-1,-1
230,1,957,183,294,895,1,-1,-1,-1
231,1,957,183,324,895,1,-1,-1,-1
232,1,969,183,329,895,1,-1,-1,-1
233,1,975,195,329,884,1,-1,-1,-1
234,1,985,195,319,884,1,-1,-1,-1
235,1,1012,195,326,884,1,-1,-1,-1
236,1,1032,195,306,884,1,-1,-1,-1
237,1,1140,195,231,884,1,-1,-1,-1
238,1,1157,195,239,884,1,-1,-1,-1
239,1,1181,209,248,869,1,-1,-1,-1
240,1,1201,209,245,869,1,-1,-1,-1
241,1,1215,209,259,869,1,-1,-1,-1
242,1,1231,209,258,869,1,-1,-1,-1
243,1,1245,219,268,859,1,-1,-1,-1
244,1,1267,219,265,859,1,-1,-1,-1
245,1,1276,219,264,859,1,-1,-1,-1
246,1,1293,219,270,859,1,-1,-1,-1
247,1,1317,219,270,859,1,-1,-1,-1
248,1,1345,219,272,859,1,-1,-1,-1
249,1,1365,219,301,859,1,-1,-1,-1
250,1,1382,219,306,859,1,-1,-1,-1
251,1,1392,232,314,846,1,-1,-1,-1
252,1,1401,232,319,846,1,-1,-1,-1
253,1,1411,232,319,846,1,-1,-1,-1
254,1,1421,246,308,832,1,-1,-1,-1
255,1,1421,246,295,832,1,-1,-1,-1
256,1,1421,246,290,819,1,-1,-1,-1
257,1,1426,262,285,803,1,-1,-1,-1
258,1,1426,262,272,803,1,-1,-1,-1
259,1,1426,262,280,803,1,-1,-1,-1
260,1,1426,262,280,799,1,-1,-1,-1
261,1,1446,277,259,750,1,-1,-1,-1
262,1,1460,277,242,750,1,-1,-1,-1
263,1,1460,291,242,722,1,-1,-1,-1
264,1,1456,291,242,722,1,-1,-1,-1
265,1,1456,291,234,722,1,-1,-1,-1
266,1,1465,303,225,711,1,-1,-1,-1
267,1,1470,303,229,711,1,-1,-1,-1
268,1,1470,303,229,711,1,-1,-1,-1
269,1,1480,313,226,692,1,-1,-1,-1
270,1,1485,313,226,692,1,-1,-1,-1
271,1,1485,313,226,692,1,-1,-1,-1
272,1,1485,320,226,667,1,-1,-1,-1
273,1,1485,320,226,667,1,-1,-1,-1
274,1,1490,320,216,640,1,-1,-1,-1
275,1,1501,329,206,631,1,-1,-1,-1
276,1,1501,334,206,626,1,-1,-1,-1
277,1,1501,334,196,626,1,-1,-1,-1
278,1,1501,346,196,614,1,-1,-1,-1
279,1,1501,346,182,614,1,-1,-1,-1
280,1,1501,346,182,614,1,-1,-1,-1
281,1,1498,355,182,588,1,-1,-1,-1
282,1,1488,357,182,588,1,-1,-1,-1
283,1,1477,357,192,588,1,-1,-1,-1
284,1,1488,357,182,588,1,-1,-1,-1
285,1,1512,357,157,566,1,-1,-1,-1
286,1,1537,357,124,566,1,-1,-1,-1
294,1,1457,396,124,515,1,-1,-1,-1
295,1,1443,396,138,515,1,-1,-1,-1
296,1,1443,396,138,515,1,-1,-1,-1
297,1,1437,396,144,515,1,-1,-1,-1
298,1,1437,396,156,503,1,-1,-1,-1
299,1,1437,396,147,493,1,-1,-1,-1
300,1,1437,396,147,493,1,-1,-1,-1
301,1,1437,401,147,489,1,-1,-1,-1
302,1,1437,401,140,489,1,-1,-1,-1
303,1,1430,409,143,480,1,-1,-1,-1
304,1,1424,411,143,480,1,-1,-1,-1
305,1,1418,412,143,480,1,-1,-1,-1
306,1,1412,416,143,480,1,-1,-1,-1
307,1,1406,417,143,480,1,-1,-1,-1
308,1,1398,417,143,480,1,-1,-1,-1
309,1,1392,417,143,480,1,-1,-1,-1
310,1,1385,425,143,471,1,-1,-1,-1
311,1,1377,425,144,471,1,-1,-1,-1
312,1,1370,425,144,471,1,-1,-1,-1
313,1,1364,425,147,471,1,-1,-1,-1
314,1,1359,427,137,280,1,-1,-1,-1
315,1,1359,435,137,271,1,-1,-1,-1
316,1,1362,440,125,268,1,-1,-1,-1
317,1,1362,440,125,183,1,-1,-1,-1
318,1,1355,440,114,183,1,-1,-1,-1
319,1,1351,440,111,183,1,-1,-1,-1
320,1,1348,440,102,183,1,-1,-1,-1
321,1,1341,440,98,183,1,-1,-1,-1
322,1,1334,447,98,183,1,-1,-1,-1
323,1,1323,448,98,174,1,-1,-1,-1
324,1,1314,449,98,174,1,-1,-1,-1
325,1,1310,453,98,174,1,-1,-1,-1
326,1,1298,454,98,174,1,-1,-1,-1
327,1,1285,457,98,177,1,-1,-1,-1
328,1,1273,457,98,177,1,-1,-1,-1
329,1,1260,457,98,177,1,-1,-1,-1
330,1,1247,457,98,177,1,-1,-1,-1
331,1,1231,460,98,163,1,-1,-1,-1
332,1,1219,460,98,163,1,-1,-1,-1
333,1,1219,460,98,163,1,-1,-1,-1
340,1,1121,467,101,161,1,-1,-1,-1
341,1,1113,470,95,161,1,-1,-1,-1
342,1,1101,470,95,161,1,-1,-1,-1
343,1,1097,471,95,161,1,-1,-1,-1
344,1,1088,470,95,161,1,-1,-1,-1
345,1,1076,470,95,161,1,-1,-1,-1
346,1,1066,471,95,161,1,-1,-1,-1
347,1,1057,472,95,161,1,-1,-1,-1
348,1,1035,471,105,161,1,-1,-1,-1
349,1,1036,471,92,172,1,-1,-1,-1
350,1,1019,471,101,395,1,-1,-1,-1
351,1,1008,466,99,401,1,-1,-1,-1
352,1,997,466,110,401,1,-1,-1,-1
353,1,987,466,120,401,1,-1,-1,-1
354,1,967,466,123,409,1,-1,-1,-1
355,1,940,464,140,411,1,-1,-1,-1
356,1,908,464,161,411,1,-1,-1,-1
357,1,892,464,172,418,1,-1,-1,-1
358,1,891,458,172,430,1,-1,-1,-1
359,1,891,458,172,430,1,-1,-1,-1
360,1,886,458,164,430,1,-1,-1,-1
361,1,886,458,151,430,1,-1,-1,-1
362,1,856,450,163,438,1,-1,-1,-1
363,1,833,450,186,438,1,-1,-1,-1
364,1,816,450,193,438,1,-1,-1,-1
365,1,803,450,199,438,1,-1,-1,-1
366,1,794,450,203,447,1,-1,-1,-1
367,1,794,450,199,447,1,-1,-1,-1
368,1,794,441,199,455,1,-1,-1,-1
369,1,801,441,185,470,1,-1,-1,-1
370,1,807,430,179,481,1,-1,-1,-1
371,1,807,425,179,486,1,-1,-1,-1
372,1,814,425,169,486,1,-1,-1,-1
373,1,814,425,161,486,1,-1,-1,-1
374,1,814,425,157,486,1,-1,-1,-1
375,1,814,425,157,502,1,-1,-1,-1
376,1,805,425,157,502,1,-1,-1,-1
377,1,793,425,169,509,1,-1,-1,-1
378,1,783,421,179,523,1,-1,-1,-1
379,1,768,417,179,535,1,-1,-1,-1
380,1,760,408,187,543,1,-1,-1,-1
381,1,753,404,187,543,1,-1,-1,-1
382,1,749,403,187,543,1,-1,-1,-1
383,1,732,404,205,543,1,-1,-1,-1
384,1,725,395,212,558,1,-1,-1,-1
385,1,721,388,209,578,1,-1,-1,-1
386,1,706,388,219,587,1,-1,-1,-1
387,1,715,388,210,592,1,-1,-1,-1
388,1,715,382,210,598,1,-1,-1,-1
389,1,715,372,210,608,1,-1,-1,-1
390,1,715,372,210,608,1,-1,-1,-1
391,1,708,363,218,631,1,-1,-1,-1
392,1,708,352,218,646,1,-1,-1,-1
393,1,705,352,218,646,1,-1,-1,-1
394,1,705,352,218,646,1,-1,-1,-1
395,1,695,345,228,653,1,-1,-1,-1
396,1,695,345,228,672,1,-1,-1,-1
397,1,685,333,226,695,1,-1,-1,-1
398,1,688,329,219,714,1,-1,-1,-1
399,1,676,323,221,732,1,-1,-1,-1
400,1,659,314,232,741,1,-1,-1,-1
401,1,640,307,245,748,1,-1,-1,-1
402,1,614,297,258,758,1,-1,-1,-1
403,1,614,287,258,768,1,-1,-1,-1
404,1,569,287,303,768,1,-1,-1,-1
405,1,569,277,293,778,1,-1,-1,-1
406,1,548,277,303,778,1,-1,-1,-1
407,1,533,277,317,784,1,-1,-1,-1
408,1,533,271,301,806,1,-1,-1,-1
409,1,517,257,303,820,1,-1,-1,-1
410,1,517,245,303,832,1,-1,-1,-1
411,1,517,234,281,843,1,-1,-1,-1
412,1,517,222,281,855,1,-1,-1,-1
413,1,501,221,264,855,1,-1,-1,-1
414,1,473,213,277,862,1,-1,-1,-1
415,1,453,208,277,871,1,-1,-1,-1
416,1,428,208,257,871,1,-1,-1,-1
417,1,414,197,271,881,1,-1,-1,-1
418,1,401,197,280,881,1,-1,-1,-1
419,1,386,197,285,881,1,-1,-1,-1
420,1,357,197,311,881,1,-1,-1,-1
421,1,339,189,314,889,1,-1,-1,-1
422,1,301,189,323,889,1,-1,-1,-1
423,1,272,189,287,889,1,-1,-1,-1
424,1,258,177,248,848,1,-1,-1,-1
425,1,252,177,190,463,1,-1,-1,-1
426,1,252,177,190,458,1,-1,-1,-1
427,1,252,177,150,458,1,-1,-1,-1
428,1,252,177,134,458,1,-1,-1,-1
753,1,559,421,105,486,1,-1,-1,-1
754,1,559,421,125,486,1,-1,-1,-1
755,1,559,421,143,486,1,-1,-1,-1
756,1,561,421,157,486,1,-1,-1,-1
757,1,565,424,157,486,1,-1,-1,-1
758,1,565,424,157,470,1,-1,-1,-1
759,1,577,424,146,470,1,-1,-1,-1
760,1,581,426,146,470,1,-1,-1,-1
761,1,603,427,124,470,1,-1,-1,-1
762,1,617,432,146,470,1,-1,-1,-1
763,1,633,435,159,461,1,-1,-1,-1
764,1,640,435,167,461,1,-1,-1,-1
765,1,646,443,167,448,1,-1,-1,-1
766,1,646,443,167,448,1,-1,-1,-1
767,1,665,443,148,448,1,-1,-1,-1
768,1,679,443,134,448,1,-1,-1,-1
769,1,695,444,150,448,1,-1,-1,-1
770,1,719,444,146,435,1,-1,-1,-1
771,1,728,450,157,424,1,-1,-1,-1
772,1,734,457,166,424,1,-1,-1,-1
773,1,747,458,166,424,1,-1,-1,-1
774,1,759,461,166,424,1,-1,-1,-1
775,1,759,461,166,424,1,-1,-1,-1
776,1,771,461,156,424,1,-1,-1,-1
777,1,790,461,137,424,1,-1,-1,-1
778,1,812,461,115,411,1,-1,-1,-1
779,1,829,461,114,411,1,-1,-1,-1
780,1,842,461,114,411,1,-1,-1,-1
781,1,858,460,114,411,1,-1,-1,-1
782,1,858,460,144,411,1,-1,-1,-1
783,1,858,460,170,411,1,-1,-1,-1
784,1,858,460,195,411,1,-1,-1,-1
785,1,868,460,185,411,1,-1,-1,-1
786,1,868,460,185,411,1,-1,-1,-1
787,1,905,460,147,411,1,-1,-1,-1
788,1,927,460,135,411,1,-1,-1,-1
789,1,951,460,111,411,1,-1,-1,-1
790,1,972,460,108,411,1,-1,-1,-1
791,1,980,460,108,404,1,-1,-1,-1
792,1,993,460,105,404,1,-1,-1,-1
793,1,1006,460,101,404,1,-1,-1,-1
794,1,1006,460,112,404,1,-1,-1,-1
795,1,1019,460,111,404,1,-1,-1,-1
796,1,1038,460,114,183,1,-1,-1,-1
797,1,1072,460,82,186,1,-1,-1,-1
798,1,1084,466,84,177,1,-1,-1,-1
799,1,1094,466,84,177,1,-1,-1,-1
800,1,1107,463,84,169,1,-1,-1,-1
801,1,1117,466,84,163,1,-1,-1,-1
802,1,1127,469,84,163,1,-1,-1,-1
803,1,1140,473,84,151,1,-1,-1,-1
804,1,1149,472,84,151,1,-1,-1,-1
805,1,1169,468,84,151,1,-1,-1,-1
806,1,1178,462,84,151,1,-1,-1,-1
807,1,1188,461,84,151,1,-1,-1,-1
808,1,1200,464,84,151,1,-1,-1,-1
809,1,1201,464,98,151,1,-1,-1,-1
810,1,1210,464,98,151,1,-1,-1,-1
811,1,1220,461,98,151,1,-1,-1,-1
475,2,564,381,124,565,1,-1,-1,-1
476,2,564,381,146,565,1,-1,-1,-1
477,2,564,381,146,574,1,-1,-1,-1
478,2,564,381,160,574,1,-1,-1,-1
479,2,569,372,172,578,1,-1,-1,-1
480,2,569,372,179,578,1,-1,-1,-1
481,2,582,369,196,582,1,-1,-1,-1
482,2,608,368,215,582,1,-1,-1,-1
483,2,630,369,215,582,1,-1,-1,-1
484,2,630,369,234,582,1,-1,-1,-1
485,2,644,369,234,582,1,-1,-1,-1
486,2,657,369,222,582,1,-1,-1,-1
487,2,679,368,209,582,1,-1,-1,-1
488,2,708,368,180,582,1,-1,-1,-1
489,2,741,368,141,582,1,-1,-1,-1
490,2,741,368,163,582,1,-1,-1,-1
491,2,750,372,182,582,1,-1,-1,-1
492,2,763,373,182,582,1,-1,-1,-1
493,2,777,370,189,582,1,-1,-1,-1
494,2,788,369,182,582,1,-1,-1,-1
495,2,801,370,177,582,1,-1,-1,-1
496,2,801,362,169,591,1,-1,-1,-1
497,2,812,369,163,591,1,-1,-1,-1
498,2,812,369,163,591,1,-1,-1,-1
499,2,820,369,170,591,1,-1,-1,-1
500,2,820,378,177,582,1,-1,-1,-1
501,2,833,378,164,582,1,-1,-1,-1
502,2,833,383,186,577,1,-1,-1,-1
503,2,833,392,186,568,1,-1,-1,-1
504,2,833,392,186,568,1,-1,-1,-1
505,2,833,392,186,556,1,-1,-1,-1
506,2,817,392,202,541,1,-1,-1,-1
507,2,817,392,212,541,1,-1,-1,-1
508,2,817,405,212,528,1,-1,-1,-1
509,2,817,405,212,517,1,-1,-1,-1
510,2,817,405,206,517,1,-1,-1,-1
511,2,830,421,193,502,1,-1,-1,-1
512,2,830,421,193,502,1,-1,-1,-1
513,2,849,421,174,499,1,-1,-1,-1
514,2,863,421,172,481,1,-1,-1,-1
515,2,866,425,172,479,1,-1,-1,-1
516,2,872,430,172,474,1,-1,-1,-1
517,2,884,435,166,460,1,-1,-1,-1
518,2,888,444,166,448,1,-1,-1,-1
519,2,892,451,166,448,1,-1,-1,-1
520,2,901,451,166,440,1,-1,-1,-1
521,2,911,448,166,427,1,-1,-1,-1
522,2,920,448,157,427,1,-1,-1,-1
523,2,930,451,157,427,1,-1,-1,-1
524,2,940,451,148,414,1,-1,-1,-1
525,2,940,451,154,414,1,-1,-1,-1
526,2,940,451,163,414,1,-1,-1,-1
527,2,954,451,159,414,1,-1,-1,-1
528,2,967,457,156,408,1,-1,-1,-1
529,2,993,457,143,408,1,-1,-1,-1
530,2,1028,457,114,180,1,-1,-1,-1
531,2,1047,460,114,180,1,-1,-1,-1
532,2,1059,460,114,180,1,-1,-1,-1
533,2,1075,461,114,180,1,-1,-1,-1
534,2,1093,465,114,172,1,-1,-1,-1
535,2,1106,463,114,160,1,-1,-1,-1
536,2,1120,463,114,160,1,-1,-1,-1
537,2,1140,459,114,160,1,-1,-1,-1
538,2,1156,456,114,160,1,-1,-1,-1
539,2,1166,455,114,160,1,-1,-1,-1
540,2,1171,459,114,160,1,-1,-1,-1
541,2,1188,455,114,160,1,-1,-1,-1
542,2,1195,454,114,160,1,-1,-1,-1
543,2,1195,454,114,160,1,-1,-1,-1
544,2,1209,448,114,160,1,-1,-1,-1
545,2,1222,444,114,173,1,-1,-1,-1
546,2,1232,441,114,173,1,-1,-1,-1
547,2,1238,440,124,176,1,-1,-1,-1
548,2,1247,435,124,192,1,-1,-1,-1
549,2,1259,435,124,192,1,-1,-1,-1
550,2,1269,432,124,192,1,-1,-1,-1
551,2,1283,432,134,192,1,-1,-1,-1
552,2,1295,428,134,192,1,-1,-1,-1
553,2,1307,418,140,210,1,-1,-1,-1
554,2,1307,409,159,219,1,-1,-1,-1
555,2,1319,409,164,219,1,-1,-1,-1
556,2,1326,405,164,223,1,-1,-1,-1
557,2,1326,405,183,223,1,-1,-1,-1
558,2,1336,405,193,280,1,-1,-1,-1
559,2,1346,405,193,280,1,-1,-1,-1
560,2,1346,405,193,280,1,-1,-1,-1
561,2,1346,386,193,419,1,-1,-1,-1
562,2,1362,383,180,419,1,-1,-1,-1
563,2,1371,377,180,419,1,-1,-1,-1
564,2,1381,373,180,529,1,-1,-1,-1
565,2,1390,373,192,533,1,-1,-1,-1
566,2,1403,373,209,533,1,-1,-1,-1
567,2,1418,372,202,545,1,-1,-1,-1
568,2,1434,363,186,568,1,-1,-1,-1
569,2,1443,357,186,577,1,-1,-1,-1
570,2,1449,345,186,587,1,-1,-1,-1
571,2,1462,342,186,592,1,-1,-1,-1
572,2,1469,337,203,592,1,-1,-1,-1
573,2,1469,323,216,631,1,-1,-1,-1
574,2,1479,323,225,631,1,-1,-1,-1
575,2,1479,323,242,633,1,-1,-1,-1
576,2,1489,319,242,653,1,-1,-1,-1
577,2,1503,316,228,666,1,-1,-1,-1
578,2,1503,304,228,677,1,-1,-1,-1
579,2,1503,293,228,689,1,-1,-1,-1
580,2,1514,281,229,709,1,-1,-1,-1
581,2,1514,277,238,714,1,-1,-1,-1
582,2,1524,274,238,714,1,-1,-1,-1
583,2,1534,271,238,732,1,-1,-1,-1
584,2,1542,267,255,732,1,-1,-1,-1
585,2,1555,267,241,748,1,-1,-1,-1
586,2,1555,248,258,767,1,-1,-1,-1
587,2,1571,244,258,780,1,-1,-1,-1
588,2,1583,238,258,788,1,-1,-1,-1
589,2,1587,234,284,788,1,-1,-1,-1
590,2,1597,225,284,822,1,-1,-1,-1
591,2,1610,218,284,848,1,-1,-1,-1
592,2,1619,209,290,848,1,-1,-1,-1
593,2,1629,205,290,874,1,-1,-1,-1
594,2,1652,205,267,874,1,-1,-1,-1
595,2,1669,183,249,895,1,-1,-1,-1
596,2,1689,161,229,917,1,-1,-1,-1
597,2,1698,150,221,928,1,-1,-1,-1
598,2,1710,131,209,947,1,-1,-1,-1
599,2,1728,118,190,960,1,-1,-1,-1
600,2,1741,114,177,964,1,-1,-1,-1
601,2,1741,107,177,972,1,-1,-1,-1
602,2,1753,97,166,982,1,-1,-1,-1
603,2,1753,86,166,992,1,-1,-1,-1
604,2,1753,71,166,1008,1,-1,-1,-1
605,2,1735,66,183,1012,1,-1,-1,-1
606,2,1718,45,200,1034,1,-1,-1,-1
607,2,1718,45,200,1034,1,-1,-1,-1
608,2,1702,33,216,1045,1,-1,-1,-1
609,2,1692,33,226,1045,1,-1,-1,-1
610,2,1685,33,234,1045,1,-1,-1,-1
611,2,1646,33,272,1045,1,-1,-1,-1
612,2,1606,20,313,1058,1,-1,-1,-1
613,2,1570,20,349,1058,1,-1,-1,-1
614,2,1506,20,412,1058,1,-1,-1,-1
615,2,1498,14,394,1064,1,-1,-1,-1
616,2,1465,14,394,1064,1,-1,-1,-1
617,2,1423,14,389,1064,1,-1,-1,-1
618,2,1378,14,395,1064,1,-1,-1,-1
619,2,1326,14,399,1064,1,-1,-1,-1
620,2,1290,14,388,1064,1,-1,-1,-1
621,2,1258,6,366,1072,1,-1,-1,-1
622,2,1166,6,401,1072,1,-1,-1,-1
623,2,1133,6,385,1072,1,-1,-1,-1
624,2,1072,6,408,1072,1,-1,-1,-1
625,2,1016,6,427,1072,1,-1,-1,-1
626,2,977,6,404,1072,1,-1,-1,-1
627,2,921,29,421,1049,1,-1,-1,-1
628,2,872,29,405,1049,1,-1,-1,-1
629,2,835,29,394,1049,1,-1,-1,-1
630,2,790,29,379,1049,1,-1,-1,-1
631,2,761,46,369,1032,1,-1,-1,-1
632,2,716,46,376,1032,1,-1,-1,-1
633,2,686,65,368,1013,1,-1,-1,-1
634,2,654,65,366,1013,1,-1,-1,-1
635,2,615,65,363,1013,1,-1,-1,-1
636,2,572,65,363,1013,1,-1,-1,-1
637,2,525,78,368,1000,1,-1,-1,-1
638,2,493,78,370,1000,1,-1,-1,-1
639,2,473,78,359,1000,1,-1,-1,-1
640,2,445,78,366,1000,1,-1,-1,-1
641,2,434,78,357,1000,1,-1,-1,-1
642,2,412,78,366,1000,1,-1,-1,-1
643,2,402,98,369,980,1,-1,-1,-1
644,2,402,98,343,980,1,-1,-1,-1
645,2,402,111,333,967,1,-1,-1,-1
646,2,395,111,333,967,1,-1,-1,-1
647,2,389,111,333,967,1,-1,-1,-1
648,2,386,112,324,967,1,-1,-1,-1
649,2,378,125,324,954,1,-1,-1,-1
650,2,378,125,313,954,1,-1,-1,-1
651,2,359,125,332,954,1,-1,-1,-1
652,2,359,125,317,954,1,-1,-1,-1
653,2,359,125,317,954,1,-1,-1,-1
654,2,332,125,317,954,1,-1,-1,-1
655,2,301,125,324,954,1,-1,-1,-1
656,2,287,125,326,954,1,-1,-1,-1
657,2,258,116,349,963,1,-1,-1,-1
658,2,253,116,349,963,1,-1,-1,-1
659,2,254,115,324,963,1,-1,-1,-1
660,2,254,115,324,963,1,-1,-1,-1
661,2,254,115,324,963,1,-1,-1,-1
662,2,254,115,324,963,1,-1,-1,-1
663,2,254,115,324,963,1,-1,-1,-1
664,2,254,115,324,963,1,-1,-1,-1
665,2,254,115,324,963,1,-1,-1,-1
666,2,254,115,347,963,1,-1,-1,-1
667,2,254,115,347,963,1,-1,-1,-1
668,2,254,115,365,963,1,-1,-1,-1
669,2,254,115,376,963,1,-1,-1,-1
670,2,254,115,376,963,1,-1,-1,-1
671,2,254,115,398,963,1,-1,-1,-1
672,2,254,131,408,947,1,-1,-1,-1
673,2,270,131,414,947,1,-1,-1,-1
674,2,294,131,412,947,1,-1,-1,-1
675,2,329,156,402,923,1,-1,-1,-1
676,2,350,156,402,923,1,-1,-1,-1
677,2,373,156,402,923,1,-1,-1,-1
678,2,409,170,382,908,1,-1,-1,-1
679,2,429,170,382,908,1,-1,-1,-1
680,2,450,185,382,894,1,-1,-1,-1
681,2,466,210,382,868,1,-1,-1,-1
682,2,474,210,372,868,1,-1,-1,-1
683,2,494,228,352,850,1,-1,-1,-1
684,2,515,251,332,827,1,-1,-1,-1
685,2,532,251,314,827,1,-1,-1,-1
686,2,539,251,320,827,1,-1,-1,-1
687,2,546,251,327,827,1,-1,-1,-1
688,2,559,251,314,827,1,-1,-1,-1
689,2,559,271,314,799,1,-1,-1,-1
690,2,569,278,317,791,1,-1,-1,-1
691,2,581,297,311,758,1,-1,-1,-1
692,2,581,297,311,758,1,-1,-1,-1
693,2,605,311,294,744,1,-1,-1,-1
694,2,605,311,294,716,1,-1,-1,-1
695,2,630,324,270,677,1,-1,-1,-1
696,2,630,324,270,663,1,-1,-1,-1
697,2,630,337,270,650,1,-1,-1,-1
698,2,630,337,251,650,1,-1,-1,-1
699,2,630,356,251,631,1,-1,-1,-1
700,2,630,356,226,631,1,-1,-1,-1
701,2,626,356,222,631,1,-1,-1,-1
702,2,618,356,212,604,1,-1,-1,-1
703,2,608,359,192,591,1,-1,-1,-1
704,2,600,359,186,591,1,-1,-1,-1
705,2,591,358,186,591,1,-1,-1,-1
706,2,572,368,186,581,1,-1,-1,-1
707,2,564,379,186,569,1,-1,-1,-1
708,2,564,379,183,569,1,-1,-1,-1
709,2,564,379,166,569,1,-1,-1,-1
710,2,564,379,138,569,1,-1,-1,-1
711,2,564,379,105,542,1,-1,-1,-1
712,2,564,379,97,542,1,-1,-1,-1
713,2,564,379,97,542,1,-1,-1,-1
714,2,564,379,97,542,1,-1,-1,-1
305,3,248,89,182,634,1,-1,-1,-1
306,3,248,89,225,634,1,-1,-1,-1
307,3,248,89,275,634,1,-1,-1,-1
308,3,248,89,306,634,1,-1,-1,-1
309,3,248,76,316,987,1,-1,-1,-1
310,3,248,76,353,1003,1,-1,-1,-1
311,3,271,76,330,1003,1,-1,-1,-1
312,3,287,76,298,1003,1,-1,-1,-1
313,3,297,76,298,1003,1,-1,-1,-1
314,3,355,76,270,1003,1,-1,-1,-1
315,3,396,76,262,1003,1,-1,-1,-1
316,3,419,76,259,1003,1,-1,-1,-1
317,3,450,76,333,1003,1,-1,-1,-1
318,3,460,76,389,1003,1,-1,-1,-1
319,3,490,76,405,1003,1,-1,-1,-1
320,3,529,76,389,1003,1,-1,-1,-1
321,3,556,64,381,1015,1,-1,-1,-1
322,3,584,43,339,1035,1,-1,-1,-1
323,3,604,27,306,1051,1,-1,-1,-1
324,3,644,27,314,1051,1,-1,-1,-1
325,3,676,16,291,1062,1,-1,-1,-1
326,3,698,7,389,1071,1,-1,-1,-1
327,3,715,7,440,1071,1,-1,-1,-1
328,3,745,1,468,1077,1,-1,-1,-1
329,3,777,1,489,1077,1,-1,-1,-1
330,3,806,1,460,1077,1,-1,-1,-1
331,3,840,1,411,1077,1,-1,-1,-1
332,3,858,1,370,1077,1,-1,-1,-1
333,3,923,1,340,1077,1,-1,-1,-1
334,3,953,1,379,1077,1,-1,-1,-1
335,3,992,1,395,1077,1,-1,-1,-1
336,3,992,1,477,1077,1,-1,-1,-1
337,3,992,1,535,1077,1,-1,-1,-1
338,3,1067,1,471,1077,1,-1,-1,-1
339,3,1103,1,455,1077,1,-1,-1,-1
340,3,1168,1,391,1077,1,-1,-1,-1
341,3,1235,1,323,1077,1,-1,-1,-1
342,3,1274,1,324,1077,1,-1,-1,-1
343,3,1312,1,345,1077,1,-1,-1,-1
344,3,1368,1,363,1077,1,-1,-1,-1
345,3,1395,1,405,1077,1,-1,-1,-1
346,3,1403,26,489,1052,1,-1,-1,-1
347,3,1420,43,487,1035,1,-1,-1,-1
348,3,1437,58,481,1021,1,-1,-1,-1
349,3,1454,75,464,1003,1,-1,-1,-1
350,3,1454,75,464,1003,1,-1,-1,-1
351,3,1473,97,445,982,1,-1,-1,-1
352,3,1501,117,418,961,1,-1,-1,-1
353,3,1515,117,404,961,1,-1,-1,-1
354,3,1526,137,372,941,1,-1,-1,-1
355,3,1526,137,372,941,1,-1,-1,-1
356,3,1541,148,369,930,1,-1,-1,-1
357,3,1554,161,356,917,1,-1,-1,-1
358,3,1567,173,343,905,1,-1,-1,-1
359,3,1587,183,323,895,1,-1,-1,-1
360,3,1594,183,316,895,1,-1,-1,-1
361,3,1594,196,324,882,1,-1,-1,-1
362,3,1594,196,324,882,1,-1,-1,-1
363,3,1603,206,316,872,1,-1,-1,-1
364,3,1603,219,294,836,1,-1,-1,-1
365,3,1616,229,275,826,1,-1,-1,-1
366,3,1616,241,262,814,1,-1,-1,-1
367,3,1616,241,249,806,1,-1,-1,-1
368,3,1616,251,242,796,1,-1,-1,-1
369,3,1610,249,242,780,1,-1,-1,-1
370,3,1599,262,242,745,1,-1,-1,-1
371,3,1590,261,265,745,1,-1,-1,-1
372,3,1577,280,278,726,1,-1,-1,-1
373,3,1577,287,278,719,1,-1,-1,-1
374,3,1571,293,284,714,1,-1,-1,-1
375,3,1572,309,272,703,1,-1,-1,-1
376,3,1573,308,249,677,1,-1,-1,-1
377,3,1573,317,228,669,1,-1,-1,-1
378,3,1573,317,205,634,1,-1,-1,-1
379,3,1583,317,183,634,1,-1,-1,-1
380,3,1583,329,174,617,1,-1,-1,-1
381,3,1583,329,174,617,1,-1,-1,-1
382,3,1583,342,161,604,1,-1,-1,-1
383,3,1555,342,176,604,1,-1,-1,-1
384,3,1547,356,185,590,1,-1,-1,-1
385,3,1535,356,196,590,1,-1,-1,-1
386,3,1522,356,196,578,1,-1,-1,-1
387,3,1515,356,185,578,1,-1,-1,-1
388,3,1489,356,180,578,1,-1,-1,-1
389,3,1453,356,216,566,1,-1,-1,-1
390,3,1453,370,216,552,1,-1,-1,-1
391,3,1446,370,209,552,1,-1,-1,-1
392,3,1439,379,205,543,1,-1,-1,-1
393,3,1439,386,193,536,1,-1,-1,-1
394,3,1439,386,169,536,1,-1,-1,-1
395,3,1439,401,169,522,1,-1,-1,-1
396,3,1428,401,148,496,1,-1,-1,-1
397,3,1428,401,138,496,1,-1,-1,-1
398,3,1424,401,131,496,1,-1,-1,-1
399,3,1417,401,127,496,1,-1,-1,-1
400,3,1405,401,134,496,1,-1,-1,-1
401,3,1398,415,138,481,1,-1,-1,-1
402,3,1382,415,140,481,1,-1,-1,-1
403,3,1366,419,150,481,1,-1,-1,-1
404,3,1354,419,150,290,1,-1,-1,-1
405,3,1336,424,130,209,1,-1,-1,-1
406,3,1325,424,141,209,1,-1,-1,-1
407,3,1316,431,141,199,1,-1,-1,-1
408,3,1299,432,154,187,1,-1,-1,-1
409,3,1290,432,147,187,1,-1,-1,-1
410,3,1290,447,131,173,1,-1,-1,-1
411,3,1277,450,131,173,1,-1,-1,-1
412,3,1277,450,118,173,1,-1,-1,-1
413,3,1277,450,118,173,1,-1,-1,-1
414,3,1267,450,111,173,1,-1,-1,-1
415,3,1260,450,107,173,1,-1,-1,-1
416,3,1250,455,107,166,1,-1,-1,-1
417,3,1240,455,92,166,1,-1,-1,-1
418,3,1228,455,92,166,1,-1,-1,-1
419,3,1211,456,92,166,1,-1,-1,-1
420,3,1197,454,89,166,1,-1,-1,-1
421,3,1187,454,89,166,1,-1,-1,-1
422,3,1169,455,89,166,1,-1,-1,-1
423,3,1156,455,104,166,1,-1,-1,-1
424,3,1146,455,92,166,1,-1,-1,-1
425,3,1136,455,92,166,1,-1,-1,-1
426,3,1126,456,92,166,1,-1,-1,-1
427,3,1116,456,92,166,1,-1,-1,-1
428,3,1102,457,92,166,1,-1,-1,-1
429,3,1088,460,92,176,1,-1,-1,-1
430,3,1076,459,92,176,1,-1,-1,-1
431,3,1058,458,97,176,1,-1,-1,-1
432,3,1036,458,118,176,1,-1,-1,-1
433,3,1021,457,127,176,1,-1,-1,-1
434,3,961,460,180,206,1,-1,-1,-1
435,3,937,460,197,405,1,-1,-1,-1
436,3,923,460,197,409,1,-1,-1,-1
437,3,907,460,197,418,1,-1,-1,-1
438,3,915,460,172,418,1,-1,-1,-1
439,3,915,451,150,427,1,-1,-1,-1
440,3,907,451,146,427,1,-1,-1,-1
441,3,907,451,130,427,1,-1,-1,-1
442,3,895,451,133,427,1,-1,-1,-1
443,3,871,451,137,427,1,-1,-1,-1
444,3,832,451,176,427,1,-1,-1,-1
445,3,814,451,193,427,1,-1,-1,-1
446,3,814,451,180,427,1,-1,-1,-1
447,3,813,451,170,427,1,-1,-1,-1
448,3,813,451,144,427,1,-1,-1,-1
449,3,804,451,133,427,1,-1,-1,-1
450,3,775,450,146,431,1,-1,-1,-1
451,3,748,450,161,431,1,-1,-1,-1
452,3,728,450,164,440,1,-1,-1,-1
453,3,711,448,182,441,1,-1,-1,-1
454,3,698,448,180,457,1,-1,-1,-1
455,3,679,445,195,451,1,-1,-1,-1
456,3,665,438,195,451,1,-1,-1,-1
457,3,676,435,159,461,1,-1,-1,-1
458,3,670,432,144,461,1,-1,-1,-1
459,3,663,432,143,467,1,-1,-1,-1
460,3,651,432,143,467,1,-1,-1,-1
461,3,637,432,147,457,1,-1,-1,-1
462,3,624,432,160,457,1,-1,-1,-1
463,3,601,432,173,457,1,-1,-1,-1
464,3,595,425,164,468,1,-1,-1,-1
465,3,571,425,173,473,1,-1,-1,-1
466,3,565,425,169,473,1,-1,-1,-1
467,3,565,425,156,473,1,-1,-1,-1
468,3,565,425,156,473,1,-1,-1,-1
469,3,565,425,141,473,1,-1,-1,-1
470,3,565,425,128,473,1,-1,-1,-1
471,3,565,425,101,473,1,-1,-1,-1
472,3,565,425,86,473,1,-1,-1,-1
138,4,246,151,144,483,1,-1,-1,-1
139,4,246,151,177,483,1,-1,-1,-1
140,4,246,144,213,490,1,-1,-1,-1
141,4,254,140,225,722,1,-1,-1,-1
142,4,254,134,255,843,1,-1,-1,-1
143,4,254,134,287,843,1,-1,-1,-1
144,4,280,134,287,944,1,-1,-1,-1
145,4,301,134,330,944,1,-1,-1,-1
146,4,332,134,324,944,1,-1,-1,-1
147,4,365,134,307,944,1,-1,-1,-1
148,4,395,125,307,954,1,-1,-1,-1
149,4,423,116,307,963,1,-1,-1,-1
150,4,474,115,316,963,1,-1,-1,-1
151,4,517,115,297,963,1,-1,-1,-1
152,4,551,115,306,963,1,-1,-1,-1
153,4,582,115,294,963,1,-1,-1,-1
154,4,613,124,304,954,1,-1,-1,-1
155,4,618,131,333,947,1,-1,-1,-1
156,4,618,146,372,933,1,-1,-1,-1
157,4,646,156,379,923,1,-1,-1,-1
158,4,662,156,408,923,1,-1,-1,-1
159,4,742,156,365,923,1,-1,-1,-1
160,4,839,163,295,915,1,-1,-1,-1
161,4,888,163,277,915,1,-1,-1,-1
162,4,930,163,267,915,1,-1,-1,-1
163,4,937,163,280,915,1,-1,-1,-1
164,4,937,177,417,901,1,-1,-1,-1
165,4,951,189,402,889,1,-1,-1,-1
166,4,951,189,402,889,1,-1,-1,-1
167,4,979,189,375,889,1,-1,-1,-1
168,4,1031,189,370,889,1,-1,-1,-1
169,4,1111,186,321,892,1,-1,-1,-1
170,4,1186,186,283,892,1,-1,-1,-1
171,4,1222,186,264,892,1,-1,-1,-1
172,4,1245,186,262,892,1,-1,-1,-1
173,4,1260,208,271,871,1,-1,-1,-1
174,4,1271,208,284,871,1,-1,-1,-1
175,4,1297,226,277,852,1,-1,-1,-1
176,4,1328,226,259,852,1,-1,-1,-1
177,4,1366,235,239,843,1,-1,-1,-1
178,4,1382,235,244,843,1,-1,-1,-1
179,4,1397,235,245,825,1,-1,-1,-1
180,4,1411,235,270,810,1,-1,-1,-1
181,4,1423,261,268,784,1,-1,-1,-1
182,4,1423,261,268,784,1,-1,-1,-1
183,4,1453,270,238,775,1,-1,-1,-1
184,4,1466,280,225,765,1,-1,-1,-1
185,4,1492,280,222,739,1,-1,-1,-1
186,4,1492,291,222,702,1,-1,-1,-1
187,4,1492,300,222,685,1,-1,-1,-1
188,4,1492,300,222,670,1,-1,-1,-1
189,4,1503,313,200,657,1,-1,-1,-1
190,4,1499,319,195,657,1,-1,-1,-1
191,4,1499,323,186,657,1,-1,-1,-1
192,4,1489,334,186,634,1,-1,-1,-1
193,4,1483,342,192,624,1,-1,-1,-1
194,4,1473,345,186,595,1,-1,-1,-1
195,4,1461,346,186,595,1,-1,-1,-1
196,4,1455,349,186,595,1,-1,-1,-1
197,4,1449,355,186,584,1,-1,-1,-1
198,4,1449,355,179,584,1,-1,-1,-1
199,4,1441,373,179,561,1,-1,-1,-1
200,4,1432,380,179,561,1,-1,-1,-1
201,4,1428,383,179,548,1,-1,-1,-1
202,4,1428,391,169,526,1,-1,-1,-1
203,4,1423,392,161,509,1,-1,-1,-1
204,4,1423,394,148,509,1,-1,-1,-1
205,4,1423,394,143,494,1,-1,-1,-1
206,4,1420,398,131,494,1,-1,-1,-1
207,4,1408,405,131,494,1,-1,-1,-1
208,4,1400,409,148,487,1,-1,-1,-1
209,4,1381,417,159,479,1,-1,-1,-1
210,4,1369,418,164,467,1,-1,-1,-1
211,4,1356,422,164,457,1,-1,-1,-1
212,4,1346,422,133,208,1,-1,-1,-1
213,4,1333,427,146,208,1,-1,-1,-1
214,4,1323,424,156,208,1,-1,-1,-1
215,4,1316,432,147,197,1,-1,-1,-1
216,4,1316,432,137,197,1,-1,-1,-1
217,4,1309,435,137,190,1,-1,-1,-1
218,4,1305,445,127,180,1,-1,-1,-1
219,4,1299,445,127,180,1,-1,-1,-1
220,4,1294,445,112,180,1,-1,-1,-1
221,4,1288,445,112,180,1,-1,-1,-1
222,4,1281,445,99,180,1,-1,-1,-1
223,4,1272,445,99,180,1,-1,-1,-1
224,4,1266,448,92,174,1,-1,-1,-1
225,4,1252,448,92,174,1,-1,-1,-1
226,4,1240,448,92,174,1,-1,-1,-1
227,4,1235,453,85,166,1,-1,-1,-1
228,4,1223,453,85,166,1,-1,-1,-1
229,4,1213,454,85,166,1,-1,-1,-1
230,4,1196,454,85,166,1,-1,-1,-1
231,4,1194,454,78,166,1,-1,-1,-1
232,4,1194,454,78,166,1,-1,-1,-1
237,4,1088,461,72,180,1,-1,-1,-1
238,4,1088,461,89,180,1,-1,-1,-1
239,4,1077,461,101,180,1,-1,-1,-1
240,4,1077,461,101,180,1,-1,-1,-1
241,4,1064,461,114,180,1,-1,-1,-1
242,4,1048,461,130,180,1,-1,-1,-1
243,4,1036,461,131,180,1,-1,-1,-1
244,4,1036,461,118,180,1,-1,-1,-1
245,4,1023,461,121,180,1,-1,-1,-1
246,4,1021,461,111,406,1,-1,-1,-1
247,4,1008,455,117,412,1,-1,-1,-1
248,4,996,455,114,412,1,-1,-1,-1
249,4,986,450,114,418,1,-1,-1,-1
250,4,975,450,114,418,1,-1,-1,-1
251,4,957,450,131,430,1,-1,-1,-1
252,4,947,450,134,430,1,-1,-1,-1
253,4,920,453,146,430,1,-1,-1,-1
254,4,916,453,146,430,1,-1,-1,-1
255,4,916,453,146,430,1,-1,-1,-1
256,4,904,441,141,441,1,-1,-1,-1
257,4,887,440,141,441,1,-1,-1,-1
258,4,876,440,138,450,1,-1,-1,-1
259,4,868,434,138,455,1,-1,-1,-1
260,4,861,434,138,467,1,-1,-1,-1
261,4,849,434,140,467,1,-1,-1,-1
262,4,839,434,138,480,1,-1,-1,-1
263,4,820,434,146,480,1,-1,-1,-1
264,4,814,431,146,483,1,-1,-1,-1
265,4,799,427,141,493,1,-1,-1,-1
266,4,790,418,141,503,1,-1,-1,-1
267,4,784,412,135,506,1,-1,-1,-1
268,4,771,412,130,506,1,-1,-1,-1
269,4,807,412,89,506,1,-1,-1,-1
273,4,666,411,128,505,1,-1,-1,-1
274,4,662,411,163,505,1,-1,-1,-1
275,4,654,404,183,513,1,-1,-1,-1
276,4,633,404,159,513,1,-1,-1,-1
277,4,615,404,138,513,1,-1,-1,-1
278,4,607,404,127,513,1,-1,-1,-1
279,4,591,399,147,517,1,-1,-1,-1
280,4,562,399,176,517,1,-1,-1,-1
281,4,562,399,164,517,1,-1,-1,-1
282,4,562,399,159,517,1,-1,-1,-1
283,4,562,399,141,517,1,-1,-1,-1
284,4,562,399,102,517,1,-1,-1,-1
255,5,252,190,105,435,1,-1,-1,-1
256,5,242,187,140,444,1,-1,-1,-1
257,5,242,176,180,455,1,-1,-1,-1
258,5,242,164,212,509,1,-1,-1,-1
259,5,242,153,234,835,1,-1,-1,-1
260,5,261,144,258,879,1,-1,-1,-1
261,5,290,144,267,935,1,-1,-1,-1
262,5,311,136,281,943,1,-1,-1,-1
263,5,357,135,319,943,1,-1,-1,-1
264,5,392,135,326,943,1,-1,-1,-1
265,5,417,135,316,943,1,-1,-1,-1
266,5,437,135,310,943,1,-1,-1,-1
267,5,489,135,298,943,1,-1,-1,-1
268,5,558,121,252,957,1,-1,-1,-1
269,5,595,112,265,966,1,-1,-1,-1
270,5,624,112,275,966,1,-1,-1,-1
271,5,673,112,288,966,1,-1,-1,-1
272,5,698,101,324,977,1,-1,-1,-1
273,5,698,101,355,977,1,-1,-1,-1
274,5,742,101,360,977,1,-1,-1,-1
275,5,768,84,385,995,1,-1,-1,-1
276,5,845,75,355,1003,1,-1,-1,-1
277,5,935,75,303,1003,1,-1,-1,-1
278,5,960,75,317,1003,1,-1,-1,-1
279,5,1022,75,288,1003,1,-1,-1,-1
280,5,1054,75,295,1003,1,-1,-1,-1
281,5,1094,75,306,1003,1,-1,-1,-1
282,5,1137,102,303,976,1,-1,-1,-1
283,5,1162,121,314,957,1,-1,-1,-1
284,5,1230,121,288,957,1,-1,-1,-1
285,5,1263,121,288,957,1,-1,-1,-1
286,5,1292,121,295,957,1,-1,-1,-1
287,5,1325,121,303,957,1,-1,-1,-1
288,5,1362,121,294,957,1,-1,-1,-1
289,5,1392,140,307,938,1,-1,-1,-1
290,5,1411,140,317,938,1,-1,-1,-1
291,5,1431,140,311,938,1,-1,-1,-1
292,5,1466,140,308,938,1,-1,-1,-1
293,5,1498,160,304,918,1,-1,-1,-1
294,5,1524,160,294,918,1,-1,-1,-1
295,5,1548,186,290,892,1,-1,-1,-1
296,5,1567,186,271,892,1,-1,-1,-1
297,5,1586,186,267,892,1,-1,-1,-1
298,5,1594,213,258,865,1,-1,-1,-1
299,5,1601,221,251,858,1,-1,-1,-1
300,5,1609,235,239,843,1,-1,-1,-1
301,5,1609,235,239,843,1,-1,-1,-1
302,5,1609,235,239,843,1,-1,-1,-1
303,5,1621,242,228,830,1,-1,-1,-1
304,5,1622,242,222,820,1,-1,-1,-1
305,5,1622,262,222,800,1,-1,-1,-1
306,5,1626,275,218,787,1,-1,-1,-1
307,5,1635,275,209,787,1,-1,-1,-1
308,5,1635,291,209,771,1,-1,-1,-1
309,5,1635,291,209,755,1,-1,-1,-1
310,5,1635,291,209,755,1,-1,-1,-1
311,5,1635,291,209,729,1,-1,-1,-1
312,5,1635,303,195,695,1,-1,-1,-1
313,5,1635,310,183,682,1,-1,-1,-1
314,5,1631,310,172,682,1,-1,-1,-1
315,5,1617,324,179,657,1,-1,-1,-1
316,5,1609,330,179,652,1,-1,-1,-1
317,5,1607,330,174,652,1,-1,-1,-1
318,5,1597,330,174,646,1,-1,-1,-1
319,5,1583,330,185,636,1,-1,-1,-1
320,5,1570,345,185,621,1,-1,-1,-1
321,5,1570,345,185,621,1,-1,-1,-1
322,5,1565,347,177,604,1,-1,-1,-1
323,5,1558,349,177,604,1,-1,-1,-1
324,5,1548,349,179,604,1,-1,-1,-1
325,5,1548,356,179,604,1,-1,-1,-1
326,5,1548,370,164,590,1,-1,-1,-1
327,5,1548,370,164,590,1,-1,-1,-1
328,5,1541,370,164,578,1,-1,-1,-1
329,5,1537,370,164,578,1,-1,-1,-1
330,5,1537,370,164,552,1,-1,-1,-1
331,5,1531,379,148,541,1,-1,-1,-1
332,5,1525,383,148,532,1,-1,-1,-1
333,5,1518,386,148,532,1,-1,-1,-1
334,5,1512,396,143,515,1,-1,-1,-1
335,5,1496,395,143,515,1,-1,-1,-1
336,5,1490,406,147,503,1,-1,-1,-1
337,5,1486,406,151,503,1,-1,-1,-1
338,5,1476,406,148,503,1,-1,-1,-1
339,5,1469,406,147,503,1,-1,-1,-1
340,5,1469,406,130,503,1,-1,-1,-1
349,5,1392,443,79,183,1,-1,-1,-1
350,5,1386,443,79,183,1,-1,-1,-1
351,5,1374,443,107,183,1,-1,-1,-1
352,5,1363,451,105,174,1,-1,-1,-1
353,5,1354,451,105,174,1,-1,-1,-1
354,5,1338,461,110,164,1,-1,-1,-1
355,5,1329,461,98,164,1,-1,-1,-1
356,5,1307,461,107,164,1,-1,-1,-1
357,5,1294,461,108,164,1,-1,-1,-1
358,5,1282,462,108,164,1,-1,-1,-1
359,5,1276,458,104,164,1,-1,-1,-1
360,5,1263,464,104,159,1,-1,-1,-1
361,5,1251,468,104,159,1,-1,-1,-1
362,5,1238,471,94,159,1,-1,-1,-1
363,5,1225,472,94,159,1,-1,-1,-1
364,5,1211,472,94,159,1,-1,-1,-1
365,5,1196,471,94,154,1,-1,-1,-1
366,5,1187,471,94,154,1,-1,-1,-1
367,5,1169,471,94,154,1,-1,-1,-1
368,5,1159,471,99,154,1,-1,-1,-1
369,5,1145,471,99,154,1,-1,-1,-1
370,5,1135,471,99,154,1,-1,-1,-1
371,5,1118,472,99,154,1,-1,-1,-1
372,5,1108,471,99,163,1,-1,-1,-1
373,5,1091,474,99,163,1,-1,-1,-1
374,5,1075,475,99,163,1,-1,-1,-1
375,5,1069,474,99,163,1,-1,-1,-1
376,5,1055,473,99,163,1,-1,-1,-1
377,5,1021,473,117,388,1,-1,-1,-1
378,5,993,473,125,388,1,-1,-1,-1
379,5,983,473,125,388,1,-1,-1,-1
380,5,969,471,118,388,1,-1,-1,-1
381,5,965,470,118,388,1,-1,-1,-1
382,5,951,473,118,406,1,-1,-1,-1
383,5,945,472,118,406,1,-1,-1,-1
384,5,933,468,105,406,1,-1,-1,-1
385,5,915,461,115,431,1,-1,-1,-1
386,5,895,464,128,431,1,-1,-1,-1
387,5,895,458,128,437,1,-1,-1,-1
388,5,895,458,107,437,1,-1,-1,-1
389,5,895,450,95,445,1,-1,-1,-1
390,5,874,450,102,445,1,-1,-1,-1
