425,1,1164,351,80,552,1,-1,-1,-1
426,1,1164,351,80,552,1,-1,-1,-1
427,1,1164,351,106,552,1,-1,-1,-1
428,1,1164,351,106,552,1,-1,-1,-1
429,1,1164,350,150,552,1,-1,-1,-1
430,1,1164,350,150,552,1,-1,-1,-1
431,1,1164,350,150,552,1,-1,-1,-1
432,1,1164,350,150,552,1,-1,-1,-1
433,1,1164,350,150,552,1,-1,-1,-1
434,1,1171,328,179,574,1,-1,-1,-1
435,1,1171,328,179,574,1,-1,-1,-1
436,1,1171,328,179,574,1,-1,-1,-1
437,1,1171,327,192,610,1,-1,-1,-1
438,1,1171,327,192,610,1,-1,-1,-1
439,1,1171,327,192,610,1,-1,-1,-1
440,1,1171,327,192,610,1,-1,-1,-1
441,1,1171,327,192,610,1,-1,-1,-1
442,1,1171,327,213,635,1,-1,-1,-1
443,1,1171,327,213,635,1,-1,-1,-1
444,1,1171,327,213,635,1,-1,-1,-1
445,1,1171,327,213,635,1,-1,-1,-1
446,1,1154,306,230,656,1,-1,-1,-1
447,1,1154,306,230,656,1,-1,-1,-1
448,1,1154,306,230,656,1,-1,-1,-1
449,1,1130,294,254,721,1,-1,-1,-1
450,1,1130,294,254,721,1,-1,-1,-1
451,1,1130,294,254,721,1,-1,-1,-1
452,1,1079,278,296,721,1,-1,-1,-1
453,1,1079,278,296,721,1,-1,-1,-1
454,1,1079,278,296,721,1,-1,-1,-1
455,1,1049,278,326,721,1,-1,-1,-1
456,1,1049,278,326,721,1,-1,-1,-1
457,1,1049,278,326,721,1,-1,-1,-1
458,1,1049,278,289,701,1,-1,-1,-1
459,1,1049,278,289,701,1,-1,-1,-1
460,1,1011,256,299,724,1,-1,-1,-1
461,1,1011,256,299,724,1,-1,-1,-1
462,1,982,255,299,724,1,-1,-1,-1
463,1,982,255,299,724,1,-1,-1,-1
464,1,982,255,299,724,1,-1,-1,-1
465,1,982,255,299,724,1,-1,-1,-1
466,1,982,255,299,724,1,-1,-1,-1
467,1,982,255,299,724,1,-1,-1,-1
468,1,982,255,299,724,1,-1,-1,-1
469,1,1041,255,182,648,1,-1,-1,-1
470,1,1041,255,182,648,1,-1,-1,-1
471,1,1041,255,182,648,1,-1,-1,-1
472,1,1070,255,182,648,1,-1,-1,-1
473,1,1070,255,182,648,1,-1,-1,-1
474,1,1070,255,247,721,1,-1,-1,-1
475,1,1070,255,247,721,1,-1,-1,-1
476,1,1070,255,299,720,1,-1,-1,-1
477,1,1070,255,299,720,1,-1,-1,-1
478,1,1070,255,299,720,1,-1,-1,-1
479,1,1070,255,299,720,1,-1,-1,-1
480,1,1140,304,229,674,1,-1,-1,-1
481,1,1140,304,229,674,1,-1,-1,-1
482,1,1140,304,294,674,1,-1,-1,-1
483,1,1140,304,294,674,1,-1,-1,-1
484,1,1140,304,294,674,1,-1,-1,-1
485,1,1140,304,294,674,1,-1,-1,-1
486,1,1140,304,294,674,1,-1,-1,-1
487,1,1167,334,244,615,1,-1,-1,-1
488,1,1167,334,244,615,1,-1,-1,-1
489,1,1167,334,244,615,1,-1,-1,-1
490,1,1167,334,244,615,1,-1,-1,-1
491,1,1167,334,244,615,1,-1,-1,-1
492,1,1167,334,244,615,1,-1,-1,-1
493,1,1167,334,244,615,1,-1,-1,-1
494,1,1179,352,201,556,1,-1,-1,-1
495,1,1179,352,201,556,1,-1,-1,-1
496,1,1179,352,201,556,1,-1,-1,-1
497,1,1179,352,201,556,1,-1,-1,-1
498,1,1207,364,173,544,1,-1,-1,-1
499,1,1207,364,173,544,1,-1,-1,-1
500,1,1207,364,173,544,1,-1,-1,-1
501,1,1207,364,173,544,1,-1,-1,-1
502,1,1207,364,173,544,1,-1,-1,-1
503,1,1207,364,173,544,1,-1,-1,-1
504,1,1245,364,135,544,1,-1,-1,-1
505,1,1245,364,135,544,1,-1,-1,-1
506,1,1245,364,135,544,1,-1,-1,-1
507,1,1245,364,135,544,1,-1,-1,-1
597,1,1290,376,88,495,1,-1,-1,-1
598,1,1290,376,88,495,1,-1,-1,-1
599,1,1290,376,88,495,1,-1,-1,-1
600,1,1290,376,88,495,1,-1,-1,-1
601,1,1290,376,88,495,1,-1,-1,-1
602,1,1254,376,124,495,1,-1,-1,-1
603,1,1254,376,124,495,1,-1,-1,-1
604,1,1194,376,184,495,1,-1,-1,-1
605,1,1194,376,184,495,1,-1,-1,-1
606,1,1194,376,184,495,1,-1,-1,-1
607,1,1178,376,200,495,1,-1,-1,-1
608,1,1178,376,200,495,1,-1,-1,-1
609,1,1178,376,200,495,1,-1,-1,-1
610,1,1178,376,200,495,1,-1,-1,-1
611,1,1170,376,200,495,1,-1,-1,-1
612,1,1170,376,200,495,1,-1,-1,-1
613,1,1170,376,200,495,1,-1,-1,-1
614,1,1170,376,200,495,1,-1,-1,-1
615,1,1170,376,200,495,1,-1,-1,-1
616,1,1170,376,200,495,1,-1,-1,-1
617,1,1170,376,200,495,1,-1,-1,-1
618,1,1170,376,200,495,1,-1,-1,-1
619,1,1170,376,173,495,1,-1,-1,-1
620,1,1170,376,173,495,1,-1,-1,-1
621,1,1170,376,173,495,1,-1,-1,-1
622,1,1170,376,173,495,1,-1,-1,-1
623,1,1170,376,173,495,1,-1,-1,-1
624,1,1170,376,173,495,1,-1,-1,-1
625,1,1170,376,173,495,1,-1,-1,-1
626,1,1170,376,173,495,1,-1,-1,-1
627,1,1170,376,173,495,1,-1,-1,-1
628,1,1170,406,159,435,1,-1,-1,-1
629,1,1170,406,159,435,1,-1,-1,-1
630,1,1170,406,159,435,1,-1,-1,-1
631,1,1170,406,159,435,1,-1,-1,-1
632,1,1170,406,159,435,1,-1,-1,-1
633,1,1170,406,159,435,1,-1,-1,-1
634,1,1170,406,159,435,1,-1,-1,-1
635,1,1170,406,159,435,1,-1,-1,-1
636,1,1170,406,159,435,1,-1,-1,-1
637,1,1170,406,159,435,1,-1,-1,-1
638,1,1170,406,159,435,1,-1,-1,-1
639,1,1170,406,159,435,1,-1,-1,-1
640,1,1170,406,159,435,1,-1,-1,-1
641,1,1170,406,159,435,1,-1,-1,-1
642,1,1170,406,159,435,1,-1,-1,-1
643,1,1170,406,159,435,1,-1,-1,-1
644,1,1170,406,159,435,1,-1,-1,-1
645,1,1170,406,159,435,1,-1,-1,-1
646,1,1170,406,159,435,1,-1,-1,-1
647,1,1170,406,159,435,1,-1,-1,-1
648,1,1170,406,159,435,1,-1,-1,-1
649,1,1170,406,159,435,1,-1,-1,-1
650,1,1170,406,159,435,1,-1,-1,-1
651,1,1170,406,159,435,1,-1,-1,-1
652,1,1170,406,159,435,1,-1,-1,-1
653,1,1170,406,159,435,1,-1,-1,-1
654,1,1170,406,159,435,1,-1,-1,-1
655,1,1170,406,159,435,1,-1,-1,-1
656,1,1170,406,159,435,1,-1,-1,-1
657,1,1170,406,159,435,1,-1,-1,-1
658,1,1170,406,159,435,1,-1,-1,-1
659,1,1170,406,159,435,1,-1,-1,-1
660,1,1170,406,159,435,1,-1,-1,-1
661,1,1170,406,159,435,1,-1,-1,-1
662,1,1170,406,159,435,1,-1,-1,-1
663,1,1170,406,159,435,1,-1,-1,-1
664,1,1170,406,159,435,1,-1,-1,-1
665,1,1170,406,159,435,1,-1,-1,-1
666,1,1170,406,159,435,1,-1,-1,-1
667,1,1170,406,159,435,1,-1,-1,-1
668,1,1170,406,159,435,1,-1,-1,-1
669,1,1170,406,159,435,1,-1,-1,-1
670,1,1170,406,159,435,1,-1,-1,-1
671,1,1170,406,159,435,1,-1,-1,-1
672,1,1170,406,159,435,1,-1,-1,-1
673,1,1170,406,159,435,1,-1,-1,-1
674,1,1170,406,159,435,1,-1,-1,-1
675,1,1170,406,159,435,1,-1,-1,-1
676,1,1170,406,159,435,1,-1,-1,-1
677,1,1170,406,159,435,1,-1,-1,-1
678,1,1170,406,159,435,1,-1,-1,-1
679,1,1170,406,159,435,1,-1,-1,-1
683,1,1170,406,114,435,1,-1,-1,-1
684,1,1170,406,114,435,1,-1,-1,-1
685,1,1170,406,114,435,1,-1,-1,-1
686,1,1170,406,114,435,1,-1,-1,-1
687,1,1170,406,141,435,1,-1,-1,-1
688,1,1170,406,141,435,1,-1,-1,-1
689,1,1170,406,141,435,1,-1,-1,-1
690,1,1170,406,141,435,1,-1,-1,-1
691,1,1170,406,141,435,1,-1,-1,-1
692,1,1170,406,141,435,1,-1,-1,-1
693,1,1170,406,141,435,1,-1,-1,-1
694,1,1170,406,141,435,1,-1,-1,-1
695,1,1170,406,141,435,1,-1,-1,-1
696,1,1170,406,141,435,1,-1,-1,-1
697,1,1170,406,141,435,1,-1,-1,-1
698,1,1170,406,141,435,1,-1,-1,-1
699,1,1170,406,141,435,1,-1,-1,-1
700,1,1170,406,141,435,1,-1,-1,-1
701,1,1170,406,141,435,1,-1,-1,-1
702,1,1170,406,141,435,1,-1,-1,-1
703,1,1170,406,141,435,1,-1,-1,-1
704,1,1170,406,141,435,1,-1,-1,-1
705,1,1170,406,141,435,1,-1,-1,-1
706,1,1170,406,141,435,1,-1,-1,-1
707,1,1170,406,141,435,1,-1,-1,-1
708,1,1170,406,141,435,1,-1,-1,-1
709,1,1170,406,141,435,1,-1,-1,-1
710,1,1170,406,141,435,1,-1,-1,-1
711,1,1170,406,141,435,1,-1,-1,-1
712,1,1170,406,141,435,1,-1,-1,-1
713,1,1170,406,141,435,1,-1,-1,-1
714,1,1170,406,141,435,1,-1,-1,-1
715,1,1170,406,141,435,1,-1,-1,-1
716,1,1170,406,141,435,1,-1,-1,-1
717,1,1170,406,141,435,1,-1,-1,-1
718,1,1170,406,141,435,1,-1,-1,-1
719,1,1170,406,141,435,1,-1,-1,-1
720,1,1170,406,141,435,1,-1,-1,-1
721,1,1170,406,141,435,1,-1,-1,-1
722,1,1170,406,141,435,1,-1,-1,-1
723,1,1170,406,141,435,1,-1,-1,-1
724,1,1170,406,141,435,1,-1,-1,-1
725,1,1170,406,141,435,1,-1,-1,-1
726,1,1170,406,141,435,1,-1,-1,-1
727,1,1170,406,141,435,1,-1,-1,-1
728,1,1170,406,141,435,1,-1,-1,-1
729,1,1170,406,141,435,1,-1,-1,-1
730,1,1170,406,141,435,1,-1,-1,-1
731,1,1170,406,141,435,1,-1,-1,-1
732,1,1170,406,141,435,1,-1,-1,-1
733,1,1170,406,141,435,1,-1,-1,-1
734,1,1170,406,141,435,1,-1,-1,-1
735,1,1170,406,141,435,1,-1,-1,-1
736,1,1170,406,141,435,1,-1,-1,-1
737,1,1170,406,141,435,1,-1,-1,-1
744,1,1170,406,100,435,1,-1,-1,-1
745,1,1170,406,100,435,1,-1,-1,-1
746,1,1170,406,135,435,1,-1,-1,-1
747,1,1170,406,135,435,1,-1,-1,-1
748,1,1170,406,135,435,1,-1,-1,-1
749,1,1170,406,135,435,1,-1,-1,-1
750,1,1170,406,135,435,1,-1,-1,-1
751,1,1170,406,135,435,1,-1,-1,-1
752,1,1170,406,135,435,1,-1,-1,-1
753,1,1170,406,135,435,1,-1,-1,-1
754,1,1170,406,135,435,1,-1,-1,-1
755,1,1170,406,135,435,1,-1,-1,-1
756,1,1170,406,135,435,1,-1,-1,-1
757,1,1170,406,135,435,1,-1,-1,-1
758,1,1170,406,135,435,1,-1,-1,-1
759,1,1170,406,135,435,1,-1,-1,-1
760,1,1170,406,135,435,1,-1,-1,-1
761,1,1170,406,135,435,1,-1,-1,-1
762,1,1170,406,135,435,1,-1,-1,-1
763,1,1170,406,135,435,1,-1,-1,-1
764,1,1170,406,135,435,1,-1,-1,-1
765,1,1170,406,135,435,1,-1,-1,-1
766,1,1170,406,135,435,1,-1,-1,-1
767,1,1170,406,135,435,1,-1,-1,-1
768,1,1170,406,135,435,1,-1,-1,-1
769,1,1170,394,135,457,1,-1,-1,-1
770,1,1170,394,135,457,1,-1,-1,-1
771,1,1170,394,135,457,1,-1,-1,-1
772,1,1170,394,135,457,1,-1,-1,-1
773,1,1170,394,135,457,1,-1,-1,-1
774,1,1170,394,135,457,1,-1,-1,-1
775,1,1170,394,135,457,1,-1,-1,-1
776,1,1170,394,135,457,1,-1,-1,-1
777,1,1170,394,135,457,1,-1,-1,-1
778,1,1170,394,135,457,1,-1,-1,-1
779,1,1170,394,135,457,1,-1,-1,-1
780,1,1170,394,135,457,1,-1,-1,-1
781,1,1170,394,92,457,1,-1,-1,-1
782,1,1170,394,92,457,1,-1,-1,-1
783,1,1170,394,92,457,1,-1,-1,-1
784,1,1170,394,92,457,1,-1,-1,-1
677,2,1169,412,88,488,1,-1,-1,-1
678,2,1169,412,88,488,1,-1,-1,-1
679,2,1169,412,88,488,1,-1,-1,-1
680,2,1169,393,133,507,1,-1,-1,-1
681,2,1169,393,133,507,1,-1,-1,-1
682,2,1180,376,133,507,1,-1,-1,-1
683,2,1177,378,194,505,1,-1,-1,-1
684,2,1177,378,194,505,1,-1,-1,-1
685,2,1177,378,194,505,1,-1,-1,-1
686,2,1225,378,146,505,1,-1,-1,-1
687,2,1225,378,146,505,1,-1,-1,-1
688,2,1293,378,78,505,1,-1,-1,-1
689,2,1293,378,78,505,1,-1,-1,-1
690,2,1293,378,78,505,1,-1,-1,-1
896,2,1173,331,178,643,1,-1,-1,-1
897,2,1173,331,178,643,1,-1,-1,-1
898,2,1148,318,203,656,1,-1,-1,-1
899,2,1148,318,203,656,1,-1,-1,-1
900,2,1120,318,203,656,1,-1,-1,-1
901,2,1120,318,203,656,1,-1,-1,-1
902,2,1083,297,235,668,1,-1,-1,-1
903,2,1083,297,235,668,1,-1,-1,-1
904,2,1047,288,235,668,1,-1,-1,-1
905,2,1047,288,235,668,1,-1,-1,-1
906,2,1047,288,235,668,1,-1,-1,-1
907,2,1003,278,216,638,1,-1,-1,-1
908,2,1003,278,216,638,1,-1,-1,-1
909,2,1003,278,216,638,1,-1,-1,-1
910,2,954,260,216,638,1,-1,-1,-1
911,2,954,260,216,638,1,-1,-1,-1
912,2,929,253,216,638,1,-1,-1,-1
913,2,929,253,216,638,1,-1,-1,-1
914,2,879,244,212,594,1,-1,-1,-1
915,2,879,244,212,594,1,-1,-1,-1
916,2,838,230,212,594,1,-1,-1,-1
917,2,838,230,212,594,1,-1,-1,-1
927,2,603,280,182,526,1,-1,-1,-1
928,2,543,279,242,527,1,-1,-1,-1
929,2,543,279,242,527,1,-1,-1,-1
930,2,476,273,242,527,1,-1,-1,-1
931,2,476,273,242,527,1,-1,-1,-1
932,2,412,267,242,527,1,-1,-1,-1
933,2,412,267,242,527,1,-1,-1,-1
934,2,392,264,242,527,1,-1,-1,-1
935,2,392,264,242,527,1,-1,-1,-1
936,2,350,257,242,527,1,-1,-1,-1
937,2,350,257,242,527,1,-1,-1,-1
938,2,321,269,242,527,1,-1,-1,-1
939,2,321,269,242,527,1,-1,-1,-1
940,2,321,269,242,527,1,-1,-1,-1
941,2,292,278,213,514,1,-1,-1,-1
942,2,292,278,213,514,1,-1,-1,-1
943,2,292,278,213,514,1,-1,-1,-1
944,2,242,274,213,514,1,-1,-1,-1
945,2,242,274,213,514,1,-1,-1,-1
946,2,242,274,213,514,1,-1,-1,-1
947,2,242,274,213,514,1,-1,-1,-1
948,2,242,274,213,514,1,-1,-1,-1
949,2,242,274,213,514,1,-1,-1,-1
950,2,218,280,213,514,1,-1,-1,-1
951,2,218,280,213,514,1,-1,-1,-1
952,2,218,280,213,514,1,-1,-1,-1
953,2,218,280,213,514,1,-1,-1,-1
954,2,218,280,213,514,1,-1,-1,-1
961,2,186,282,152,524,1,-1,-1,-1
962,2,186,282,152,524,1,-1,-1,-1
963,2,186,282,183,524,1,-1,-1,-1
964,2,186,282,183,524,1,-1,-1,-1
965,2,186,282,183,524,1,-1,-1,-1
966,2,186,282,183,524,1,-1,-1,-1
967,2,186,282,183,524,1,-1,-1,-1
968,2,186,282,183,524,1,-1,-1,-1
969,2,186,282,183,524,1,-1,-1,-1
970,2,186,282,183,524,1,-1,-1,-1
971,2,161,282,208,524,1,-1,-1,-1
972,2,161,282,208,524,1,-1,-1,-1
973,2,161,282,208,524,1,-1,-1,-1
974,2,161,282,208,524,1,-1,-1,-1
975,2,161,282,208,524,1,-1,-1,-1
976,2,161,282,208,524,1,-1,-1,-1
977,2,161,282,208,524,1,-1,-1,-1
978,2,161,282,208,524,1,-1,-1,-1
979,2,161,282,208,524,1,-1,-1,-1
980,2,161,282,208,524,1,-1,-1,-1
981,2,161,282,208,524,1,-1,-1,-1
982,2,161,282,208,524,1,-1,-1,-1
983,2,161,282,208,524,1,-1,-1,-1
984,2,173,282,208,524,1,-1,-1,-1
985,2,173,282,208,524,1,-1,-1,-1
986,2,173,282,208,524,1,-1,-1,-1
987,2,173,282,208,524,1,-1,-1,-1
988,2,173,282,208,524,1,-1,-1,-1
989,2,173,282,208,524,1,-1,-1,-1
990,2,173,282,208,524,1,-1,-1,-1
991,2,173,282,208,524,1,-1,-1,-1
992,2,184,282,208,524,1,-1,-1,-1
993,2,184,282,208,524,1,-1,-1,-1
994,2,184,282,208,524,1,-1,-1,-1
995,2,184,282,208,524,1,-1,-1,-1
996,2,184,282,208,524,1,-1,-1,-1
997,2,184,282,208,524,1,-1,-1,-1
998,2,184,282,208,524,1,-1,-1,-1
999,2,184,282,208,524,1,-1,-1,-1
1000,2,184,282,208,524,1,-1,-1,-1
1001,2,184,282,208,524,1,-1,-1,-1
1002,2,184,282,208,524,1,-1,-1,-1
1003,2,184,282,208,524,1,-1,-1,-1
1004,2,184,282,208,524,1,-1,-1,-1
1005,2,191,282,208,524,1,-1,-1,-1
1006,2,191,282,208,524,1,-1,-1,-1
1007,2,191,282,208,524,1,-1,-1,-1
1008,2,191,282,208,524,1,-1,-1,-1
1009,2,198,282,208,524,1,-1,-1,-1
1010,2,198,282,208,524,1,-1,-1,-1
1011,2,198,282,208,524,1,-1,-1,-1
1012,2,198,282,208,524,1,-1,-1,-1
1013,2,198,299,232,507,1,-1,-1,-1
1014,2,198,299,232,507,1,-1,-1,-1
1015,2,198,299,232,507,1,-1,-1,-1
1016,2,198,299,232,507,1,-1,-1,-1
1017,2,198,299,232,507,1,-1,-1,-1
1018,2,198,299,232,507,1,-1,-1,-1
1019,2,198,299,232,507,1,-1,-1,-1
1020,2,198,299,232,507,1,-1,-1,-1
1021,2,227,299,232,507,1,-1,-1,-1
1022,2,227,299,232,507,1,-1,-1,-1
1023,2,227,299,232,507,1,-1,-1,-1
1024,2,227,246,263,560,1,-1,-1,-1
1025,2,227,246,263,560,1,-1,-1,-1
1026,2,227,246,263,560,1,-1,-1,-1
1027,2,227,246,263,560,1,-1,-1,-1
1028,2,227,246,263,560,1,-1,-1,-1
1029,2,227,246,263,560,1,-1,-1,-1
1030,2,304,251,235,543,1,-1,-1,-1
1031,2,304,251,235,543,1,-1,-1,-1
1032,2,304,251,235,543,1,-1,-1,-1
1033,2,345,257,235,543,1,-1,-1,-1
1034,2,345,257,235,543,1,-1,-1,-1
1035,2,402,255,235,543,1,-1,-1,-1
1036,2,402,255,235,543,1,-1,-1,-1
1037,2,448,254,235,543,1,-1,-1,-1
1038,2,448,254,235,543,1,-1,-1,-1
1039,2,476,254,235,543,1,-1,-1,-1
1040,2,476,254,235,543,1,-1,-1,-1
1041,2,507,256,235,543,1,-1,-1,-1
1042,2,507,256,235,543,1,-1,-1,-1
1043,2,554,253,250,549,1,-1,-1,-1
1044,2,554,253,250,549,1,-1,-1,-1
1045,2,590,253,250,549,1,-1,-1,-1
1046,2,590,235,302,567,1,-1,-1,-1
1047,2,590,235,302,567,1,-1,-1,-1
1048,2,654,241,302,567,1,-1,-1,-1
1049,2,654,241,302,567,1,-1,-1,-1
1050,2,685,240,302,567,1,-1,-1,-1
1051,2,685,240,302,567,1,-1,-1,-1
1052,2,685,240,302,567,1,-1,-1,-1
1053,2,685,240,302,567,1,-1,-1,-1
1054,2,759,240,228,567,1,-1,-1,-1
1055,2,759,240,228,567,1,-1,-1,-1
1056,2,807,247,228,567,1,-1,-1,-1
1057,2,807,247,228,567,1,-1,-1,-1
1058,2,858,253,228,567,1,-1,-1,-1
1059,2,858,253,228,567,1,-1,-1,-1
1060,2,858,253,228,567,1,-1,-1,-1
1061,2,904,266,230,603,1,-1,-1,-1
1062,2,904,266,230,603,1,-1,-1,-1
1063,2,904,266,230,603,1,-1,-1,-1
1064,2,946,265,239,661,1,-1,-1,-1
1065,2,946,265,239,661,1,-1,-1,-1
1066,2,946,265,239,661,1,-1,-1,-1
1067,2,1001,263,250,685,1,-1,-1,-1
1068,2,1001,263,250,685,1,-1,-1,-1
1069,2,1001,263,250,685,1,-1,-1,-1
1070,2,1001,263,250,685,1,-1,-1,-1
1071,2,1064,259,250,685,1,-1,-1,-1
1072,2,1064,259,250,685,1,-1,-1,-1
1073,2,1064,259,250,685,1,-1,-1,-1
1074,2,1064,259,250,685,1,-1,-1,-1
1075,2,1064,259,250,685,1,-1,-1,-1
1076,2,1064,259,250,685,1,-1,-1,-1
1077,2,1135,259,200,724,1,-1,-1,-1
1078,2,1135,259,200,724,1,-1,-1,-1
1079,2,1135,259,200,724,1,-1,-1,-1
1080,2,1135,259,251,724,1,-1,-1,-1
1081,2,1135,259,251,724,1,-1,-1,-1
1082,2,1135,259,251,724,1,-1,-1,-1
1083,2,1135,259,251,724,1,-1,-1,-1
1084,2,1135,259,251,724,1,-1,-1,-1
1085,2,1135,259,251,724,1,-1,-1,-1
1086,2,1135,259,251,724,1,-1,-1,-1
1087,2,1147,259,251,724,1,-1,-1,-1
1088,2,1147,259,251,724,1,-1,-1,-1
1089,2,1147,259,251,724,1,-1,-1,-1
1090,2,1147,259,251,724,1,-1,-1,-1
1091,2,1147,259,251,724,1,-1,-1,-1
1092,2,1147,259,251,724,1,-1,-1,-1
1093,2,1147,259,251,724,1,-1,-1,-1
1094,2,1147,259,251,724,1,-1,-1,-1
1095,2,1147,259,251,724,1,-1,-1,-1
1096,2,1147,259,251,724,1,-1,-1,-1
1097,2,1147,259,251,724,1,-1,-1,-1
1098,2,1147,259,251,724,1,-1,-1,-1
1099,2,1147,259,251,724,1,-1,-1,-1
1100,2,1147,259,196,724,1,-1,-1,-1
1101,2,1147,259,196,724,1,-1,-1,-1
1102,2,1147,259,196,724,1,-1,-1,-1
1103,2,1147,259,196,724,1,-1,-1,-1
1104,2,1147,259,196,724,1,-1,-1,-1
1105,2,1147,259,196,724,1,-1,-1,-1
1106,2,1147,259,196,724,1,-1,-1,-1
1107,2,1147,259,196,724,1,-1,-1,-1
1108,2,1147,259,196,724,1,-1,-1,-1
1109,2,1132,259,196,724,1,-1,-1,-1
1110,2,1132,259,196,724,1,-1,-1,-1
1111,2,1132,259,196,724,1,-1,-1,-1
1112,2,1132,259,196,724,1,-1,-1,-1
1113,2,1132,259,196,724,1,-1,-1,-1
1114,2,1132,259,196,724,1,-1,-1,-1
1115,2,1132,259,233,724,1,-1,-1,-1
1116,2,1132,259,233,724,1,-1,-1,-1
1117,2,1132,259,233,724,1,-1,-1,-1
1118,2,1132,259,233,724,1,-1,-1,-1
1119,2,1132,259,233,724,1,-1,-1,-1
1120,2,1132,259,233,724,1,-1,-1,-1
1121,2,1132,259,233,724,1,-1,-1,-1
1122,2,1132,259,233,724,1,-1,-1,-1
1123,2,1148,317,217,666,1,-1,-1,-1
1124,2,1148,317,217,666,1,-1,-1,-1
1125,2,1148,317,217,666,1,-1,-1,-1
1126,2,1148,317,217,666,1,-1,-1,-1
1127,2,1168,317,217,666,1,-1,-1,-1
1128,2,1168,317,217,666,1,-1,-1,-1
1129,2,1168,317,217,666,1,-1,-1,-1
1130,2,1168,317,217,666,1,-1,-1,-1
1131,2,1168,317,217,666,1,-1,-1,-1
1132,2,1168,317,217,666,1,-1,-1,-1
1133,2,1168,317,217,666,1,-1,-1,-1
1134,2,1168,317,217,666,1,-1,-1,-1
1135,2,1173,373,201,557,1,-1,-1,-1
1136,2,1173,373,201,557,1,-1,-1,-1
1137,2,1173,373,201,557,1,-1,-1,-1
1138,2,1173,373,201,557,1,-1,-1,-1
1139,2,1173,373,171,557,1,-1,-1,-1
1140,2,1173,373,171,557,1,-1,-1,-1
1141,2,1173,373,171,557,1,-1,-1,-1
1142,2,1173,373,171,557,1,-1,-1,-1
1143,2,1173,373,98,557,1,-1,-1,-1
1144,2,1173,373,98,557,1,-1,-1,-1
737,3,1161,382,99,503,1,-1,-1,-1
738,3,1161,382,99,503,1,-1,-1,-1
739,3,1161,382,145,503,1,-1,-1,-1
740,3,1161,382,145,503,1,-1,-1,-1
741,3,1161,382,183,503,1,-1,-1,-1
742,3,1161,382,183,503,1,-1,-1,-1
743,3,1161,361,220,524,1,-1,-1,-1
744,3,1161,361,220,524,1,-1,-1,-1
745,3,1210,361,171,524,1,-1,-1,-1
746,3,1210,361,171,524,1,-1,-1,-1
747,3,1282,361,99,524,1,-1,-1,-1
748,3,1282,361,99,524,1,-1,-1,-1
749,3,1282,361,99,524,1,-1,-1,-1
750,3,1282,361,99,524,1,-1,-1,-1
785,3,1308,420,78,398,1,-1,-1,-1
786,3,1308,420,78,398,1,-1,-1,-1
787,3,1308,420,78,398,1,-1,-1,-1
788,3,1308,420,78,398,1,-1,-1,-1
789,3,1293,420,93,398,1,-1,-1,-1
790,3,1293,420,93,398,1,-1,-1,-1
791,3,1293,420,93,398,1,-1,-1,-1
792,3,1293,420,93,398,1,-1,-1,-1
793,3,1293,420,93,398,1,-1,-1,-1
794,3,1293,420,93,398,1,-1,-1,-1
795,3,1293,420,93,398,1,-1,-1,-1
796,3,1293,420,93,398,1,-1,-1,-1
797,3,1293,420,93,398,1,-1,-1,-1
798,3,1293,420,93,398,1,-1,-1,-1
799,3,1293,420,93,398,1,-1,-1,-1
800,3,1293,420,93,398,1,-1,-1,-1
801,3,1293,420,93,398,1,-1,-1,-1
802,3,1293,420,93,398,1,-1,-1,-1
838,3,1275,391,101,465,1,-1,-1,-1
839,3,1275,391,101,465,1,-1,-1,-1
840,3,1275,391,101,465,1,-1,-1,-1
841,3,1260,379,116,477,1,-1,-1,-1
842,3,1260,379,116,477,1,-1,-1,-1
843,3,1260,379,116,477,1,-1,-1,-1
844,3,1212,379,161,477,1,-1,-1,-1
845,3,1212,379,161,477,1,-1,-1,-1
846,3,1212,379,161,477,1,-1,-1,-1
847,3,1212,379,161,522,1,-1,-1,-1
848,3,1212,379,161,522,1,-1,-1,-1
849,3,1212,379,161,522,1,-1,-1,-1
850,3,1212,379,161,522,1,-1,-1,-1
851,3,1184,379,179,522,1,-1,-1,-1
852,3,1184,379,179,522,1,-1,-1,-1
853,3,1184,379,179,522,1,-1,-1,-1
854,3,1184,354,179,547,1,-1,-1,-1
855,3,1184,354,179,547,1,-1,-1,-1
856,3,1184,354,179,547,1,-1,-1,-1
857,3,1184,354,179,547,1,-1,-1,-1
858,3,1184,354,179,547,1,-1,-1,-1
859,3,1184,354,179,584,1,-1,-1,-1
860,3,1184,354,179,584,1,-1,-1,-1
861,3,1184,354,179,584,1,-1,-1,-1
862,3,1184,354,179,584,1,-1,-1,-1
863,3,1184,298,179,640,1,-1,-1,-1
864,3,1184,298,179,640,1,-1,-1,-1
865,3,1184,298,179,640,1,-1,-1,-1
866,3,1184,298,191,678,1,-1,-1,-1
867,3,1184,298,191,678,1,-1,-1,-1
868,3,1159,298,216,712,1,-1,-1,-1
869,3,1159,298,216,712,1,-1,-1,-1
870,3,1159,298,260,711,1,-1,-1,-1
871,3,1159,298,260,711,1,-1,-1,-1
872,3,1159,298,260,711,1,-1,-1,-1
873,3,1151,266,299,742,1,-1,-1,-1
874,3,1151,266,299,742,1,-1,-1,-1
875,3,1151,266,299,742,1,-1,-1,-1
876,3,1151,266,299,742,1,-1,-1,-1
877,3,1151,266,299,742,1,-1,-1,-1
878,3,1125,262,299,742,1,-1,-1,-1
879,3,1125,234,313,770,1,-1,-1,-1
880,3,1125,234,313,770,1,-1,-1,-1
881,3,1104,187,334,817,1,-1,-1,-1
882,3,1104,187,334,817,1,-1,-1,-1
883,3,1104,187,334,817,1,-1,-1,-1
884,3,1073,171,365,833,1,-1,-1,-1
885,3,1073,171,365,833,1,-1,-1,-1
886,3,1073,171,365,833,1,-1,-1,-1
887,3,1114,144,365,934,1,-1,-1,-1
888,3,1114,144,365,934,1,-1,-1,-1
889,3,1114,144,440,934,1,-1,-1,-1
890,3,1114,61,440,1017,1,-1,-1,-1
891,3,1114,61,440,1017,1,-1,-1,-1
892,3,1175,61,440,1017,1,-1,-1,-1
893,3,1175,61,440,1017,1,-1,-1,-1
894,3,1201,61,491,1017,1,-1,-1,-1
895,3,1201,61,491,1017,1,-1,-1,-1
896,3,1201,61,491,1017,1,-1,-1,-1
897,3,1201,61,491,1017,1,-1,-1,-1
898,3,1261,9,491,1069,1,-1,-1,-1
899,3,1261,9,491,1069,1,-1,-1,-1
900,3,1261,9,491,1069,1,-1,-1,-1
901,3,1261,9,491,1069,1,-1,-1,-1
902,3,1261,4,603,1074,1,-1,-1,-1
903,3,1261,4,603,1074,1,-1,-1,-1
904,3,1261,4,653,1074,1,-1,-1,-1
905,3,1261,4,653,1074,1,-1,-1,-1
906,3,1261,4,653,1074,1,-1,-1,-1
907,3,1261,4,653,1074,1,-1,-1,-1
908,3,1261,4,653,1074,1,-1,-1,-1
909,3,1261,4,653,1074,1,-1,-1,-1
910,3,1261,4,653,1074,1,-1,-1,-1
911,3,1261,4,653,1074,1,-1,-1,-1
912,3,1261,4,653,1074,1,-1,-1,-1
913,3,1158,4,756,1074,1,-1,-1,-1
914,3,1158,4,756,1074,1,-1,-1,-1
915,3,1047,4,756,1074,1,-1,-1,-1
916,3,1047,4,756,1074,1,-1,-1,-1
917,3,869,4,934,1074,1,-1,-1,-1
918,3,685,3,934,1074,1,-1,-1,-1
919,3,692,3,934,1074,1,-1,-1,-1
920,3,342,3,934,1074,1,-1,-1,-1
921,3,203,3,1073,1074,1,-1,-1,-1
922,3,98,2,1073,1074,1,-1,-1,-1
923,3,98,2,1073,1074,1,-1,-1,-1
924,3,98,2,1073,1074,1,-1,-1,-1
925,3,4,2,925,1074,1,-1,-1,-1
926,3,4,2,925,1074,1,-1,-1,-1
927,3,4,2,925,1074,1,-1,-1,-1
928,3,4,2,925,1074,1,-1,-1,-1
929,3,4,2,590,1074,1,-1,-1,-1
930,3,4,2,590,1074,1,-1,-1,-1
931,3,4,2,590,1074,1,-1,-1,-1
956,3,0,3,540,1075,1,-1,-1,-1
957,3,0,3,727,1075,1,-1,-1,-1
958,3,0,3,727,1075,1,-1,-1,-1
959,3,0,3,979,1075,1,-1,-1,-1
960,3,149,3,979,1075,1,-1,-1,-1
961,3,343,3,979,1075,1,-1,-1,-1
962,3,343,3,979,1075,1,-1,-1,-1
963,3,506,3,1120,1075,1,-1,-1,-1
964,3,506,3,1120,1075,1,-1,-1,-1
965,3,773,3,1120,1075,1,-1,-1,-1
966,3,797,3,1120,1075,1,-1,-1,-1
967,3,797,3,1120,1075,1,-1,-1,-1
968,3,797,3,1120,1075,1,-1,-1,-1
969,3,1142,3,775,1075,1,-1,-1,-1
970,3,1142,3,775,1075,1,-1,-1,-1
971,3,1142,3,775,1075,1,-1,-1,-1
972,3,1300,3,617,1075,1,-1,-1,-1
973,3,1300,3,617,1075,1,-1,-1,-1
974,3,1300,3,617,1075,1,-1,-1,-1
975,3,1300,3,617,1075,1,-1,-1,-1
976,3,1300,3,617,1075,1,-1,-1,-1
977,3,1300,3,617,1075,1,-1,-1,-1
978,3,1477,3,440,1075,1,-1,-1,-1
979,3,1477,3,440,1075,1,-1,-1,-1
980,3,1477,3,440,1075,1,-1,-1,-1
981,3,1477,3,440,1075,1,-1,-1,-1
982,3,1477,3,440,1075,1,-1,-1,-1
983,3,1533,3,384,1075,1,-1,-1,-1
984,3,1533,3,384,1075,1,-1,-1,-1
985,3,1533,3,384,1075,1,-1,-1,-1
986,3,1533,3,384,1075,1,-1,-1,-1
987,3,1533,3,384,1075,1,-1,-1,-1
988,3,1533,3,384,1075,1,-1,-1,-1
989,3,1472,3,384,1075,1,-1,-1,-1
990,3,1472,3,384,1075,1,-1,-1,-1
991,3,1392,4,384,1075,1,-1,-1,-1
992,3,1392,4,384,1075,1,-1,-1,-1
993,3,1322,53,454,1026,1,-1,-1,-1
994,3,1322,53,454,1026,1,-1,-1,-1
995,3,1322,53,454,1026,1,-1,-1,-1
996,3,1279,109,388,967,1,-1,-1,-1
997,3,1279,109,388,967,1,-1,-1,-1
998,3,1279,109,388,967,1,-1,-1,-1
999,3,1279,109,388,967,1,-1,-1,-1
1000,3,1279,109,388,967,1,-1,-1,-1
1001,3,1252,168,325,904,1,-1,-1,-1
1002,3,1252,168,325,904,1,-1,-1,-1
1003,3,1252,168,325,904,1,-1,-1,-1
1004,3,1252,168,325,904,1,-1,-1,-1
1005,3,1252,168,325,904,1,-1,-1,-1
1006,3,1208,202,282,870,1,-1,-1,-1
1007,3,1208,202,282,870,1,-1,-1,-1
1008,3,1208,202,282,870,1,-1,-1,-1
1009,3,1208,202,282,870,1,-1,-1,-1
1010,3,1179,221,278,815,1,-1,-1,-1
1011,3,1179,221,278,815,1,-1,-1,-1
1012,3,1179,221,278,815,1,-1,-1,-1
1013,3,1179,221,278,815,1,-1,-1,-1
1014,3,1179,221,278,815,1,-1,-1,-1
1015,3,1179,221,278,815,1,-1,-1,-1
1016,3,1179,221,278,815,1,-1,-1,-1
1017,3,1212,221,245,815,1,-1,-1,-1
1018,3,1212,221,245,815,1,-1,-1,-1
1019,3,1212,221,245,815,1,-1,-1,-1
1020,3,1212,221,245,815,1,-1,-1,-1
1021,3,1228,301,229,693,1,-1,-1,-1
1022,3,1228,301,229,693,1,-1,-1,-1
1023,3,1228,301,229,693,1,-1,-1,-1
1024,3,1228,301,229,693,1,-1,-1,-1
1025,3,1228,301,229,693,1,-1,-1,-1
1026,3,1228,301,229,693,1,-1,-1,-1
1027,3,1203,307,186,639,1,-1,-1,-1
1028,3,1203,307,186,639,1,-1,-1,-1
1029,3,1203,307,186,639,1,-1,-1,-1
1030,3,1203,307,186,639,1,-1,-1,-1
1031,3,1203,307,186,639,1,-1,-1,-1
1032,3,1203,307,186,639,1,-1,-1,-1
1033,3,1203,307,186,639,1,-1,-1,-1
1034,3,1203,307,186,639,1,-1,-1,-1
1035,3,1203,307,186,639,1,-1,-1,-1
1036,3,1216,365,161,532,1,-1,-1,-1
1037,3,1216,365,161,532,1,-1,-1,-1
1038,3,1216,365,161,532,1,-1,-1,-1
1039,3,1216,365,161,532,1,-1,-1,-1
1040,3,1216,365,161,532,1,-1,-1,-1
1041,3,1216,365,161,532,1,-1,-1,-1
1042,3,1216,365,161,532,1,-1,-1,-1
1043,3,1278,365,105,532,1,-1,-1,-1
1044,3,1278,365,105,532,1,-1,-1,-1
1045,3,1278,365,105,532,1,-1,-1,-1
1046,3,1278,365,105,532,1,-1,-1,-1
1149,3,1284,392,104,475,1,-1,-1,-1
1150,3,1284,392,104,475,1,-1,-1,-1
1151,3,1284,392,104,475,1,-1,-1,-1
1152,3,1284,392,104,475,1,-1,-1,-1
1153,3,1265,381,123,486,1,-1,-1,-1
1154,3,1265,381,123,486,1,-1,-1,-1
1155,3,1265,381,123,486,1,-1,-1,-1
1156,3,1250,367,123,486,1,-1,-1,-1
1157,3,1223,367,150,500,1,-1,-1,-1
1158,3,1223,367,150,500,1,-1,-1,-1
1159,3,1212,382,162,500,1,-1,-1,-1
1160,3,1212,382,162,500,1,-1,-1,-1
1161,3,1212,382,162,500,1,-1,-1,-1
1162,3,1191,380,162,500,1,-1,-1,-1
1163,3,1191,380,162,500,1,-1,-1,-1
1164,3,1166,375,162,500,1,-1,-1,-1
1165,3,1166,375,162,500,1,-1,-1,-1
1166,3,1166,375,162,500,1,-1,-1,-1
1167,3,1166,375,162,500,1,-1,-1,-1
1168,3,1166,375,162,500,1,-1,-1,-1
1169,3,1166,375,118,500,1,-1,-1,-1
1170,3,1166,375,118,500,1,-1,-1,-1
1171,3,1166,375,118,500,1,-1,-1,-1
1172,3,1166,375,118,500,1,-1,-1,-1
891,4,1152,379,67,524,1,-1,-1,-1
892,4,1152,379,67,524,1,-1,-1,-1
893,4,1152,379,67,524,1,-1,-1,-1
894,4,1152,379,67,524,1,-1,-1,-1
895,4,1152,379,67,524,1,-1,-1,-1
896,4,1152,379,67,524,1,-1,-1,-1
904,4,1199,400,149,475,1,-1,-1,-1
905,4,1199,400,149,475,1,-1,-1,-1
906,4,1199,400,149,475,1,-1,-1,-1
907,4,1200,391,178,475,1,-1,-1,-1
908,4,1200,391,178,475,1,-1,-1,-1
909,4,1200,391,178,475,1,-1,-1,-1
910,4,1200,391,178,475,1,-1,-1,-1
911,4,1260,391,118,475,1,-1,-1,-1
912,4,1260,391,118,475,1,-1,-1,-1
913,4,1260,391,118,475,1,-1,-1,-1
1013,4,1164,366,121,526,1,-1,-1,-1
1014,4,1164,366,121,526,1,-1,-1,-1
1015,4,1164,366,121,526,1,-1,-1,-1
1016,4,1164,366,121,526,1,-1,-1,-1
1017,4,1164,366,121,526,1,-1,-1,-1
1018,4,1164,366,121,526,1,-1,-1,-1
1019,4,1164,366,121,526,1,-1,-1,-1
1020,4,1164,366,92,526,1,-1,-1,-1
1021,4,1164,366,92,526,1,-1,-1,-1
1022,4,1164,366,92,526,1,-1,-1,-1
1023,4,1164,366,92,526,1,-1,-1,-1
1024,4,1164,366,92,526,1,-1,-1,-1
1025,4,1164,366,92,526,1,-1,-1,-1
1026,4,1164,366,92,526,1,-1,-1,-1
