0,4,957,429,143,470,1,-1,-1,-1
132,2,1602,0,318,1055,1,-1,-1,-1
133,2,1598,0,318,1065,1,-1,-1,-1
134,2,1598,0,318,1065,1,-1,-1,-1
135,2,1598,0,318,1065,1,-1,-1,-1
136,2,1536,32,382,1040,1,-1,-1,-1
137,2,1515,31,382,1040,1,-1,-1,-1
138,2,1436,34,466,1040,1,-1,-1,-1
139,2,1415,78,458,996,1,-1,-1,-1
140,2,1379,78,458,996,1,-1,-1,-1
141,2,1353,81,458,996,1,-1,-1,-1
142,2,1354,157,396,920,1,-1,-1,-1
143,2,1305,157,396,920,1,-1,-1,-1
144,2,1265,156,396,920,1,-1,-1,-1
145,2,1200,156,396,920,1,-1,-1,-1
146,2,1200,156,396,920,1,-1,-1,-1
147,2,1163,205,377,871,1,-1,-1,-1
148,2,1163,205,377,871,1,-1,-1,-1
149,2,1163,218,326,857,1,-1,-1,-1
150,2,1135,258,284,819,1,-1,-1,-1
151,2,1135,258,284,819,1,-1,-1,-1
151,0,1802,204,115,875,1,-1,-1,-1
152,2,1109,255,284,819,1,-1,-1,-1
152,0,1802,204,115,875,1,-1,-1,-1
153,2,1109,255,284,819,1,-1,-1,-1
153,0,1745,204,172,875,1,-1,-1,-1
154,2,1076,296,294,778,1,-1,-1,-1
154,0,1707,204,210,875,1,-1,-1,-1
155,2,1076,296,294,778,1,-1,-1,-1
155,0,1707,204,210,875,1,-1,-1,-1
156,2,1042,292,294,778,1,-1,-1,-1
156,0,1651,234,266,844,1,-1,-1,-1
157,2,1042,292,294,778,1,-1,-1,-1
157,0,1605,278,291,801,1,-1,-1,-1
158,2,1042,292,294,778,1,-1,-1,-1
158,0,1605,278,291,801,1,-1,-1,-1
159,2,1041,324,257,746,1,-1,-1,-1
159,0,1584,265,291,801,1,-1,-1,-1
160,2,1021,324,257,746,1,-1,-1,-1
160,0,1584,265,291,801,1,-1,-1,-1
161,2,1021,324,257,746,1,-1,-1,-1
161,0,1565,252,291,801,1,-1,-1,-1
162,2,991,323,257,746,1,-1,-1,-1
162,0,1565,252,291,801,1,-1,-1,-1
163,2,991,323,257,746,1,-1,-1,-1
163,0,1533,229,291,801,1,-1,-1,-1
164,2,979,357,247,696,1,-1,-1,-1
164,0,1533,229,291,801,1,-1,-1,-1
165,2,979,357,247,696,1,-1,-1,-1
165,0,1533,229,291,801,1,-1,-1,-1
166,2,979,357,247,696,1,-1,-1,-1
166,0,1528,198,263,803,1,-1,-1,-1
167,2,979,357,247,696,1,-1,-1,-1
167,0,1528,198,263,803,1,-1,-1,-1
168,2,975,393,240,622,1,-1,-1,-1
168,0,1512,179,263,803,1,-1,-1,-1
169,2,975,393,240,622,1,-1,-1,-1
169,0,1512,179,263,803,1,-1,-1,-1
170,2,975,393,240,622,1,-1,-1,-1
170,0,1512,179,213,753,1,-1,-1,-1
171,2,975,393,240,622,1,-1,-1,-1
171,0,1512,179,213,753,1,-1,-1,-1
172,2,975,393,202,606,1,-1,-1,-1
172,0,1512,179,213,753,1,-1,-1,-1
173,2,975,393,202,606,1,-1,-1,-1
173,0,1512,179,213,753,1,-1,-1,-1
174,2,975,393,202,606,1,-1,-1,-1
174,0,1491,164,213,753,1,-1,-1,-1
175,2,963,421,208,578,1,-1,-1,-1
175,0,1491,164,213,753,1,-1,-1,-1
176,2,963,421,208,578,1,-1,-1,-1
176,0,1479,127,213,753,1,-1,-1,-1
177,2,963,421,208,578,1,-1,-1,-1
177,0,1479,127,213,753,1,-1,-1,-1
178,2,963,421,150,521,1,-1,-1,-1
178,0,1433,127,228,415,1,-1,-1,-1
179,2,963,421,150,521,1,-1,-1,-1
179,0,1433,127,228,415,1,-1,-1,-1
180,2,963,421,150,521,1,-1,-1,-1
180,0,1433,127,228,415,1,-1,-1,-1
181,2,963,421,150,521,1,-1,-1,-1
181,0,1421,128,228,415,1,-1,-1,-1
182,2,963,439,109,503,1,-1,-1,-1
182,0,1405,117,228,415,1,-1,-1,-1
183,2,963,439,109,503,1,-1,-1,-1
183,0,1405,117,228,415,1,-1,-1,-1
184,2,963,439,109,503,1,-1,-1,-1
184,0,1389,105,228,415,1,-1,-1,-1
185,2,963,439,87,467,1,-1,-1,-1
185,0,1389,105,228,415,1,-1,-1,-1
186,2,963,439,87,467,1,-1,-1,-1
186,0,1374,88,228,415,1,-1,-1,-1
187,2,963,439,87,467,1,-1,-1,-1
187,0,1374,88,228,415,1,-1,-1,-1
188,2,963,439,87,467,1,-1,-1,-1
188,0,1374,88,228,415,1,-1,-1,-1
189,2,963,439,87,467,1,-1,-1,-1
189,0,1374,89,205,415,1,-1,-1,-1
190,2,963,439,87,467,1,-1,-1,-1
190,0,1374,89,205,415,1,-1,-1,-1
191,0,1374,89,205,415,1,-1,-1,-1
192,0,1374,89,179,355,1,-1,-1,-1
193,0,1352,89,200,355,1,-1,-1,-1
194,0,1352,89,200,355,1,-1,-1,-1
195,0,1219,12,195,291,1,-1,-1,-1
196,0,1219,12,195,291,1,-1,-1,-1
197,0,1219,12,195,291,1,-1,-1,-1
198,0,1194,4,195,291,1,-1,-1,-1
199,0,1194,4,195,291,1,-1,-1,-1
200,0,1194,4,195,291,1,-1,-1,-1
201,0,1194,4,195,291,1,-1,-1,-1
202,0,1194,4,151,259,1,-1,-1,-1
203,0,1194,4,151,259,1,-1,-1,-1
204,0,1194,4,151,259,1,-1,-1,-1
205,0,1194,4,151,259,1,-1,-1,-1
206,0,1194,4,151,259,1,-1,-1,-1
207,0,1194,4,132,217,1,-1,-1,-1
208,0,1194,4,132,217,1,-1,-1,-1
209,0,1194,4,132,217,1,-1,-1,-1
210,0,1174,1,152,222,1,-1,-1,-1
211,0,1174,1,152,222,1,-1,-1,-1
212,0,1174,1,152,222,1,-1,-1,-1
213,0,1155,1,152,222,1,-1,-1,-1
214,0,1155,1,152,222,1,-1,-1,-1
215,0,1155,1,152,222,1,-1,-1,-1
216,0,1155,1,152,222,1,-1,-1,-1
217,0,1155,1,152,222,1,-1,-1,-1
218,0,1155,1,152,222,1,-1,-1,-1
219,0,1155,1,152,222,1,-1,-1,-1
220,0,1144,1,152,222,1,-1,-1,-1
221,0,1144,1,152,222,1,-1,-1,-1
222,0,1144,1,152,222,1,-1,-1,-1
223,0,1145,1,124,198,1,-1,-1,-1
224,0,1145,1,124,198,1,-1,-1,-1
225,0,1145,1,124,198,1,-1,-1,-1
226,0,1145,1,124,198,1,-1,-1,-1
227,0,1145,1,124,198,1,-1,-1,-1
228,0,1129,1,124,152,1,-1,-1,-1
229,0,1129,1,124,152,1,-1,-1,-1
230,0,1129,1,124,152,1,-1,-1,-1
231,0,1129,1,124,152,1,-1,-1,-1
232,0,1104,1,150,152,1,-1,-1,-1
233,0,1104,1,150,152,1,-1,-1,-1
234,0,1104,1,150,152,1,-1,-1,-1
235,0,1104,1,150,152,1,-1,-1,-1
236,0,1104,1,150,152,1,-1,-1,-1
237,0,1104,1,150,152,1,-1,-1,-1
238,0,1104,1,150,152,1,-1,-1,-1
239,0,1104,1,150,152,1,-1,-1,-1
240,0,1104,1,150,152,1,-1,-1,-1
241,0,1104,1,119,152,1,-1,-1,-1
242,0,1104,1,119,152,1,-1,-1,-1
243,0,1104,1,119,152,1,-1,-1,-1
244,0,1104,1,119,152,1,-1,-1,-1
245,0,1104,1,119,152,1,-1,-1,-1
246,0,1093,1,119,152,1,-1,-1,-1
247,0,1093,1,119,152,1,-1,-1,-1
248,0,1093,1,119,152,1,-1,-1,-1
249,0,1093,1,119,152,1,-1,-1,-1
250,0,1093,1,119,152,1,-1,-1,-1
251,0,1093,1,119,152,1,-1,-1,-1
252,0,1093,1,119,152,1,-1,-1,-1
253,0,1093,1,119,152,1,-1,-1,-1
254,0,1093,1,119,152,1,-1,-1,-1
255,0,1093,1,119,152,1,-1,-1,-1
256,0,1080,1,119,139,1,-1,-1,-1
257,0,1080,1,119,139,1,-1,-1,-1
258,0,1080,1,119,139,1,-1,-1,-1
259,0,1080,1,119,139,1,-1,-1,-1
260,0,1080,1,102,139,1,-1,-1,-1
261,0,1080,1,102,139,1,-1,-1,-1
262,0,1080,1,102,139,1,-1,-1,-1
263,0,1064,1,102,101,1,-1,-1,-1
264,0,1064,1,102,101,1,-1,-1,-1
265,0,1064,1,102,101,1,-1,-1,-1
306,3,962,472,60,363,1,-1,-1,-1
307,3,962,472,60,363,1,-1,-1,-1
308,3,962,472,78,401,1,-1,-1,-1
309,3,962,472,78,401,1,-1,-1,-1
310,3,962,462,79,442,1,-1,-1,-1
311,3,962,462,79,442,1,-1,-1,-1
312,3,962,439,103,479,1,-1,-1,-1
312,4,1819,290,98,787,1,-1,-1,-1
313,3,962,439,103,479,1,-1,-1,-1
313,4,1819,290,98,787,1,-1,-1,-1
314,3,962,439,103,479,1,-1,-1,-1
314,4,1790,284,127,793,1,-1,-1,-1
315,3,962,426,122,521,1,-1,-1,-1
315,4,1756,288,161,789,1,-1,-1,-1
316,3,962,426,122,521,1,-1,-1,-1
316,4,1716,277,201,801,1,-1,-1,-1
317,3,962,419,143,528,1,-1,-1,-1
317,4,1661,263,257,814,1,-1,-1,-1
318,3,962,419,143,528,1,-1,-1,-1
318,4,1632,277,286,801,1,-1,-1,-1
319,3,962,402,175,545,1,-1,-1,-1
319,4,1632,277,286,801,1,-1,-1,-1
320,3,962,402,175,545,1,-1,-1,-1
320,4,1632,277,246,783,1,-1,-1,-1
321,3,962,402,175,545,1,-1,-1,-1
321,4,1632,277,246,783,1,-1,-1,-1
322,3,962,402,218,569,1,-1,-1,-1
322,4,1596,267,282,793,1,-1,-1,-1
323,3,962,402,218,569,1,-1,-1,-1
323,4,1570,237,282,793,1,-1,-1,-1
324,3,962,402,229,586,1,-1,-1,-1
324,4,1570,237,282,793,1,-1,-1,-1
325,3,962,402,229,586,1,-1,-1,-1
325,4,1534,215,282,793,1,-1,-1,-1
326,3,962,382,229,606,1,-1,-1,-1
326,4,1534,215,282,793,1,-1,-1,-1
327,3,962,382,229,606,1,-1,-1,-1
327,4,1521,201,282,793,1,-1,-1,-1
328,3,962,382,229,606,1,-1,-1,-1
328,4,1521,201,282,793,1,-1,-1,-1
329,3,974,361,265,640,1,-1,-1,-1
329,4,1498,199,266,740,1,-1,-1,-1
330,3,974,361,265,640,1,-1,-1,-1
330,4,1498,199,266,740,1,-1,-1,-1
331,3,991,363,265,670,1,-1,-1,-1
331,4,1498,199,266,740,1,-1,-1,-1
332,3,991,363,265,670,1,-1,-1,-1
332,4,1474,174,266,740,1,-1,-1,-1
333,3,1023,366,265,670,1,-1,-1,-1
333,4,1474,174,266,740,1,-1,-1,-1
334,3,1023,352,273,684,1,-1,-1,-1
334,4,1452,153,266,740,1,-1,-1,-1
335,3,1023,352,273,684,1,-1,-1,-1
335,4,1452,153,266,740,1,-1,-1,-1
336,3,1040,336,279,730,1,-1,-1,-1
336,4,1430,116,266,740,1,-1,-1,-1
337,3,1040,336,279,730,1,-1,-1,-1
337,4,1430,116,266,740,1,-1,-1,-1
338,3,1049,332,308,736,1,-1,-1,-1
338,4,1403,123,266,437,1,-1,-1,-1
339,3,1049,332,308,736,1,-1,-1,-1
339,4,1403,123,266,437,1,-1,-1,-1
340,3,1049,332,308,736,1,-1,-1,-1
340,4,1403,123,266,437,1,-1,-1,-1
341,3,1049,312,331,756,1,-1,-1,-1
341,4,1403,123,318,418,1,-1,-1,-1
342,3,1049,312,331,756,1,-1,-1,-1
342,4,1387,108,318,418,1,-1,-1,-1
343,3,1049,290,351,778,1,-1,-1,-1
343,4,1387,108,318,418,1,-1,-1,-1
344,3,1049,290,351,778,1,-1,-1,-1
344,4,1391,110,245,384,1,-1,-1,-1
345,3,1049,274,369,794,1,-1,-1,-1
345,4,1391,110,245,384,1,-1,-1,-1
346,3,1049,274,369,794,1,-1,-1,-1
346,4,1391,110,245,384,1,-1,-1,-1
347,3,1069,262,377,806,1,-1,-1,-1
347,4,1391,110,245,384,1,-1,-1,-1
348,3,1069,262,377,806,1,-1,-1,-1
348,4,1391,110,245,384,1,-1,-1,-1
349,3,1069,262,377,806,1,-1,-1,-1
349,4,1371,102,245,384,1,-1,-1,-1
350,3,1106,262,340,806,1,-1,-1,-1
350,4,1355,93,245,384,1,-1,-1,-1
351,3,1153,245,347,823,1,-1,-1,-1
351,4,1355,93,245,384,1,-1,-1,-1
352,3,1153,245,347,823,1,-1,-1,-1
352,4,1339,73,245,384,1,-1,-1,-1
353,3,1186,245,360,823,1,-1,-1,-1
353,4,1339,73,245,384,1,-1,-1,-1
354,3,1186,245,360,823,1,-1,-1,-1
354,4,1339,73,198,282,1,-1,-1,-1
355,3,1222,246,360,823,1,-1,-1,-1
355,4,1339,73,198,282,1,-1,-1,-1
356,3,1272,243,360,823,1,-1,-1,-1
356,4,1317,62,198,282,1,-1,-1,-1
357,3,1272,217,401,850,1,-1,-1,-1
357,4,1317,62,198,282,1,-1,-1,-1
358,3,1307,217,365,850,1,-1,-1,-1
358,4,1300,59,198,282,1,-1,-1,-1
359,3,1355,200,363,867,1,-1,-1,-1
359,4,1300,59,198,282,1,-1,-1,-1
360,3,1388,183,352,884,1,-1,-1,-1
360,4,1300,59,198,282,1,-1,-1,-1
361,3,1418,179,352,884,1,-1,-1,-1
361,4,1300,59,198,282,1,-1,-1,-1
362,3,1446,163,357,912,1,-1,-1,-1
362,4,1283,58,198,282,1,-1,-1,-1
363,3,1446,163,357,912,1,-1,-1,-1
363,4,1283,58,198,282,1,-1,-1,-1
364,3,1510,132,351,942,1,-1,-1,-1
364,4,1283,58,198,282,1,-1,-1,-1
365,3,1543,132,351,942,1,-1,-1,-1
365,4,1271,43,198,282,1,-1,-1,-1
366,3,1567,132,351,942,1,-1,-1,-1
366,4,1271,43,198,282,1,-1,-1,-1
367,3,1567,132,351,942,1,-1,-1,-1
367,4,1249,27,198,282,1,-1,-1,-1
368,3,1597,132,320,942,1,-1,-1,-1
368,4,1249,27,198,282,1,-1,-1,-1
369,3,1630,132,287,942,1,-1,-1,-1
369,4,1249,27,198,282,1,-1,-1,-1
370,3,1630,132,287,942,1,-1,-1,-1
370,4,1249,26,225,281,1,-1,-1,-1
371,3,1665,164,253,910,1,-1,-1,-1
371,4,1249,26,225,281,1,-1,-1,-1
372,3,1665,164,253,910,1,-1,-1,-1
372,4,1249,26,225,281,1,-1,-1,-1
373,3,1665,164,253,910,1,-1,-1,-1
373,4,1249,26,225,281,1,-1,-1,-1
374,3,1665,164,253,910,1,-1,-1,-1
374,4,1219,22,225,281,1,-1,-1,-1
375,3,1688,198,229,876,1,-1,-1,-1
375,4,1219,22,225,281,1,-1,-1,-1
376,3,1688,198,229,876,1,-1,-1,-1
376,4,1219,22,225,281,1,-1,-1,-1
377,3,1688,198,229,876,1,-1,-1,-1
377,4,1219,22,225,281,1,-1,-1,-1
378,3,1708,218,209,856,1,-1,-1,-1
378,4,1219,22,225,281,1,-1,-1,-1
379,3,1708,218,209,856,1,-1,-1,-1
379,4,1219,22,225,281,1,-1,-1,-1
380,3,1708,218,209,856,1,-1,-1,-1
380,4,1200,5,210,281,1,-1,-1,-1
381,3,1707,250,210,824,1,-1,-1,-1
381,4,1200,5,189,258,1,-1,-1,-1
382,3,1707,250,210,824,1,-1,-1,-1
382,4,1200,5,189,258,1,-1,-1,-1
383,3,1707,250,210,824,1,-1,-1,-1
383,4,1200,5,189,258,1,-1,-1,-1
384,3,1691,245,226,830,1,-1,-1,-1
384,4,1200,5,189,258,1,-1,-1,-1
385,3,1691,245,226,830,1,-1,-1,-1
385,4,1200,5,189,258,1,-1,-1,-1
386,3,1643,271,274,803,1,-1,-1,-1
386,4,1200,5,189,258,1,-1,-1,-1
387,3,1643,271,274,803,1,-1,-1,-1
387,4,1200,5,189,258,1,-1,-1,-1
388,3,1643,271,257,803,1,-1,-1,-1
388,4,1200,5,189,258,1,-1,-1,-1
389,3,1643,271,257,803,1,-1,-1,-1
389,4,1200,5,189,258,1,-1,-1,-1
390,3,1622,266,257,803,1,-1,-1,-1
390,4,1178,0,189,258,1,-1,-1,-1
391,3,1622,266,257,803,1,-1,-1,-1
391,4,1178,0,189,258,1,-1,-1,-1
392,3,1613,266,257,803,1,-1,-1,-1
392,4,1160,0,189,213,1,-1,-1,-1
393,3,1613,266,257,803,1,-1,-1,-1
393,4,1160,0,189,213,1,-1,-1,-1
394,3,1572,220,257,803,1,-1,-1,-1
394,4,1160,0,189,213,1,-1,-1,-1
395,3,1572,220,257,803,1,-1,-1,-1
395,4,1160,0,189,213,1,-1,-1,-1
396,3,1572,220,257,803,1,-1,-1,-1
396,4,1160,0,189,213,1,-1,-1,-1
397,3,1545,210,257,803,1,-1,-1,-1
397,4,1160,0,161,213,1,-1,-1,-1
398,3,1545,210,257,803,1,-1,-1,-1
398,4,1160,0,161,213,1,-1,-1,-1
399,3,1545,210,257,803,1,-1,-1,-1
399,4,1160,0,161,213,1,-1,-1,-1
400,3,1528,205,257,803,1,-1,-1,-1
400,4,1160,0,161,213,1,-1,-1,-1
401,3,1528,205,257,803,1,-1,-1,-1
401,4,1160,0,161,213,1,-1,-1,-1
402,3,1528,205,240,732,1,-1,-1,-1
402,4,1160,0,161,213,1,-1,-1,-1
403,3,1528,205,240,732,1,-1,-1,-1
403,4,1160,0,161,213,1,-1,-1,-1
404,3,1507,190,240,732,1,-1,-1,-1
404,4,1160,0,161,213,1,-1,-1,-1
405,3,1507,190,240,732,1,-1,-1,-1
405,4,1146,0,161,213,1,-1,-1,-1
406,3,1490,182,240,732,1,-1,-1,-1
406,4,1146,0,161,213,1,-1,-1,-1
407,3,1490,182,240,732,1,-1,-1,-1
407,4,1146,0,161,213,1,-1,-1,-1
408,3,1490,182,240,732,1,-1,-1,-1
408,4,1146,0,161,213,1,-1,-1,-1
409,3,1465,169,240,732,1,-1,-1,-1
409,4,1146,0,136,185,1,-1,-1,-1
410,3,1465,169,240,732,1,-1,-1,-1
410,4,1146,0,136,185,1,-1,-1,-1
411,3,1432,125,240,732,1,-1,-1,-1
411,4,1146,0,136,185,1,-1,-1,-1
412,3,1432,125,240,732,1,-1,-1,-1
412,4,1146,0,136,185,1,-1,-1,-1
413,3,1432,124,240,430,1,-1,-1,-1
413,4,1122,0,136,185,1,-1,-1,-1
414,3,1432,124,240,430,1,-1,-1,-1
414,4,1122,0,136,185,1,-1,-1,-1
415,3,1403,102,240,430,1,-1,-1,-1
415,4,1122,0,136,185,1,-1,-1,-1
416,3,1403,102,240,430,1,-1,-1,-1
416,4,1122,0,136,185,1,-1,-1,-1
417,3,1403,102,240,430,1,-1,-1,-1
417,4,1122,0,136,185,1,-1,-1,-1
418,3,1403,102,240,430,1,-1,-1,-1
418,4,1122,0,136,185,1,-1,-1,-1
419,3,1403,102,240,430,1,-1,-1,-1
419,4,1122,0,136,185,1,-1,-1,-1
420,3,1403,102,240,430,1,-1,-1,-1
420,4,1122,0,122,156,1,-1,-1,-1
421,3,1403,102,240,430,1,-1,-1,-1
421,4,1122,0,122,156,1,-1,-1,-1
422,3,1403,102,240,430,1,-1,-1,-1
422,4,1122,0,122,156,1,-1,-1,-1
423,3,1390,99,240,371,1,-1,-1,-1
423,4,1122,0,122,156,1,-1,-1,-1
424,3,1390,99,240,371,1,-1,-1,-1
424,4,1109,0,135,153,1,-1,-1,-1
425,3,1390,99,240,371,1,-1,-1,-1
425,4,1109,0,135,153,1,-1,-1,-1
426,3,1377,110,222,347,1,-1,-1,-1
426,4,1090,0,135,153,1,-1,-1,-1
427,3,1377,110,222,347,1,-1,-1,-1
427,4,1090,0,135,153,1,-1,-1,-1
428,3,1349,81,222,347,1,-1,-1,-1
428,4,1090,0,135,153,1,-1,-1,-1
429,3,1349,81,222,347,1,-1,-1,-1
429,4,1090,0,135,153,1,-1,-1,-1
430,3,1332,76,222,347,1,-1,-1,-1
430,4,1090,0,135,153,1,-1,-1,-1
431,3,1332,76,222,347,1,-1,-1,-1
431,4,1090,0,135,153,1,-1,-1,-1
432,3,1317,63,222,347,1,-1,-1,-1
432,4,1090,0,135,153,1,-1,-1,-1
433,3,1317,63,222,347,1,-1,-1,-1
433,4,1090,0,135,153,1,-1,-1,-1
434,3,1317,63,222,347,1,-1,-1,-1
434,4,1064,0,161,122,1,-1,-1,-1
435,3,1317,63,222,347,1,-1,-1,-1
435,4,1064,0,161,122,1,-1,-1,-1
436,3,1317,63,222,347,1,-1,-1,-1
436,4,1064,0,161,122,1,-1,-1,-1
437,3,1317,63,222,347,1,-1,-1,-1
437,4,1064,0,161,122,1,-1,-1,-1
438,3,1317,63,222,347,1,-1,-1,-1
438,4,1064,0,161,122,1,-1,-1,-1
439,3,1317,63,222,347,1,-1,-1,-1
439,4,1064,0,161,122,1,-1,-1,-1
440,3,1293,42,222,347,1,-1,-1,-1
440,4,1064,0,161,122,1,-1,-1,-1
441,3,1293,42,222,347,1,-1,-1,-1
441,4,1064,0,161,122,1,-1,-1,-1
442,3,1293,42,222,347,1,-1,-1,-1
442,4,1090,0,135,122,1,-1,-1,-1
443,3,1293,42,222,347,1,-1,-1,-1
443,4,1090,0,135,122,1,-1,-1,-1
444,3,1293,42,222,347,1,-1,-1,-1
444,4,1090,0,135,122,1,-1,-1,-1
445,3,1281,20,189,347,1,-1,-1,-1
445,4,1090,0,135,122,1,-1,-1,-1
446,3,1281,20,189,347,1,-1,-1,-1
446,4,1090,0,135,122,1,-1,-1,-1
447,3,1281,20,189,347,1,-1,-1,-1
447,4,1090,0,135,122,1,-1,-1,-1
448,3,1262,9,189,347,1,-1,-1,-1
448,4,1090,0,135,122,1,-1,-1,-1
449,3,1262,9,189,347,1,-1,-1,-1
449,4,1114,0,111,143,1,-1,-1,-1
449,2,1839,283,78,795,1,-1,-1,-1
450,3,1262,9,189,347,1,-1,-1,-1
450,4,1114,0,111,143,1,-1,-1,-1
450,2,1811,273,106,806,1,-1,-1,-1
451,3,1236,9,216,316,1,-1,-1,-1
451,4,1114,0,111,143,1,-1,-1,-1
451,2,1776,277,142,802,1,-1,-1,-1
452,3,1236,9,216,316,1,-1,-1,-1
452,4,1114,0,111,143,1,-1,-1,-1
452,2,1776,277,142,802,1,-1,-1,-1
453,3,1236,9,216,316,1,-1,-1,-1
453,4,1142,0,83,143,1,-1,-1,-1
453,2,1740,312,177,766,1,-1,-1,-1
454,3,1236,9,216,316,1,-1,-1,-1
454,4,1142,0,83,143,1,-1,-1,-1
454,2,1740,312,177,766,1,-1,-1,-1
455,3,1236,9,189,311,1,-1,-1,-1
455,4,1142,0,83,143,1,-1,-1,-1
455,2,1704,328,213,750,1,-1,-1,-1
456,3,1236,9,189,311,1,-1,-1,-1
456,2,1704,328,213,750,1,-1,-1,-1
457,3,1236,9,189,311,1,-1,-1,-1
457,2,1695,323,213,750,1,-1,-1,-1
458,3,1236,9,189,311,1,-1,-1,-1
458,2,1695,323,213,750,1,-1,-1,-1
459,3,1236,9,171,233,1,-1,-1,-1
459,2,1675,258,213,750,1,-1,-1,-1
460,3,1236,9,171,233,1,-1,-1,-1
460,2,1675,258,213,750,1,-1,-1,-1
461,3,1236,9,171,233,1,-1,-1,-1
461,2,1642,278,209,729,1,-1,-1,-1
462,3,1236,9,171,233,1,-1,-1,-1
462,2,1642,278,209,729,1,-1,-1,-1
463,3,1236,9,171,233,1,-1,-1,-1
463,2,1601,281,232,696,1,-1,-1,-1
464,3,1198,5,171,233,1,-1,-1,-1
464,2,1601,281,232,696,1,-1,-1,-1
465,3,1198,5,171,233,1,-1,-1,-1
465,2,1582,284,232,696,1,-1,-1,-1
466,3,1198,5,171,233,1,-1,-1,-1
466,2,1582,284,232,696,1,-1,-1,-1
467,3,1191,1,171,233,1,-1,-1,-1
467,2,1565,264,232,696,1,-1,-1,-1
468,3,1191,1,171,233,1,-1,-1,-1
468,2,1565,264,232,696,1,-1,-1,-1
469,3,1191,1,171,233,1,-1,-1,-1
469,2,1534,249,238,685,1,-1,-1,-1
470,3,1191,1,171,233,1,-1,-1,-1
470,2,1534,249,238,685,1,-1,-1,-1
471,3,1191,1,171,233,1,-1,-1,-1
471,2,1512,228,259,707,1,-1,-1,-1
472,3,1180,1,171,233,1,-1,-1,-1
472,2,1512,228,226,680,1,-1,-1,-1
473,3,1180,1,171,233,1,-1,-1,-1
473,2,1502,225,237,683,1,-1,-1,-1
474,3,1180,1,171,233,1,-1,-1,-1
474,2,1502,225,237,683,1,-1,-1,-1
475,3,1180,1,171,233,1,-1,-1,-1
475,2,1502,225,237,683,1,-1,-1,-1
476,3,1180,1,171,233,1,-1,-1,-1
476,2,1472,216,237,683,1,-1,-1,-1
477,3,1180,1,171,233,1,-1,-1,-1
477,2,1472,216,237,683,1,-1,-1,-1
478,3,1180,1,171,233,1,-1,-1,-1
478,2,1472,216,237,683,1,-1,-1,-1
479,3,1194,1,157,233,1,-1,-1,-1
479,2,1454,196,237,382,1,-1,-1,-1
480,3,1194,1,157,233,1,-1,-1,-1
480,2,1454,196,237,382,1,-1,-1,-1
481,3,1194,1,157,233,1,-1,-1,-1
481,2,1454,196,237,382,1,-1,-1,-1
482,3,1194,1,157,233,1,-1,-1,-1
482,2,1454,196,237,382,1,-1,-1,-1
483,3,1194,1,157,233,1,-1,-1,-1
483,2,1434,162,237,382,1,-1,-1,-1
484,3,1168,1,155,233,1,-1,-1,-1
484,2,1434,162,237,382,1,-1,-1,-1
485,3,1168,1,155,233,1,-1,-1,-1
485,2,1403,151,232,347,1,-1,-1,-1
486,3,1168,1,155,233,1,-1,-1,-1
486,2,1403,151,232,347,1,-1,-1,-1
487,3,1156,1,150,196,1,-1,-1,-1
487,2,1403,151,232,347,1,-1,-1,-1
488,3,1156,1,150,196,1,-1,-1,-1
488,2,1384,134,232,347,1,-1,-1,-1
489,3,1156,1,150,196,1,-1,-1,-1
489,2,1384,134,232,347,1,-1,-1,-1
490,3,1156,1,150,196,1,-1,-1,-1
490,2,1384,134,232,347,1,-1,-1,-1
491,3,1143,1,163,196,1,-1,-1,-1
491,2,1384,134,232,347,1,-1,-1,-1
492,3,1143,1,163,196,1,-1,-1,-1
492,2,1384,134,232,347,1,-1,-1,-1
493,3,1143,1,163,196,1,-1,-1,-1
493,2,1368,123,232,347,1,-1,-1,-1
494,3,1130,1,163,196,1,-1,-1,-1
494,2,1368,123,232,347,1,-1,-1,-1
495,3,1130,1,163,196,1,-1,-1,-1
495,2,1368,123,232,347,1,-1,-1,-1
496,3,1130,1,163,196,1,-1,-1,-1
496,2,1367,103,205,331,1,-1,-1,-1
497,3,1130,1,163,196,1,-1,-1,-1
497,2,1367,103,205,331,1,-1,-1,-1
498,3,1130,1,142,172,1,-1,-1,-1
498,2,1367,103,205,331,1,-1,-1,-1
499,3,1130,1,142,172,1,-1,-1,-1
499,2,1367,103,205,331,1,-1,-1,-1
500,3,1130,1,142,172,1,-1,-1,-1
500,2,1317,77,205,331,1,-1,-1,-1
501,3,1130,1,142,172,1,-1,-1,-1
501,2,1317,77,205,331,1,-1,-1,-1
502,3,1112,1,151,172,1,-1,-1,-1
502,2,1317,77,205,331,1,-1,-1,-1
503,3,1112,1,151,172,1,-1,-1,-1
503,2,1317,77,180,331,1,-1,-1,-1
504,3,1112,1,151,172,1,-1,-1,-1
504,2,1317,77,180,331,1,-1,-1,-1
505,3,1112,1,151,172,1,-1,-1,-1
505,2,1295,69,201,339,1,-1,-1,-1
506,3,1112,1,119,161,1,-1,-1,-1
506,2,1295,69,201,339,1,-1,-1,-1
507,3,1112,1,119,161,1,-1,-1,-1
507,2,1295,69,201,339,1,-1,-1,-1
508,3,1112,1,119,161,1,-1,-1,-1
508,2,1295,69,159,295,1,-1,-1,-1
509,3,1096,1,135,161,1,-1,-1,-1
509,2,1295,69,159,295,1,-1,-1,-1
510,3,1096,1,135,161,1,-1,-1,-1
510,2,1295,69,159,295,1,-1,-1,-1
511,3,1096,1,135,161,1,-1,-1,-1
511,2,1295,69,159,295,1,-1,-1,-1
512,3,1096,1,135,161,1,-1,-1,-1
512,2,1287,39,159,295,1,-1,-1,-1
513,3,1096,1,120,132,1,-1,-1,-1
513,2,1287,39,159,295,1,-1,-1,-1
514,3,1096,1,120,132,1,-1,-1,-1
514,2,1287,39,159,295,1,-1,-1,-1
515,3,1096,1,120,132,1,-1,-1,-1
515,2,1254,31,159,295,1,-1,-1,-1
516,3,1096,1,120,132,1,-1,-1,-1
516,2,1254,31,159,295,1,-1,-1,-1
517,3,1096,1,120,132,1,-1,-1,-1
517,2,1234,16,159,295,1,-1,-1,-1
518,3,1096,1,120,132,1,-1,-1,-1
518,2,1234,16,159,295,1,-1,-1,-1
519,3,1096,1,120,132,1,-1,-1,-1
519,2,1221,16,172,251,1,-1,-1,-1
520,3,1096,1,105,120,1,-1,-1,-1
520,2,1221,16,172,251,1,-1,-1,-1
521,3,1096,1,105,120,1,-1,-1,-1
521,2,1221,16,172,251,1,-1,-1,-1
522,3,1096,1,105,120,1,-1,-1,-1
522,2,1196,9,172,251,1,-1,-1,-1
523,3,1096,1,105,120,1,-1,-1,-1
523,2,1196,9,172,251,1,-1,-1,-1
524,3,1096,1,105,120,1,-1,-1,-1
524,2,1196,9,172,251,1,-1,-1,-1
525,3,1096,1,105,120,1,-1,-1,-1
525,2,1196,9,172,251,1,-1,-1,-1
526,3,1096,1,105,120,1,-1,-1,-1
526,2,1196,9,172,251,1,-1,-1,-1
527,3,1071,1,105,120,1,-1,-1,-1
527,2,1196,9,172,251,1,-1,-1,-1
528,3,1071,1,105,120,1,-1,-1,-1
528,2,1196,9,172,218,1,-1,-1,-1
529,3,1071,1,105,120,1,-1,-1,-1
529,2,1196,9,172,218,1,-1,-1,-1
530,3,1071,1,105,120,1,-1,-1,-1
530,2,1196,9,172,218,1,-1,-1,-1
531,3,1071,1,105,120,1,-1,-1,-1
531,2,1163,6,172,218,1,-1,-1,-1
532,3,1071,1,105,120,1,-1,-1,-1
532,2,1163,6,172,218,1,-1,-1,-1
533,2,1163,6,172,218,1,-1,-1,-1
534,2,1163,6,172,218,1,-1,-1,-1
535,2,1163,6,172,218,1,-1,-1,-1
536,2,1138,6,172,218,1,-1,-1,-1
537,2,1138,6,172,218,1,-1,-1,-1
538,2,1138,6,172,218,1,-1,-1,-1
539,2,1138,6,172,218,1,-1,-1,-1
540,2,1138,6,172,218,1,-1,-1,-1
541,2,1138,6,172,218,1,-1,-1,-1
542,2,1138,6,172,218,1,-1,-1,-1
543,2,1138,6,172,218,1,-1,-1,-1
544,2,1138,6,172,218,1,-1,-1,-1
545,2,1138,0,153,204,1,-1,-1,-1
546,2,1138,0,153,204,1,-1,-1,-1
547,2,1138,0,153,204,1,-1,-1,-1
548,2,1138,0,153,204,1,-1,-1,-1
549,2,1138,0,153,204,1,-1,-1,-1
550,2,1138,0,153,204,1,-1,-1,-1
551,2,1138,0,135,192,1,-1,-1,-1
552,2,1123,0,150,192,1,-1,-1,-1
553,2,1123,0,150,192,1,-1,-1,-1
554,2,1123,0,150,192,1,-1,-1,-1
555,2,1123,0,150,192,1,-1,-1,-1
556,2,1123,0,150,192,1,-1,-1,-1
557,2,1123,0,150,192,1,-1,-1,-1
558,2,1123,0,150,192,1,-1,-1,-1
559,2,1123,0,150,192,1,-1,-1,-1
560,2,1123,0,150,192,1,-1,-1,-1
561,2,1123,0,150,192,1,-1,-1,-1
562,2,1107,1,150,192,1,-1,-1,-1
563,2,1107,1,150,192,1,-1,-1,-1
564,2,1107,1,150,192,1,-1,-1,-1
565,2,1107,1,150,192,1,-1,-1,-1
566,2,1107,1,150,192,1,-1,-1,-1
567,2,1108,1,150,147,1,-1,-1,-1
568,2,1108,1,150,147,1,-1,-1,-1
569,2,1108,1,150,147,1,-1,-1,-1
570,2,1108,1,128,147,1,-1,-1,-1
571,2,1108,1,128,147,1,-1,-1,-1
572,2,1108,1,128,147,1,-1,-1,-1
573,2,1108,1,128,147,1,-1,-1,-1
574,2,1108,1,128,147,1,-1,-1,-1
575,2,1108,1,128,147,1,-1,-1,-1
576,2,1108,1,128,147,1,-1,-1,-1
577,2,1108,1,128,147,1,-1,-1,-1
578,2,1108,1,128,147,1,-1,-1,-1
579,2,1108,1,128,147,1,-1,-1,-1
580,2,1108,1,128,147,1,-1,-1,-1
581,2,1108,1,128,147,1,-1,-1,-1
582,2,1108,1,128,147,1,-1,-1,-1
583,2,1108,1,112,147,1,-1,-1,-1
584,2,1108,1,112,147,1,-1,-1,-1
585,2,1108,1,112,147,1,-1,-1,-1
586,2,1094,1,112,147,1,-1,-1,-1
587,2,1084,1,112,147,1,-1,-1,-1
588,2,1078,1,112,147,1,-1,-1,-1
589,2,1078,1,112,147,1,-1,-1,-1
590,2,1078,1,94,120,1,-1,-1,-1
591,2,1078,1,94,120,1,-1,-1,-1
592,2,1078,1,94,120,1,-1,-1,-1
593,2,1062,1,94,120,1,-1,-1,-1
594,2,1062,1,94,120,1,-1,-1,-1
595,2,1062,1,94,120,1,-1,-1,-1
596,2,1062,1,94,120,1,-1,-1,-1
597,2,1062,1,94,120,1,-1,-1,-1
598,2,1062,1,94,120,1,-1,-1,-1
599,2,1057,1,94,120,1,-1,-1,-1
600,2,1057,1,94,120,1,-1,-1,-1
600,1,1778,284,139,794,1,-1,-1,-1
601,2,1057,1,94,120,1,-1,-1,-1
601,1,1767,275,151,803,1,-1,-1,-1
602,2,1057,1,94,120,1,-1,-1,-1
602,1,1718,261,200,818,1,-1,-1,-1
603,2,1057,1,94,120,1,-1,-1,-1
603,1,1695,257,222,822,1,-1,-1,-1
604,2,1057,1,94,120,1,-1,-1,-1
604,1,1695,257,222,822,1,-1,-1,-1
605,2,1057,1,94,120,1,-1,-1,-1
605,1,1686,249,222,822,1,-1,-1,-1
606,2,1057,1,94,120,1,-1,-1,-1
606,1,1670,248,222,822,1,-1,-1,-1
607,2,1057,1,94,120,1,-1,-1,-1
607,1,1670,248,222,822,1,-1,-1,-1
608,2,1029,1,99,69,1,-1,-1,-1
608,1,1651,220,222,822,1,-1,-1,-1
609,2,1029,1,99,69,1,-1,-1,-1
609,1,1651,220,222,822,1,-1,-1,-1
610,2,1029,1,99,69,1,-1,-1,-1
610,1,1624,220,250,822,1,-1,-1,-1
611,2,1029,1,99,69,1,-1,-1,-1
611,1,1624,220,250,822,1,-1,-1,-1
612,2,1029,1,99,69,1,-1,-1,-1
612,1,1578,210,255,777,1,-1,-1,-1
613,2,1029,1,99,69,1,-1,-1,-1
613,1,1578,210,255,777,1,-1,-1,-1
614,2,1029,1,99,69,1,-1,-1,-1
614,1,1578,210,255,777,1,-1,-1,-1
615,2,1029,1,99,69,1,-1,-1,-1
615,1,1578,210,255,777,1,-1,-1,-1
616,2,1029,1,99,69,1,-1,-1,-1
616,1,1549,198,255,777,1,-1,-1,-1
617,2,1029,1,99,69,1,-1,-1,-1
617,1,1549,198,255,777,1,-1,-1,-1
618,2,1029,1,99,69,1,-1,-1,-1
618,1,1549,198,255,777,1,-1,-1,-1
619,2,1029,1,99,69,1,-1,-1,-1
619,1,1549,171,218,748,1,-1,-1,-1
620,2,1029,1,99,69,1,-1,-1,-1
620,1,1549,171,218,748,1,-1,-1,-1
621,2,1029,1,99,69,1,-1,-1,-1
621,1,1527,162,218,748,1,-1,-1,-1
622,2,1029,1,99,69,1,-1,-1,-1
622,1,1527,162,218,748,1,-1,-1,-1
623,2,1029,1,99,69,1,-1,-1,-1
623,1,1527,162,218,748,1,-1,-1,-1
624,2,1049,1,99,69,1,-1,-1,-1
624,1,1519,149,218,748,1,-1,-1,-1
625,2,1049,1,99,69,1,-1,-1,-1
625,1,1519,149,218,748,1,-1,-1,-1
626,2,1049,1,99,69,1,-1,-1,-1
626,1,1493,142,218,748,1,-1,-1,-1
627,2,1049,1,99,69,1,-1,-1,-1
627,1,1493,142,218,748,1,-1,-1,-1
628,2,1067,1,99,69,1,-1,-1,-1
628,1,1478,94,218,748,1,-1,-1,-1
629,2,1067,1,99,69,1,-1,-1,-1
629,1,1478,94,218,748,1,-1,-1,-1
630,2,1067,1,99,69,1,-1,-1,-1
630,1,1478,94,218,748,1,-1,-1,-1
631,2,1067,1,99,69,1,-1,-1,-1
631,1,1417,130,254,417,1,-1,-1,-1
632,2,1102,1,94,97,1,-1,-1,-1
632,1,1417,130,254,417,1,-1,-1,-1
633,2,1102,1,94,97,1,-1,-1,-1
633,1,1417,130,254,417,1,-1,-1,-1
634,2,1102,1,94,97,1,-1,-1,-1
634,1,1402,118,254,417,1,-1,-1,-1
635,2,1102,1,94,97,1,-1,-1,-1
635,1,1402,118,254,417,1,-1,-1,-1
636,2,1102,1,94,97,1,-1,-1,-1
636,1,1402,118,254,417,1,-1,-1,-1
637,2,1125,1,73,120,1,-1,-1,-1
637,1,1394,93,254,417,1,-1,-1,-1
638,2,1125,1,73,120,1,-1,-1,-1
638,1,1394,93,254,417,1,-1,-1,-1
639,2,1141,1,79,120,1,-1,-1,-1
639,1,1394,93,254,417,1,-1,-1,-1
640,2,1141,1,79,120,1,-1,-1,-1
640,1,1394,93,254,417,1,-1,-1,-1
641,2,1141,1,79,120,1,-1,-1,-1
641,1,1393,93,202,377,1,-1,-1,-1
642,2,1141,1,79,120,1,-1,-1,-1
642,1,1393,93,202,377,1,-1,-1,-1
643,1,1393,93,202,377,1,-1,-1,-1
644,1,1372,69,202,377,1,-1,-1,-1
645,1,1372,69,202,377,1,-1,-1,-1
646,1,1372,69,202,377,1,-1,-1,-1
647,1,1358,70,208,329,1,-1,-1,-1
648,1,1358,70,208,329,1,-1,-1,-1
649,1,1358,70,208,329,1,-1,-1,-1
650,1,1358,70,208,329,1,-1,-1,-1
650,0,1052,1,40,73,1,-1,-1,-1
651,1,1358,70,208,329,1,-1,-1,-1
651,0,1052,1,40,73,1,-1,-1,-1
652,1,1334,62,208,329,1,-1,-1,-1
652,0,1052,1,40,73,1,-1,-1,-1
653,1,1334,62,208,329,1,-1,-1,-1
653,0,1052,1,40,73,1,-1,-1,-1
654,1,1334,62,208,329,1,-1,-1,-1
654,0,1052,1,40,73,1,-1,-1,-1
655,1,1334,62,208,329,1,-1,-1,-1
655,0,1052,1,40,73,1,-1,-1,-1
656,1,1317,47,208,329,1,-1,-1,-1
656,0,1052,1,40,73,1,-1,-1,-1
657,1,1317,47,208,329,1,-1,-1,-1
657,0,1052,1,58,73,1,-1,-1,-1
658,1,1317,47,208,329,1,-1,-1,-1
658,0,1052,1,58,73,1,-1,-1,-1
659,1,1317,47,208,329,1,-1,-1,-1
659,0,1072,1,58,73,1,-1,-1,-1
660,1,1317,47,208,329,1,-1,-1,-1
660,0,1081,1,58,73,1,-1,-1,-1
661,1,1296,26,208,329,1,-1,-1,-1
661,0,1081,1,83,86,1,-1,-1,-1
662,1,1296,26,208,329,1,-1,-1,-1
662,0,1081,1,83,86,1,-1,-1,-1
663,1,1296,26,208,329,1,-1,-1,-1
663,0,1097,1,86,86,1,-1,-1,-1
664,1,1296,26,208,329,1,-1,-1,-1
664,0,1097,1,86,86,1,-1,-1,-1
665,1,1275,10,208,329,1,-1,-1,-1
665,0,1123,1,77,110,1,-1,-1,-1
666,1,1275,10,208,329,1,-1,-1,-1
666,0,1123,1,77,110,1,-1,-1,-1
667,1,1275,10,208,329,1,-1,-1,-1
667,0,1123,1,77,110,1,-1,-1,-1
668,1,1275,10,208,329,1,-1,-1,-1
668,0,1123,1,77,110,1,-1,-1,-1
669,1,1275,10,208,329,1,-1,-1,-1
669,0,1147,1,77,136,1,-1,-1,-1
670,1,1275,10,208,329,1,-1,-1,-1
670,0,1147,1,77,136,1,-1,-1,-1
671,1,1255,2,208,329,1,-1,-1,-1
671,0,1147,1,77,136,1,-1,-1,-1
672,1,1255,2,208,329,1,-1,-1,-1
672,0,1147,1,77,136,1,-1,-1,-1
673,1,1255,2,208,329,1,-1,-1,-1
674,1,1255,2,208,329,1,-1,-1,-1
675,1,1255,2,208,329,1,-1,-1,-1
676,1,1255,2,208,329,1,-1,-1,-1
677,1,1255,2,208,329,1,-1,-1,-1
678,1,1255,2,208,329,1,-1,-1,-1
679,1,1254,3,183,296,1,-1,-1,-1
680,1,1254,3,183,296,1,-1,-1,-1
681,1,1254,3,183,296,1,-1,-1,-1
682,1,1254,3,183,296,1,-1,-1,-1
683,1,1254,3,183,296,1,-1,-1,-1
684,1,1230,2,183,296,1,-1,-1,-1
685,1,1230,2,183,296,1,-1,-1,-1
686,1,1230,2,183,296,1,-1,-1,-1
687,1,1230,2,183,296,1,-1,-1,-1
688,1,1230,2,183,296,1,-1,-1,-1
689,1,1231,3,157,262,1,-1,-1,-1
690,1,1231,3,157,262,1,-1,-1,-1
691,1,1231,3,157,262,1,-1,-1,-1
692,1,1231,3,157,262,1,-1,-1,-1
693,1,1231,3,157,262,1,-1,-1,-1
694,1,1214,3,157,262,1,-1,-1,-1
695,1,1214,3,157,262,1,-1,-1,-1
696,1,1214,3,157,262,1,-1,-1,-1
697,1,1214,3,157,262,1,-1,-1,-1
698,1,1214,3,157,262,1,-1,-1,-1
699,1,1214,3,157,262,1,-1,-1,-1
700,1,1192,0,148,224,1,-1,-1,-1
701,1,1192,0,148,224,1,-1,-1,-1
702,1,1192,0,148,224,1,-1,-1,-1
703,1,1192,0,148,224,1,-1,-1,-1
704,1,1175,0,165,193,1,-1,-1,-1
705,1,1175,0,165,193,1,-1,-1,-1
706,1,1175,0,165,193,1,-1,-1,-1
707,1,1175,0,165,193,1,-1,-1,-1
708,1,1175,0,165,193,1,-1,-1,-1
709,1,1175,0,165,193,1,-1,-1,-1
710,1,1175,0,165,193,1,-1,-1,-1
711,1,1175,0,165,193,1,-1,-1,-1
712,1,1175,0,165,193,1,-1,-1,-1
713,1,1175,0,165,193,1,-1,-1,-1
714,1,1175,0,165,193,1,-1,-1,-1
715,1,1175,0,165,193,1,-1,-1,-1
715,1,1175,0,165,193,1,-1,-1,-1
716,1,1175,0,165,193,1,-1,-1,-1
716,1,1175,0,165,193,1,-1,-1,-1
717,1,1151,3,165,193,1,-1,-1,-1
718,1,1151,3,165,193,1,-1,-1,-1
719,1,1151,3,165,193,1,-1,-1,-1
720,1,1151,3,165,193,1,-1,-1,-1
721,1,1151,3,165,193,1,-1,-1,-1
722,1,1151,3,165,193,1,-1,-1,-1
723,1,1151,3,165,193,1,-1,-1,-1
724,1,1151,3,165,193,1,-1,-1,-1
725,1,1151,3,165,193,1,-1,-1,-1
726,1,1151,3,165,193,1,-1,-1,-1
727,1,1151,3,165,193,1,-1,-1,-1
728,1,1151,3,165,193,1,-1,-1,-1
729,1,1151,3,165,193,1,-1,-1,-1
730,1,1151,3,165,193,1,-1,-1,-1
731,1,1151,3,165,193,1,-1,-1,-1
732,1,1151,3,119,193,1,-1,-1,-1
733,1,1151,3,119,193,1,-1,-1,-1
734,1,1151,3,119,193,1,-1,-1,-1
735,1,1151,3,119,193,1,-1,-1,-1
736,1,1151,3,119,193,1,-1,-1,-1
737,1,1151,3,119,193,1,-1,-1,-1
738,1,1151,3,119,193,1,-1,-1,-1
739,1,1151,3,119,193,1,-1,-1,-1
740,1,1151,3,119,193,1,-1,-1,-1
745,4,1106,1,116,161,1,-1,-1,-1
746,4,1106,1,116,161,1,-1,-1,-1
747,4,1106,1,116,161,1,-1,-1,-1
748,4,1117,1,116,161,1,-1,-1,-1
749,4,1117,1,116,161,1,-1,-1,-1
750,4,1117,1,116,161,1,-1,-1,-1
751,4,1117,1,157,189,1,-1,-1,-1
752,4,1117,1,157,189,1,-1,-1,-1
753,4,1143,1,153,220,1,-1,-1,-1
754,4,1143,1,153,220,1,-1,-1,-1
755,4,1143,1,153,220,1,-1,-1,-1
756,4,1143,1,153,220,1,-1,-1,-1
757,4,1143,1,153,220,1,-1,-1,-1
758,4,1154,1,153,220,1,-1,-1,-1
759,4,1154,1,153,220,1,-1,-1,-1
760,4,1176,1,169,257,1,-1,-1,-1
761,4,1176,1,169,257,1,-1,-1,-1
762,4,1176,1,169,257,1,-1,-1,-1
763,4,1196,0,169,257,1,-1,-1,-1
764,4,1196,0,169,257,1,-1,-1,-1
765,4,1196,0,169,257,1,-1,-1,-1
766,4,1214,0,169,257,1,-1,-1,-1
767,4,1214,0,169,257,1,-1,-1,-1
768,4,1214,0,169,257,1,-1,-1,-1
769,4,1213,0,217,294,1,-1,-1,-1
770,4,1213,0,217,294,1,-1,-1,-1
771,4,1213,0,217,294,1,-1,-1,-1
772,4,1235,0,217,294,1,-1,-1,-1
773,4,1235,0,217,294,1,-1,-1,-1
774,4,1235,0,217,294,1,-1,-1,-1
775,4,1255,21,217,294,1,-1,-1,-1
776,4,1255,21,217,294,1,-1,-1,-1
777,4,1255,21,217,294,1,-1,-1,-1
778,4,1255,21,217,294,1,-1,-1,-1
779,4,1289,32,238,329,1,-1,-1,-1
780,4,1289,32,238,329,1,-1,-1,-1
781,4,1289,32,238,329,1,-1,-1,-1
782,4,1335,57,238,329,1,-1,-1,-1
783,4,1335,57,238,329,1,-1,-1,-1
784,4,1335,57,238,329,1,-1,-1,-1
785,4,1335,57,238,329,1,-1,-1,-1
786,4,1373,78,238,329,1,-1,-1,-1
787,4,1373,78,238,329,1,-1,-1,-1
788,4,1409,93,251,384,1,-1,-1,-1
789,4,1409,93,251,384,1,-1,-1,-1
790,4,1409,93,251,384,1,-1,-1,-1
791,4,1429,93,258,730,1,-1,-1,-1
792,4,1465,93,238,803,1,-1,-1,-1
793,4,1465,93,238,803,1,-1,-1,-1
794,4,1465,93,238,803,1,-1,-1,-1
795,4,1493,106,238,803,1,-1,-1,-1
796,4,1493,106,238,803,1,-1,-1,-1
797,4,1549,187,238,803,1,-1,-1,-1
798,4,1549,187,238,803,1,-1,-1,-1
799,4,1585,211,238,803,1,-1,-1,-1
800,4,1584,228,271,803,1,-1,-1,-1
801,4,1597,241,271,803,1,-1,-1,-1
802,4,1597,241,271,803,1,-1,-1,-1
802,0,1155,3,52,167,1,-1,-1,-1
803,4,1642,261,271,803,1,-1,-1,-1
803,0,1155,3,52,167,1,-1,-1,-1
804,4,1755,261,159,803,1,-1,-1,-1
804,0,1155,3,52,167,1,-1,-1,-1
805,4,1755,261,159,803,1,-1,-1,-1
805,0,1142,3,65,167,1,-1,-1,-1
806,4,1755,261,159,803,1,-1,-1,-1
806,0,1142,3,65,167,1,-1,-1,-1
807,4,1755,261,159,803,1,-1,-1,-1
807,0,1127,3,79,167,1,-1,-1,-1
808,0,1127,3,79,167,1,-1,-1,-1
809,0,1110,3,97,142,1,-1,-1,-1
810,0,1110,3,97,142,1,-1,-1,-1
811,0,1094,3,97,142,1,-1,-1,-1
812,0,1094,3,97,142,1,-1,-1,-1
813,0,1082,3,97,142,1,-1,-1,-1
814,0,1082,3,97,142,1,-1,-1,-1
815,0,1068,3,97,102,1,-1,-1,-1
816,0,1068,3,97,102,1,-1,-1,-1
817,0,1068,3,97,102,1,-1,-1,-1
818,0,1068,3,97,102,1,-1,-1,-1
819,0,1068,3,97,102,1,-1,-1,-1
820,0,1068,3,97,102,1,-1,-1,-1
821,0,1054,3,97,102,1,-1,-1,-1
822,0,1054,3,97,102,1,-1,-1,-1
823,0,1054,3,97,102,1,-1,-1,-1
824,0,1054,3,97,102,1,-1,-1,-1
825,0,1054,3,97,102,1,-1,-1,-1
826,0,1056,4,97,102,1,-1,-1,-1
827,0,1056,4,111,132,1,-1,-1,-1
828,0,1056,4,111,132,1,-1,-1,-1
829,0,1056,4,111,132,1,-1,-1,-1
830,0,1056,4,111,132,1,-1,-1,-1
831,0,1056,4,111,132,1,-1,-1,-1
832,0,1056,4,111,132,1,-1,-1,-1
833,0,1056,4,111,132,1,-1,-1,-1
834,0,1056,4,111,132,1,-1,-1,-1
835,0,1056,4,128,138,1,-1,-1,-1
836,0,1056,4,128,138,1,-1,-1,-1
837,0,1056,4,128,138,1,-1,-1,-1
838,0,1056,4,128,138,1,-1,-1,-1
839,0,1056,4,128,138,1,-1,-1,-1
840,0,1056,4,128,138,1,-1,-1,-1
841,0,1056,4,128,138,1,-1,-1,-1
842,0,1082,4,128,138,1,-1,-1,-1
843,0,1082,4,128,138,1,-1,-1,-1
844,0,1082,4,128,138,1,-1,-1,-1
845,0,1082,4,128,138,1,-1,-1,-1
846,0,1082,4,152,171,1,-1,-1,-1
847,0,1082,4,152,171,1,-1,-1,-1
848,0,1082,4,152,171,1,-1,-1,-1
849,0,1082,4,152,171,1,-1,-1,-1
850,0,1082,4,152,171,1,-1,-1,-1
851,0,1108,4,147,181,1,-1,-1,-1
852,0,1108,4,147,181,1,-1,-1,-1
853,0,1108,4,147,181,1,-1,-1,-1
854,0,1108,4,147,181,1,-1,-1,-1
855,0,1108,4,168,202,1,-1,-1,-1
856,0,1108,4,168,202,1,-1,-1,-1
857,0,1108,4,168,202,1,-1,-1,-1
858,0,1108,4,168,202,1,-1,-1,-1
859,0,1149,1,153,202,1,-1,-1,-1
860,0,1149,1,153,202,1,-1,-1,-1
861,0,1149,1,153,202,1,-1,-1,-1
862,0,1149,1,153,202,1,-1,-1,-1
863,0,1149,1,188,240,1,-1,-1,-1
863,3,1047,1,75,78,1,-1,-1,-1
864,0,1149,1,188,240,1,-1,-1,-1
864,3,1047,1,75,78,1,-1,-1,-1
865,0,1149,1,188,240,1,-1,-1,-1
865,3,1047,1,75,78,1,-1,-1,-1
866,0,1149,1,188,240,1,-1,-1,-1
866,3,1047,1,93,86,1,-1,-1,-1
867,0,1180,1,188,240,1,-1,-1,-1
867,3,1047,1,93,86,1,-1,-1,-1
868,0,1180,1,188,240,1,-1,-1,-1
868,3,1047,1,109,101,1,-1,-1,-1
869,0,1180,1,188,240,1,-1,-1,-1
869,3,1047,1,109,101,1,-1,-1,-1
870,0,1205,1,181,259,1,-1,-1,-1
870,3,1047,1,122,105,1,-1,-1,-1
871,0,1205,1,181,259,1,-1,-1,-1
871,3,1047,1,122,105,1,-1,-1,-1
872,0,1205,1,181,259,1,-1,-1,-1
872,3,1047,1,122,105,1,-1,-1,-1
873,0,1223,1,181,259,1,-1,-1,-1
873,3,1047,1,122,105,1,-1,-1,-1
874,0,1243,1,181,259,1,-1,-1,-1
874,3,1047,1,144,106,1,-1,-1,-1
875,0,1243,1,181,259,1,-1,-1,-1
875,3,1047,1,144,106,1,-1,-1,-1
876,0,1268,12,193,302,1,-1,-1,-1
876,3,1047,1,144,106,1,-1,-1,-1
877,0,1268,12,193,302,1,-1,-1,-1
877,3,1047,1,144,106,1,-1,-1,-1
878,0,1284,19,205,339,1,-1,-1,-1
878,3,1047,1,144,106,1,-1,-1,-1
879,0,1284,19,205,339,1,-1,-1,-1
879,3,1047,1,144,106,1,-1,-1,-1
880,0,1284,19,205,339,1,-1,-1,-1
880,3,1047,1,148,138,1,-1,-1,-1
881,0,1314,42,222,345,1,-1,-1,-1
881,3,1047,1,148,138,1,-1,-1,-1
882,0,1314,42,222,345,1,-1,-1,-1
882,3,1047,1,148,138,1,-1,-1,-1
883,0,1336,59,222,345,1,-1,-1,-1
883,3,1047,1,148,138,1,-1,-1,-1
884,0,1336,59,222,345,1,-1,-1,-1
884,3,1047,1,148,138,1,-1,-1,-1
885,0,1360,72,222,345,1,-1,-1,-1
885,3,1047,1,148,138,1,-1,-1,-1
886,0,1360,72,222,345,1,-1,-1,-1
886,3,1047,1,148,138,1,-1,-1,-1
887,0,1381,85,222,345,1,-1,-1,-1
887,3,1047,1,148,138,1,-1,-1,-1
888,0,1381,85,222,345,1,-1,-1,-1
888,3,1047,1,148,138,1,-1,-1,-1
889,0,1415,102,234,386,1,-1,-1,-1
889,3,1047,1,148,138,1,-1,-1,-1
890,0,1415,102,234,386,1,-1,-1,-1
890,3,1069,1,126,138,1,-1,-1,-1
891,0,1460,130,216,581,1,-1,-1,-1
891,3,1069,1,126,138,1,-1,-1,-1
892,0,1489,135,218,634,1,-1,-1,-1
892,3,1069,1,126,138,1,-1,-1,-1
893,0,1515,144,233,700,1,-1,-1,-1
893,3,1069,1,126,138,1,-1,-1,-1
894,0,1515,144,233,700,1,-1,-1,-1
894,3,1069,1,126,138,1,-1,-1,-1
895,0,1547,173,232,818,1,-1,-1,-1
895,3,1069,1,126,138,1,-1,-1,-1
896,0,1547,173,232,818,1,-1,-1,-1
896,3,1069,1,126,138,1,-1,-1,-1
897,0,1595,182,232,818,1,-1,-1,-1
897,3,1069,1,146,159,1,-1,-1,-1
898,0,1614,191,232,818,1,-1,-1,-1
898,3,1069,1,146,159,1,-1,-1,-1
899,0,1652,206,232,818,1,-1,-1,-1
899,3,1069,1,146,159,1,-1,-1,-1
900,0,1668,235,232,818,1,-1,-1,-1
900,3,1069,1,146,159,1,-1,-1,-1
901,0,1686,235,232,818,1,-1,-1,-1
901,3,1069,1,146,159,1,-1,-1,-1
902,0,1735,262,183,791,1,-1,-1,-1
902,3,1085,0,171,171,1,-1,-1,-1
903,0,1735,262,183,791,1,-1,-1,-1
903,3,1085,0,171,171,1,-1,-1,-1
904,0,1735,262,183,791,1,-1,-1,-1
904,3,1085,0,171,171,1,-1,-1,-1
905,3,1085,0,171,171,1,-1,-1,-1
906,3,1085,0,171,171,1,-1,-1,-1
907,3,1085,0,171,171,1,-1,-1,-1
908,3,1085,0,171,171,1,-1,-1,-1
909,3,1109,0,152,209,1,-1,-1,-1
910,3,1109,0,152,209,1,-1,-1,-1
911,3,1109,0,152,209,1,-1,-1,-1
912,3,1109,0,152,209,1,-1,-1,-1
913,3,1109,0,152,209,1,-1,-1,-1
914,3,1123,0,152,209,1,-1,-1,-1
915,3,1123,0,152,209,1,-1,-1,-1
916,3,1139,0,152,209,1,-1,-1,-1
917,3,1139,0,152,209,1,-1,-1,-1
918,3,1139,0,180,242,1,-1,-1,-1
919,3,1139,0,180,242,1,-1,-1,-1
920,3,1139,0,180,242,1,-1,-1,-1
921,3,1139,0,180,242,1,-1,-1,-1
922,3,1139,0,180,242,1,-1,-1,-1
923,3,1139,0,180,242,1,-1,-1,-1
924,3,1167,0,180,242,1,-1,-1,-1
925,3,1167,0,180,242,1,-1,-1,-1
926,3,1167,0,180,242,1,-1,-1,-1
927,3,1167,0,180,242,1,-1,-1,-1
928,3,1167,0,180,242,1,-1,-1,-1
929,3,1167,0,180,242,1,-1,-1,-1
930,3,1185,0,180,242,1,-1,-1,-1
931,3,1185,0,180,242,1,-1,-1,-1
932,3,1185,0,180,242,1,-1,-1,-1
933,3,1200,0,180,242,1,-1,-1,-1
934,3,1200,0,180,242,1,-1,-1,-1
935,3,1200,0,180,242,1,-1,-1,-1
936,3,1200,0,180,242,1,-1,-1,-1
937,3,1213,0,180,242,1,-1,-1,-1
938,3,1213,0,180,242,1,-1,-1,-1
939,3,1213,0,180,242,1,-1,-1,-1
940,3,1213,0,180,242,1,-1,-1,-1
941,3,1225,0,193,286,1,-1,-1,-1
942,3,1225,0,193,286,1,-1,-1,-1
943,3,1225,0,193,286,1,-1,-1,-1
944,3,1225,0,193,286,1,-1,-1,-1
945,3,1255,12,193,286,1,-1,-1,-1
946,3,1255,12,193,286,1,-1,-1,-1
947,3,1255,12,193,286,1,-1,-1,-1
948,3,1255,12,193,286,1,-1,-1,-1
949,3,1288,25,193,286,1,-1,-1,-1
950,3,1288,25,193,286,1,-1,-1,-1
951,3,1288,25,193,286,1,-1,-1,-1
952,3,1287,25,217,316,1,-1,-1,-1
953,3,1287,25,217,316,1,-1,-1,-1
954,3,1287,25,217,316,1,-1,-1,-1
955,3,1287,25,217,316,1,-1,-1,-1
956,3,1287,25,217,316,1,-1,-1,-1
957,3,1311,42,217,316,1,-1,-1,-1
958,3,1311,42,217,316,1,-1,-1,-1
959,3,1311,42,217,316,1,-1,-1,-1
960,3,1344,63,217,316,1,-1,-1,-1
961,3,1344,63,217,316,1,-1,-1,-1
962,3,1344,63,217,316,1,-1,-1,-1
963,3,1363,75,229,355,1,-1,-1,-1
964,3,1363,75,229,355,1,-1,-1,-1
965,3,1363,75,229,355,1,-1,-1,-1
966,3,1372,90,258,442,1,-1,-1,-1
967,3,1372,90,258,442,1,-1,-1,-1
968,3,1372,90,258,442,1,-1,-1,-1
969,3,1407,102,258,442,1,-1,-1,-1
970,3,1407,102,258,442,1,-1,-1,-1
971,3,1407,102,258,442,1,-1,-1,-1
972,3,1407,102,258,442,1,-1,-1,-1
973,3,1428,124,258,442,1,-1,-1,-1
974,3,1428,124,258,442,1,-1,-1,-1
975,3,1428,124,258,442,1,-1,-1,-1
976,3,1460,120,259,789,1,-1,-1,-1
977,3,1460,120,259,789,1,-1,-1,-1
978,3,1460,120,259,789,1,-1,-1,-1
979,3,1460,120,259,789,1,-1,-1,-1
980,3,1521,180,259,789,1,-1,-1,-1
981,3,1521,180,259,789,1,-1,-1,-1
982,3,1547,184,259,789,1,-1,-1,-1
983,3,1547,184,259,789,1,-1,-1,-1
984,3,1576,208,259,789,1,-1,-1,-1
985,3,1576,208,259,789,1,-1,-1,-1
986,3,1600,242,236,754,1,-1,-1,-1
987,3,1664,242,236,754,1,-1,-1,-1
988,3,1664,242,236,754,1,-1,-1,-1
989,3,1664,242,236,754,1,-1,-1,-1
990,3,1664,242,236,754,1,-1,-1,-1
991,3,1678,263,236,808,1,-1,-1,-1
992,3,1678,263,236,808,1,-1,-1,-1
993,3,1778,263,135,808,1,-1,-1,-1
994,3,1778,263,135,808,1,-1,-1,-1
995,3,1778,263,135,808,1,-1,-1,-1
1023,4,957,475,49,423,1,-1,-1,-1
1024,4,957,464,73,434,1,-1,-1,-1
1025,4,957,464,73,434,1,-1,-1,-1
1026,4,957,451,99,447,1,-1,-1,-1
1027,4,957,451,99,447,1,-1,-1,-1
1028,4,957,447,120,451,1,-1,-1,-1
1029,4,957,447,120,451,1,-1,-1,-1
1030,4,957,447,120,451,1,-1,-1,-1
1031,4,957,447,120,451,1,-1,-1,-1
1032,4,957,447,120,451,1,-1,-1,-1
1033,4,957,447,120,451,1,-1,-1,-1
1034,4,957,429,143,470,1,-1,-1,-1
