614,1,1806,253,114,827,1,-1,-1,-1
615,1,1774,258,146,822,1,-1,-1,-1
616,1,1718,269,202,811,1,-1,-1,-1
617,1,1674,286,246,794,1,-1,-1,-1
618,1,1655,294,261,783,1,-1,-1,-1
619,1,1655,312,261,765,1,-1,-1,-1
620,1,1655,304,261,773,1,-1,-1,-1
621,1,1651,302,233,770,1,-1,-1,-1
622,1,1651,296,218,754,1,-1,-1,-1
623,1,1633,281,212,737,1,-1,-1,-1
624,1,1614,274,221,737,1,-1,-1,-1
625,1,1604,266,222,745,1,-1,-1,-1
626,1,1598,258,212,749,1,-1,-1,-1
627,1,1600,254,192,753,1,-1,-1,-1
628,1,1594,243,185,753,1,-1,-1,-1
629,1,1569,230,192,761,1,-1,-1,-1
630,1,1557,213,192,771,1,-1,-1,-1
631,1,1544,196,187,738,1,-1,-1,-1
632,1,1539,179,187,738,1,-1,-1,-1
633,1,1507,175,220,745,1,-1,-1,-1
634,1,1503,173,220,745,1,-1,-1,-1
635,1,1490,173,233,745,1,-1,-1,-1
636,1,1481,173,234,745,1,-1,-1,-1
637,1,1470,173,228,745,1,-1,-1,-1
638,1,1465,163,218,745,1,-1,-1,-1
639,1,1465,151,204,429,1,-1,-1,-1
640,1,1457,139,204,429,1,-1,-1,-1
641,1,1458,134,197,429,1,-1,-1,-1
642,1,1445,130,197,429,1,-1,-1,-1
643,1,1445,128,185,429,1,-1,-1,-1
644,1,1446,128,173,429,1,-1,-1,-1
645,1,1425,128,183,429,1,-1,-1,-1
646,1,1413,125,183,429,1,-1,-1,-1
647,1,1407,117,183,429,1,-1,-1,-1
648,1,1401,106,183,429,1,-1,-1,-1
649,1,1393,97,183,378,1,-1,-1,-1
650,1,1385,95,198,373,1,-1,-1,-1
651,1,1383,93,198,374,1,-1,-1,-1
652,1,1370,97,212,371,1,-1,-1,-1
653,1,1366,99,212,371,1,-1,-1,-1
654,1,1366,99,212,371,1,-1,-1,-1
655,1,1359,92,212,371,1,-1,-1,-1
656,1,1367,85,195,371,1,-1,-1,-1
657,1,1360,80,201,371,1,-1,-1,-1
658,1,1364,75,195,371,1,-1,-1,-1
659,1,1370,73,180,371,1,-1,-1,-1
660,1,1370,73,180,371,1,-1,-1,-1
661,1,1371,75,168,371,1,-1,-1,-1
662,1,1371,79,160,371,1,-1,-1,-1
663,1,1357,77,160,371,1,-1,-1,-1
664,1,1357,69,160,371,1,-1,-1,-1
665,1,1352,60,160,371,1,-1,-1,-1
666,1,1346,50,168,355,1,-1,-1,-1
667,1,1334,50,180,355,1,-1,-1,-1
668,1,1326,50,188,336,1,-1,-1,-1
669,1,1317,50,197,336,1,-1,-1,-1
670,1,1317,50,197,322,1,-1,-1,-1
671,1,1314,56,200,316,1,-1,-1,-1
672,1,1314,56,200,316,1,-1,-1,-1
673,1,1310,48,188,322,1,-1,-1,-1
674,1,1310,44,188,322,1,-1,-1,-1
675,1,1315,36,173,329,1,-1,-1,-1
676,1,1310,36,167,329,1,-1,-1,-1
677,1,1310,36,167,329,1,-1,-1,-1
678,1,1301,34,161,329,1,-1,-1,-1
679,1,1301,41,156,323,1,-1,-1,-1
680,1,1290,41,156,323,1,-1,-1,-1
681,1,1285,34,156,323,1,-1,-1,-1
682,1,1277,28,156,323,1,-1,-1,-1
683,1,1268,20,156,323,1,-1,-1,-1
684,1,1258,12,163,302,1,-1,-1,-1
685,1,1249,12,172,302,1,-1,-1,-1
686,1,1241,12,180,278,1,-1,-1,-1
687,1,1231,12,191,278,1,-1,-1,-1
688,1,1225,17,196,273,1,-1,-1,-1
689,1,1225,17,196,273,1,-1,-1,-1
690,1,1225,17,196,273,1,-1,-1,-1
691,1,1219,12,183,258,1,-1,-1,-1
692,1,1211,7,177,258,1,-1,-1,-1
693,1,1208,3,164,258,1,-1,-1,-1
694,1,1212,3,148,258,1,-1,-1,-1
695,1,1202,3,148,258,1,-1,-1,-1
696,1,1196,3,143,258,1,-1,-1,-1
697,1,1191,3,143,258,1,-1,-1,-1
698,1,1188,3,136,245,1,-1,-1,-1
699,1,1183,0,136,258,1,-1,-1,-1
700,1,1174,3,143,240,1,-1,-1,-1
701,1,1173,3,143,240,1,-1,-1,-1
702,1,1166,3,151,218,1,-1,-1,-1
703,1,1159,3,157,218,1,-1,-1,-1
704,1,1159,3,163,218,1,-1,-1,-1
705,1,1159,3,163,218,1,-1,-1,-1
706,1,1159,3,163,218,1,-1,-1,-1
707,1,1150,3,163,218,1,-1,-1,-1
708,1,1150,2,156,210,1,-1,-1,-1
709,1,1150,3,148,201,1,-1,-1,-1
710,1,1150,3,148,201,1,-1,-1,-1
711,1,1150,3,148,201,1,-1,-1,-1
712,1,1151,3,138,201,1,-1,-1,-1
713,1,1148,3,138,201,1,-1,-1,-1
714,1,1145,3,138,191,1,-1,-1,-1
715,1,1145,3,134,191,1,-1,-1,-1
716,1,1137,3,134,191,1,-1,-1,-1
717,1,1134,3,134,191,1,-1,-1,-1
718,1,1130,3,138,176,1,-1,-1,-1
719,1,1130,3,138,176,1,-1,-1,-1
720,1,1119,3,148,176,1,-1,-1,-1
721,1,1119,3,148,176,1,-1,-1,-1
722,1,1119,3,148,165,1,-1,-1,-1
723,1,1119,3,148,165,1,-1,-1,-1
724,1,1119,3,138,165,1,-1,-1,-1
725,1,1119,3,138,165,1,-1,-1,-1
726,1,1119,3,138,165,1,-1,-1,-1
727,1,1119,3,138,165,1,-1,-1,-1
728,1,1119,3,130,159,1,-1,-1,-1
729,1,1119,3,130,159,1,-1,-1,-1
730,1,1119,3,126,159,1,-1,-1,-1
731,1,1119,3,123,159,1,-1,-1,-1
732,1,1119,3,123,159,1,-1,-1,-1
733,1,1110,1,123,159,1,-1,-1,-1
734,1,1110,1,123,159,1,-1,-1,-1
735,1,1108,1,123,144,1,-1,-1,-1
736,1,1103,1,123,144,1,-1,-1,-1
737,1,1098,1,128,144,1,-1,-1,-1
738,1,1098,1,128,144,1,-1,-1,-1
739,1,1092,1,135,130,1,-1,-1,-1
740,1,1088,1,135,130,1,-1,-1,-1
741,1,1088,1,135,130,1,-1,-1,-1
742,1,1081,1,135,130,1,-1,-1,-1
743,1,1081,1,126,130,1,-1,-1,-1
744,1,1081,1,120,130,1,-1,-1,-1
745,1,1081,1,118,130,1,-1,-1,-1
746,1,1081,1,118,130,1,-1,-1,-1
747,1,1072,1,119,116,1,-1,-1,-1
748,1,1072,1,119,116,1,-1,-1,-1
749,1,1072,1,119,116,1,-1,-1,-1
750,1,1072,1,119,116,1,-1,-1,-1
751,1,1072,1,109,116,1,-1,-1,-1
752,1,1072,1,109,116,1,-1,-1,-1
753,1,1063,1,118,112,1,-1,-1,-1
754,1,1063,1,118,112,1,-1,-1,-1
755,1,1052,5,118,94,1,-1,-1,-1
756,1,1052,1,118,94,1,-1,-1,-1
757,1,1052,1,118,94,1,-1,-1,-1
758,1,1052,1,118,94,1,-1,-1,-1
759,1,1052,1,118,94,1,-1,-1,-1
760,1,1052,1,107,94,1,-1,-1,-1
761,1,1052,1,107,94,1,-1,-1,-1
762,1,1052,1,107,94,1,-1,-1,-1
763,1,1052,1,107,94,1,-1,-1,-1
764,1,1052,1,107,94,1,-1,-1,-1
765,1,1065,1,94,94,1,-1,-1,-1
766,1,1065,1,94,94,1,-1,-1,-1
767,1,1073,1,94,94,1,-1,-1,-1
768,1,1073,1,98,111,1,-1,-1,-1
769,1,1077,1,98,111,1,-1,-1,-1
770,1,1086,1,95,111,1,-1,-1,-1
771,1,1091,1,95,111,1,-1,-1,-1
772,1,1100,1,90,111,1,-1,-1,-1
773,1,1104,1,90,111,1,-1,-1,-1
774,1,1117,1,77,111,1,-1,-1,-1
775,1,1117,1,90,135,1,-1,-1,-1
776,1,1133,1,74,135,1,-1,-1,-1
777,1,1139,1,67,135,1,-1,-1,-1
778,1,1153,1,54,135,1,-1,-1,-1
779,1,1163,1,44,135,1,-1,-1,-1
780,1,1163,1,44,135,1,-1,-1,-1
899,1,1179,3,40,143,1,-1,-1,-1
900,1,1171,3,48,143,1,-1,-1,-1
901,1,1162,3,48,143,1,-1,-1,-1
902,1,1155,3,54,143,1,-1,-1,-1
903,1,1143,3,66,143,1,-1,-1,-1
904,1,1134,3,75,143,1,-1,-1,-1
905,1,1119,3,75,143,1,-1,-1,-1
906,1,1108,3,87,131,1,-1,-1,-1
907,1,1098,3,97,112,1,-1,-1,-1
908,1,1098,3,75,112,1,-1,-1,-1
909,1,1088,3,86,112,1,-1,-1,-1
910,1,1080,3,94,112,1,-1,-1,-1
911,1,1080,17,87,89,1,-1,-1,-1
912,1,1080,25,74,81,1,-1,-1,-1
1106,1,1078,19,81,94,1,-1,-1,-1
1107,1,1078,19,81,94,1,-1,-1,-1
1108,1,1083,11,81,94,1,-1,-1,-1
1109,1,1083,11,81,94,1,-1,-1,-1
1110,1,1083,11,81,94,1,-1,-1,-1
1111,1,1075,1,81,101,1,-1,-1,-1
1112,1,1075,1,81,101,1,-1,-1,-1
1113,1,1075,1,81,101,1,-1,-1,-1
1114,1,1075,1,81,101,1,-1,-1,-1
1115,1,1060,1,81,101,1,-1,-1,-1
1116,1,1060,1,81,101,1,-1,-1,-1
1117,1,1060,1,81,101,1,-1,-1,-1
1118,1,1060,1,81,101,1,-1,-1,-1
1119,1,1060,1,81,101,1,-1,-1,-1
1120,1,1060,1,81,101,1,-1,-1,-1
1121,1,1060,1,81,101,1,-1,-1,-1
1122,1,1060,1,81,101,1,-1,-1,-1
1123,1,1060,1,81,101,1,-1,-1,-1
1124,1,1060,1,81,101,1,-1,-1,-1
1125,1,1060,1,102,101,1,-1,-1,-1
1126,1,1060,1,102,101,1,-1,-1,-1
1127,1,1060,1,102,101,1,-1,-1,-1
1128,1,1060,1,102,101,1,-1,-1,-1
1129,1,1060,1,102,101,1,-1,-1,-1
1130,1,1060,1,102,101,1,-1,-1,-1
1131,1,1060,1,102,101,1,-1,-1,-1
1132,1,1060,1,102,101,1,-1,-1,-1
1133,1,1060,1,102,101,1,-1,-1,-1
1134,1,1060,1,102,101,1,-1,-1,-1
1135,1,1060,1,102,101,1,-1,-1,-1
1136,1,1041,1,122,107,1,-1,-1,-1
1137,1,1041,1,122,107,1,-1,-1,-1
1138,1,1041,1,122,107,1,-1,-1,-1
1139,1,1041,1,122,107,1,-1,-1,-1
1140,1,1041,1,122,107,1,-1,-1,-1
1141,1,1041,1,122,107,1,-1,-1,-1
1142,1,1041,1,122,107,1,-1,-1,-1
1143,1,1041,1,122,107,1,-1,-1,-1
1144,1,1041,1,142,114,1,-1,-1,-1
1145,1,1041,1,142,114,1,-1,-1,-1
1146,1,1041,1,142,114,1,-1,-1,-1
1147,1,1041,1,142,114,1,-1,-1,-1
1148,1,1051,1,147,134,1,-1,-1,-1
1149,1,1051,1,147,134,1,-1,-1,-1
1150,1,1051,1,147,134,1,-1,-1,-1
1151,1,1051,1,147,134,1,-1,-1,-1
1152,1,1051,1,147,134,1,-1,-1,-1
1153,1,1051,1,147,134,1,-1,-1,-1
1154,1,1051,1,147,134,1,-1,-1,-1
1155,1,1051,1,147,134,1,-1,-1,-1
1156,1,1051,1,147,134,1,-1,-1,-1
1157,1,1051,1,147,134,1,-1,-1,-1
1158,1,1051,1,147,134,1,-1,-1,-1
1159,1,1051,1,147,134,1,-1,-1,-1
1160,1,1051,1,147,134,1,-1,-1,-1
1161,1,1070,1,147,139,1,-1,-1,-1
1162,1,1070,1,147,139,1,-1,-1,-1
1163,1,1070,1,147,139,1,-1,-1,-1
1164,1,1070,1,147,139,1,-1,-1,-1
1165,1,1070,1,147,139,1,-1,-1,-1
1166,1,1070,1,164,153,1,-1,-1,-1
1167,1,1070,1,164,153,1,-1,-1,-1
1168,1,1070,1,164,153,1,-1,-1,-1
1169,1,1070,1,164,153,1,-1,-1,-1
1170,1,1070,1,164,153,1,-1,-1,-1
1171,1,1086,1,148,153,1,-1,-1,-1
1172,1,1086,1,148,153,1,-1,-1,-1
1173,1,1086,1,148,153,1,-1,-1,-1
1174,1,1104,1,148,167,1,-1,-1,-1
1175,1,1104,1,148,167,1,-1,-1,-1
1176,1,1104,1,148,167,1,-1,-1,-1
1177,1,1128,1,148,167,1,-1,-1,-1
1178,1,1128,1,148,167,1,-1,-1,-1
1179,1,1128,1,148,167,1,-1,-1,-1
1180,1,1160,1,148,167,1,-1,-1,-1
1181,1,1160,1,148,167,1,-1,-1,-1
1182,1,1160,1,148,167,1,-1,-1,-1
1183,1,1160,1,184,193,1,-1,-1,-1
1184,1,1160,1,184,193,1,-1,-1,-1
1185,1,1160,1,184,193,1,-1,-1,-1
1186,1,1160,1,184,193,1,-1,-1,-1
1187,1,1160,1,184,193,1,-1,-1,-1
1188,1,1190,1,155,193,1,-1,-1,-1
1189,1,1211,8,172,236,1,-1,-1,-1
1190,1,1211,8,172,236,1,-1,-1,-1
1191,1,1211,8,172,236,1,-1,-1,-1
1192,1,1227,8,172,236,1,-1,-1,-1
1193,1,1227,8,172,236,1,-1,-1,-1
1194,1,1227,8,172,236,1,-1,-1,-1
1195,1,1243,12,172,236,1,-1,-1,-1
1196,1,1243,12,172,236,1,-1,-1,-1
1197,1,1243,12,185,266,1,-1,-1,-1
1198,1,1243,12,185,266,1,-1,-1,-1
1199,1,1243,12,185,266,1,-1,-1,-1
1200,1,1263,19,185,266,1,-1,-1,-1
1201,1,1263,19,185,266,1,-1,-1,-1
1202,1,1263,19,185,266,1,-1,-1,-1
1203,1,1284,24,185,266,1,-1,-1,-1
1204,1,1284,24,185,266,1,-1,-1,-1
1205,1,1284,24,185,266,1,-1,-1,-1
1206,1,1320,41,185,266,1,-1,-1,-1
1207,1,1320,41,185,266,1,-1,-1,-1
1208,1,1320,41,185,266,1,-1,-1,-1
1209,1,1320,41,185,266,1,-1,-1,-1
1210,1,1320,41,185,266,1,-1,-1,-1
1211,1,1331,54,185,266,1,-1,-1,-1
1212,1,1331,54,185,266,1,-1,-1,-1
1213,1,1331,54,185,266,1,-1,-1,-1
1214,1,1348,66,185,266,1,-1,-1,-1
1215,1,1348,66,185,266,1,-1,-1,-1
1216,1,1348,66,185,266,1,-1,-1,-1
1217,1,1348,66,185,266,1,-1,-1,-1
1218,1,1348,66,232,320,1,-1,-1,-1
1219,1,1348,66,232,320,1,-1,-1,-1
1220,1,1385,87,232,320,1,-1,-1,-1
1221,1,1385,87,232,320,1,-1,-1,-1
1222,1,1394,102,232,320,1,-1,-1,-1
1223,1,1394,102,232,320,1,-1,-1,-1
1224,1,1394,102,232,320,1,-1,-1,-1
1225,1,1394,102,232,320,1,-1,-1,-1
1226,1,1394,102,232,320,1,-1,-1,-1
1227,1,1413,115,232,320,1,-1,-1,-1
1228,1,1413,115,232,320,1,-1,-1,-1
1229,1,1413,115,232,320,1,-1,-1,-1
1230,1,1426,132,246,681,1,-1,-1,-1
1231,1,1426,132,246,681,1,-1,-1,-1
1232,1,1433,135,254,754,1,-1,-1,-1
1233,1,1433,135,254,754,1,-1,-1,-1
1234,1,1452,152,254,754,1,-1,-1,-1
1235,1,1452,152,254,754,1,-1,-1,-1
1236,1,1452,152,254,754,1,-1,-1,-1
1237,1,1488,170,254,736,1,-1,-1,-1
1238,1,1489,169,254,797,1,-1,-1,-1
1239,1,1489,169,254,797,1,-1,-1,-1
1240,1,1489,169,308,863,1,-1,-1,-1
1241,1,1489,169,308,863,1,-1,-1,-1
1242,1,1489,169,308,863,1,-1,-1,-1
1243,1,1489,169,308,863,1,-1,-1,-1
1244,1,1489,206,308,826,1,-1,-1,-1
1245,1,1524,208,291,826,1,-1,-1,-1
1246,1,1524,208,291,826,1,-1,-1,-1
1247,1,1524,208,291,826,1,-1,-1,-1
1248,1,1557,232,291,826,1,-1,-1,-1
1249,1,1600,250,255,826,1,-1,-1,-1
1250,1,1600,250,255,826,1,-1,-1,-1
1251,1,1600,250,294,826,1,-1,-1,-1
1252,1,1600,250,294,826,1,-1,-1,-1
1253,1,1600,250,294,826,1,-1,-1,-1
1254,1,1600,201,294,875,1,-1,-1,-1
1255,1,1600,201,294,875,1,-1,-1,-1
1256,1,1600,201,294,875,1,-1,-1,-1
1257,1,1571,201,323,875,1,-1,-1,-1
1258,1,1559,203,323,875,1,-1,-1,-1
1259,1,1559,203,323,875,1,-1,-1,-1
1260,1,1511,199,323,875,1,-1,-1,-1
1261,1,1511,199,323,875,1,-1,-1,-1
1262,1,1463,196,323,875,1,-1,-1,-1
1263,1,1463,196,323,875,1,-1,-1,-1
1264,1,1411,179,323,896,1,-1,-1,-1
1265,1,1411,179,323,896,1,-1,-1,-1
1266,1,1367,176,323,896,1,-1,-1,-1
1267,1,1327,176,323,896,1,-1,-1,-1
1268,1,1271,176,323,896,1,-1,-1,-1
1269,1,1271,176,323,896,1,-1,-1,-1
1270,1,1211,179,323,896,1,-1,-1,-1
1271,1,1174,180,323,896,1,-1,-1,-1
1272,1,1133,180,364,896,1,-1,-1,-1
1273,1,1105,176,364,896,1,-1,-1,-1
1274,1,1056,214,413,857,1,-1,-1,-1
1275,1,1056,214,413,857,1,-1,-1,-1
1276,1,1056,237,364,835,1,-1,-1,-1
1277,1,1027,236,364,835,1,-1,-1,-1
1278,1,1027,236,364,835,1,-1,-1,-1
1279,1,1027,262,316,808,1,-1,-1,-1
1280,1,1027,262,316,808,1,-1,-1,-1
1281,1,995,279,348,791,1,-1,-1,-1
1282,1,995,279,348,791,1,-1,-1,-1
1283,1,995,279,298,791,1,-1,-1,-1
1284,1,959,279,298,791,1,-1,-1,-1
1285,1,959,279,298,791,1,-1,-1,-1
1286,1,959,312,282,758,1,-1,-1,-1
1287,1,959,312,282,758,1,-1,-1,-1
1288,1,959,318,243,753,1,-1,-1,-1
1289,1,959,318,243,753,1,-1,-1,-1
1290,1,959,318,243,753,1,-1,-1,-1
1291,1,959,349,237,721,1,-1,-1,-1
1292,1,959,349,237,721,1,-1,-1,-1
1293,1,959,349,237,721,1,-1,-1,-1
1294,1,959,373,214,697,1,-1,-1,-1
1295,1,959,373,214,697,1,-1,-1,-1
1296,1,959,373,214,697,1,-1,-1,-1
1297,1,959,373,214,631,1,-1,-1,-1
1298,1,959,373,214,631,1,-1,-1,-1
1299,1,959,373,214,631,1,-1,-1,-1
1300,1,959,390,177,614,1,-1,-1,-1
1301,1,959,390,177,614,1,-1,-1,-1
1302,1,959,390,177,614,1,-1,-1,-1
1303,1,959,409,150,578,1,-1,-1,-1
1304,1,959,409,150,578,1,-1,-1,-1
1305,1,959,409,150,578,1,-1,-1,-1
1306,1,959,409,127,528,1,-1,-1,-1
1307,1,959,409,127,528,1,-1,-1,-1
1308,1,959,409,127,528,1,-1,-1,-1
1309,1,959,409,127,528,1,-1,-1,-1
1310,1,959,430,109,507,1,-1,-1,-1
1311,1,959,430,109,507,1,-1,-1,-1
1312,1,959,430,109,507,1,-1,-1,-1
1313,1,959,430,109,507,1,-1,-1,-1
1314,1,959,430,109,507,1,-1,-1,-1
1315,1,959,430,109,507,1,-1,-1,-1
1316,1,959,430,109,507,1,-1,-1,-1
1317,1,959,430,109,507,1,-1,-1,-1
1318,1,959,460,78,476,1,-1,-1,-1
1319,1,959,460,78,476,1,-1,-1,-1
998,2,965,492,53,421,1,-1,-1,-1
999,2,965,457,70,457,1,-1,-1,-1
1000,2,965,457,70,457,1,-1,-1,-1
1001,2,965,437,89,476,1,-1,-1,-1
1002,2,965,437,89,476,1,-1,-1,-1
1003,2,965,421,112,492,1,-1,-1,-1
1003,2,965,421,112,492,1,-1,-1,-1
1004,2,965,421,112,492,1,-1,-1,-1
1005,2,965,421,112,492,1,-1,-1,-1
1006,2,965,421,112,492,1,-1,-1,-1
1007,2,965,421,112,492,1,-1,-1,-1
1008,2,965,421,134,520,1,-1,-1,-1
1009,2,965,421,134,520,1,-1,-1,-1
1010,2,965,404,152,537,1,-1,-1,-1
1011,2,965,404,152,537,1,-1,-1,-1
1012,2,965,404,152,537,1,-1,-1,-1
1013,2,962,400,153,581,1,-1,-1,-1
1014,2,962,400,153,581,1,-1,-1,-1
1015,2,962,400,153,581,1,-1,-1,-1
1016,2,962,376,183,635,1,-1,-1,-1
1017,2,962,376,183,635,1,-1,-1,-1
1018,2,962,376,183,635,1,-1,-1,-1
1019,2,962,360,230,651,1,-1,-1,-1
1020,2,962,360,230,651,1,-1,-1,-1
1021,2,962,360,230,651,1,-1,-1,-1
1022,2,962,360,230,651,1,-1,-1,-1
1023,2,962,360,230,651,1,-1,-1,-1
1024,2,962,360,230,651,1,-1,-1,-1
1025,2,962,336,270,736,1,-1,-1,-1
1026,2,962,336,270,736,1,-1,-1,-1
1027,2,962,315,278,757,1,-1,-1,-1
1028,2,962,315,278,757,1,-1,-1,-1
1029,2,962,315,278,757,1,-1,-1,-1
1030,2,962,315,278,757,1,-1,-1,-1
1031,2,975,291,281,777,1,-1,-1,-1
1032,2,975,291,281,777,1,-1,-1,-1
1033,2,1014,281,281,793,1,-1,-1,-1
1034,2,1021,281,281,793,1,-1,-1,-1
1035,2,1022,267,314,806,1,-1,-1,-1
1036,2,1022,261,359,812,1,-1,-1,-1
1037,2,1022,250,393,823,1,-1,-1,-1
1038,2,1022,250,393,823,1,-1,-1,-1
1039,2,1022,250,393,823,1,-1,-1,-1
1040,2,1022,236,460,838,1,-1,-1,-1
1041,2,1022,236,460,838,1,-1,-1,-1
1042,2,1022,189,508,884,1,-1,-1,-1
1043,2,1022,189,508,884,1,-1,-1,-1
1044,2,1142,189,388,884,1,-1,-1,-1
1045,2,1142,189,388,884,1,-1,-1,-1
1046,2,1205,189,324,884,1,-1,-1,-1
1047,2,1228,146,339,928,1,-1,-1,-1
1048,2,1278,145,339,928,1,-1,-1,-1
1049,2,1304,145,339,928,1,-1,-1,-1
1050,2,1353,136,339,928,1,-1,-1,-1
1051,2,1394,136,339,928,1,-1,-1,-1
1052,2,1428,136,304,928,1,-1,-1,-1
1053,2,1482,115,258,949,1,-1,-1,-1
1054,2,1519,110,277,949,1,-1,-1,-1
1055,2,1544,110,277,949,1,-1,-1,-1
1056,2,1574,109,277,949,1,-1,-1,-1
1057,2,1612,108,277,949,1,-1,-1,-1
1058,2,1649,109,240,949,1,-1,-1,-1
1059,2,1678,93,240,969,1,-1,-1,-1
1060,2,1678,93,240,969,1,-1,-1,-1
1061,2,1678,93,240,969,1,-1,-1,-1
1062,2,1678,93,240,969,1,-1,-1,-1
1063,2,1678,93,240,969,1,-1,-1,-1
1064,2,1678,112,240,949,1,-1,-1,-1
1065,2,1678,112,240,949,1,-1,-1,-1
1066,2,1700,127,217,934,1,-1,-1,-1
1067,2,1700,127,217,934,1,-1,-1,-1
1068,2,1700,127,217,934,1,-1,-1,-1
1069,2,1700,127,217,934,1,-1,-1,-1
1070,2,1700,127,217,934,1,-1,-1,-1
1071,2,1700,156,217,905,1,-1,-1,-1
1072,2,1700,156,217,905,1,-1,-1,-1
1073,2,1700,156,217,905,1,-1,-1,-1
1074,2,1710,187,208,875,1,-1,-1,-1
1075,2,1710,187,208,875,1,-1,-1,-1
1076,2,1710,187,208,875,1,-1,-1,-1
1077,2,1710,206,208,855,1,-1,-1,-1
1078,2,1673,226,245,835,1,-1,-1,-1
1079,2,1673,226,245,835,1,-1,-1,-1
1080,2,1669,247,249,814,1,-1,-1,-1
1081,2,1669,247,249,814,1,-1,-1,-1
1082,2,1669,247,249,814,1,-1,-1,-1
1083,2,1628,255,290,806,1,-1,-1,-1
1084,2,1628,255,290,806,1,-1,-1,-1
1085,2,1628,255,290,806,1,-1,-1,-1
1086,2,1628,255,290,806,1,-1,-1,-1
1087,2,1601,242,250,819,1,-1,-1,-1
1088,2,1586,237,250,819,1,-1,-1,-1
1089,2,1586,237,250,819,1,-1,-1,-1
1090,2,1573,236,250,819,1,-1,-1,-1
1091,2,1553,220,266,803,1,-1,-1,-1
1092,2,1553,220,266,803,1,-1,-1,-1
1093,2,1546,222,274,801,1,-1,-1,-1
1094,2,1546,222,274,801,1,-1,-1,-1
1095,2,1518,230,302,793,1,-1,-1,-1
1096,2,1518,230,302,793,1,-1,-1,-1
1097,2,1518,201,242,811,1,-1,-1,-1
1098,2,1518,201,242,811,1,-1,-1,-1
1099,2,1494,184,242,733,1,-1,-1,-1
1100,2,1494,184,242,733,1,-1,-1,-1
1101,2,1494,184,242,733,1,-1,-1,-1
1102,2,1494,184,242,733,1,-1,-1,-1
1103,2,1494,184,242,733,1,-1,-1,-1
1104,2,1494,184,242,733,1,-1,-1,-1
1105,2,1473,163,225,750,1,-1,-1,-1
1106,2,1454,159,243,754,1,-1,-1,-1
1107,2,1454,159,243,754,1,-1,-1,-1
1108,2,1437,150,251,627,1,-1,-1,-1
1109,2,1437,150,251,627,1,-1,-1,-1
1110,2,1401,131,278,422,1,-1,-1,-1
1111,2,1401,131,278,422,1,-1,-1,-1
1112,2,1401,131,278,422,1,-1,-1,-1
1113,2,1401,131,278,422,1,-1,-1,-1
1114,2,1401,131,278,422,1,-1,-1,-1
1115,2,1401,131,278,422,1,-1,-1,-1
1116,2,1401,131,278,422,1,-1,-1,-1
1117,2,1401,131,278,422,1,-1,-1,-1
1118,2,1401,131,278,422,1,-1,-1,-1
1119,2,1401,131,278,422,1,-1,-1,-1
1120,2,1401,131,228,364,1,-1,-1,-1
1121,2,1393,114,228,364,1,-1,-1,-1
1122,2,1377,107,228,364,1,-1,-1,-1
1123,2,1364,103,228,364,1,-1,-1,-1
1124,2,1364,103,228,364,1,-1,-1,-1
1125,2,1364,103,228,364,1,-1,-1,-1
1126,2,1343,92,228,364,1,-1,-1,-1
1127,2,1343,92,228,364,1,-1,-1,-1
1128,2,1343,92,228,364,1,-1,-1,-1
1129,2,1343,92,228,364,1,-1,-1,-1
1130,2,1343,92,228,364,1,-1,-1,-1
1131,2,1343,67,228,337,1,-1,-1,-1
1132,2,1343,67,228,337,1,-1,-1,-1
1133,2,1343,67,228,337,1,-1,-1,-1
1134,2,1343,67,228,337,1,-1,-1,-1
1135,2,1343,67,197,337,1,-1,-1,-1
1136,2,1343,67,197,337,1,-1,-1,-1
1137,2,1315,55,197,337,1,-1,-1,-1
1138,2,1315,55,197,337,1,-1,-1,-1
1139,2,1300,43,197,337,1,-1,-1,-1
1140,2,1300,43,197,337,1,-1,-1,-1
1141,2,1278,27,197,337,1,-1,-1,-1
1142,2,1278,27,197,337,1,-1,-1,-1
1143,2,1278,27,197,337,1,-1,-1,-1
1144,2,1278,27,197,337,1,-1,-1,-1
1145,2,1278,27,197,337,1,-1,-1,-1
1146,2,1262,26,197,337,1,-1,-1,-1
1147,2,1262,26,197,337,1,-1,-1,-1
1148,2,1262,26,197,298,1,-1,-1,-1
1149,2,1262,26,197,298,1,-1,-1,-1
1150,2,1251,13,176,298,1,-1,-1,-1
1151,2,1251,13,176,298,1,-1,-1,-1
1152,2,1251,13,176,298,1,-1,-1,-1
1153,2,1234,5,176,298,1,-1,-1,-1
1154,2,1234,5,176,298,1,-1,-1,-1
1155,2,1234,5,176,298,1,-1,-1,-1
1156,2,1234,5,176,298,1,-1,-1,-1
1157,2,1234,5,176,298,1,-1,-1,-1
1158,2,1234,5,176,298,1,-1,-1,-1
1159,2,1234,5,176,298,1,-1,-1,-1
1160,2,1234,5,176,298,1,-1,-1,-1
1161,2,1234,5,176,298,1,-1,-1,-1
1162,2,1234,5,176,298,1,-1,-1,-1
1163,2,1256,5,155,298,1,-1,-1,-1
1164,2,1256,5,155,298,1,-1,-1,-1
1165,2,1256,5,155,298,1,-1,-1,-1
1166,2,1256,5,155,298,1,-1,-1,-1
1167,2,1240,0,155,298,1,-1,-1,-1
1168,2,1240,0,155,298,1,-1,-1,-1
1169,2,1240,0,155,298,1,-1,-1,-1
1170,2,1240,0,134,262,1,-1,-1,-1
1171,2,1240,0,134,262,1,-1,-1,-1
1172,2,1240,0,134,262,1,-1,-1,-1
1173,2,1240,0,134,262,1,-1,-1,-1
1174,2,1240,0,134,262,1,-1,-1,-1
1175,2,1240,0,134,262,1,-1,-1,-1
1176,2,1240,0,105,262,1,-1,-1,-1
1177,2,1240,0,105,262,1,-1,-1,-1
1188,2,1160,1,91,153,1,-1,-1,-1
1189,2,1160,1,91,153,1,-1,-1,-1
1190,2,1160,1,91,153,1,-1,-1,-1
1191,2,1151,1,101,153,1,-1,-1,-1
1192,2,1134,1,118,153,1,-1,-1,-1
1193,2,1134,1,118,153,1,-1,-1,-1
1194,2,1134,1,118,153,1,-1,-1,-1
1195,2,1134,1,118,153,1,-1,-1,-1
1196,2,1134,1,118,153,1,-1,-1,-1
1197,2,1134,1,118,153,1,-1,-1,-1
1198,2,1134,1,118,153,1,-1,-1,-1
1199,2,1134,1,118,153,1,-1,-1,-1
1200,2,1123,1,118,153,1,-1,-1,-1
1201,2,1123,1,118,153,1,-1,-1,-1
1202,2,1123,1,118,153,1,-1,-1,-1
1203,2,1123,1,118,153,1,-1,-1,-1
1204,2,1123,1,118,153,1,-1,-1,-1
1205,2,1123,1,118,153,1,-1,-1,-1
1206,2,1111,1,106,153,1,-1,-1,-1
1207,2,1111,1,106,153,1,-1,-1,-1
1208,2,1111,1,106,153,1,-1,-1,-1
1209,2,1086,1,131,124,1,-1,-1,-1
1210,2,1086,1,131,124,1,-1,-1,-1
1211,2,1086,1,131,124,1,-1,-1,-1
1212,2,1086,1,131,124,1,-1,-1,-1
1213,2,1086,1,131,124,1,-1,-1,-1
1214,2,1086,1,131,124,1,-1,-1,-1
1215,2,1086,1,131,124,1,-1,-1,-1
1216,2,1086,1,111,124,1,-1,-1,-1
1217,2,1086,1,111,124,1,-1,-1,-1
1218,2,1086,1,111,124,1,-1,-1,-1
1219,2,1086,1,111,124,1,-1,-1,-1
1220,2,1086,1,111,124,1,-1,-1,-1
1221,2,1086,1,111,124,1,-1,-1,-1
1222,2,1086,1,111,124,1,-1,-1,-1
1223,2,1086,1,111,124,1,-1,-1,-1
1224,2,1086,1,111,124,1,-1,-1,-1
1225,2,1086,1,111,124,1,-1,-1,-1
1226,2,1086,1,111,124,1,-1,-1,-1
1227,2,1086,1,111,124,1,-1,-1,-1
1228,2,1086,1,111,124,1,-1,-1,-1
1229,2,1086,1,111,124,1,-1,-1,-1
1230,2,1086,1,111,124,1,-1,-1,-1
1231,2,1086,1,111,124,1,-1,-1,-1
1232,2,1074,0,111,124,1,-1,-1,-1
1233,2,1074,0,111,124,1,-1,-1,-1
1234,2,1074,0,111,124,1,-1,-1,-1
1235,2,1074,0,111,124,1,-1,-1,-1
1236,2,1074,0,111,124,1,-1,-1,-1
1346,2,1070,0,57,73,1,-1,-1,-1
1347,2,1070,0,57,73,1,-1,-1,-1
1348,2,1084,0,57,73,1,-1,-1,-1
1349,2,1084,0,57,73,1,-1,-1,-1
1350,2,1097,0,65,94,1,-1,-1,-1
1351,2,1097,0,65,94,1,-1,-1,-1
1352,2,1097,0,65,94,1,-1,-1,-1
1353,2,1110,1,65,94,1,-1,-1,-1
1354,2,1110,1,65,94,1,-1,-1,-1
1355,2,1118,1,79,119,1,-1,-1,-1
1356,2,1118,1,79,119,1,-1,-1,-1
1357,2,1127,5,79,119,1,-1,-1,-1
1358,2,1127,5,79,119,1,-1,-1,-1
1359,2,1136,0,79,119,1,-1,-1,-1
1360,2,1136,0,79,119,1,-1,-1,-1
1361,2,1153,3,79,119,1,-1,-1,-1
798,3,965,519,58,377,1,-1,-1,-1
799,3,965,519,58,377,1,-1,-1,-1
800,3,965,468,58,437,1,-1,-1,-1
801,3,962,455,69,450,1,-1,-1,-1
802,3,962,449,79,457,1,-1,-1,-1
803,3,962,435,87,470,1,-1,-1,-1
804,3,962,435,106,470,1,-1,-1,-1
805,3,962,435,115,470,1,-1,-1,-1
806,3,962,435,115,470,1,-1,-1,-1
807,3,962,435,128,470,1,-1,-1,-1
808,3,962,435,128,470,1,-1,-1,-1
809,3,962,431,128,509,1,-1,-1,-1
810,3,962,427,135,523,1,-1,-1,-1
811,3,962,421,135,529,1,-1,-1,-1
812,3,962,421,135,529,1,-1,-1,-1
813,3,962,409,153,541,1,-1,-1,-1
814,3,962,409,153,541,1,-1,-1,-1
815,3,962,409,163,548,1,-1,-1,-1
816,3,962,409,163,548,1,-1,-1,-1
817,3,962,409,172,577,1,-1,-1,-1
818,3,962,405,172,581,1,-1,-1,-1
819,3,962,397,179,589,1,-1,-1,-1
820,3,962,393,193,601,1,-1,-1,-1
821,3,966,389,201,605,1,-1,-1,-1
822,3,973,381,206,613,1,-1,-1,-1
823,3,978,381,213,621,1,-1,-1,-1
824,3,980,381,213,631,1,-1,-1,-1
825,3,981,377,213,635,1,-1,-1,-1
826,3,981,377,210,651,1,-1,-1,-1
827,3,981,377,201,651,1,-1,-1,-1
828,3,981,369,193,676,1,-1,-1,-1
829,3,973,361,195,687,1,-1,-1,-1
830,3,963,352,204,696,1,-1,-1,-1
831,3,963,348,224,700,1,-1,-1,-1
832,3,963,340,236,708,1,-1,-1,-1
833,3,963,340,249,730,1,-1,-1,-1
834,3,963,340,249,730,1,-1,-1,-1
835,3,963,336,255,734,1,-1,-1,-1
836,3,963,326,255,745,1,-1,-1,-1
837,3,963,326,255,745,1,-1,-1,-1
838,3,963,310,255,761,1,-1,-1,-1
839,3,969,292,257,773,1,-1,-1,-1
840,3,969,284,278,781,1,-1,-1,-1
841,3,969,281,303,785,1,-1,-1,-1
842,3,975,278,319,787,1,-1,-1,-1
843,3,977,278,337,787,1,-1,-1,-1
844,3,982,265,351,801,1,-1,-1,-1
845,3,982,265,361,801,1,-1,-1,-1
846,3,982,249,361,816,1,-1,-1,-1
847,3,991,230,352,835,1,-1,-1,-1
848,3,991,214,352,851,1,-1,-1,-1
849,3,1002,205,341,860,1,-1,-1,-1
850,3,1020,201,341,875,1,-1,-1,-1
851,3,1040,191,333,885,1,-1,-1,-1
852,3,1066,191,333,885,1,-1,-1,-1
853,3,1100,187,314,889,1,-1,-1,-1
854,3,1127,173,331,902,1,-1,-1,-1
855,3,1158,157,331,918,1,-1,-1,-1
856,3,1186,142,331,934,1,-1,-1,-1
857,3,1215,142,331,934,1,-1,-1,-1
858,3,1244,122,331,954,1,-1,-1,-1
859,3,1274,115,331,961,1,-1,-1,-1
860,3,1307,107,331,969,1,-1,-1,-1
861,3,1342,105,331,969,1,-1,-1,-1
862,3,1384,105,331,969,1,-1,-1,-1
863,3,1430,86,409,987,1,-1,-1,-1
864,3,1466,69,409,1004,1,-1,-1,-1
865,3,1515,52,402,1022,1,-1,-1,-1
866,3,1573,36,344,1037,1,-1,-1,-1
867,3,1616,22,302,1051,1,-1,-1,-1
868,3,1657,20,261,1053,1,-1,-1,-1
869,3,1677,20,241,1053,1,-1,-1,-1
870,3,1711,20,206,1053,1,-1,-1,-1
871,3,1740,20,177,1053,1,-1,-1,-1
872,3,1763,20,155,1053,1,-1,-1,-1
873,3,1790,20,127,1053,1,-1,-1,-1
898,3,1842,218,75,856,1,-1,-1,-1
899,3,1810,229,107,846,1,-1,-1,-1
900,3,1782,242,135,832,1,-1,-1,-1
901,3,1747,255,171,819,1,-1,-1,-1
902,3,1715,267,202,807,1,-1,-1,-1
903,3,1702,267,216,807,1,-1,-1,-1
904,3,1687,273,230,802,1,-1,-1,-1
905,3,1687,266,213,808,1,-1,-1,-1
906,3,1687,266,197,786,1,-1,-1,-1
907,3,1670,259,205,786,1,-1,-1,-1
908,3,1643,256,205,786,1,-1,-1,-1
909,3,1616,251,226,778,1,-1,-1,-1
910,3,1608,246,234,783,1,-1,-1,-1
911,3,1596,240,226,778,1,-1,-1,-1
912,3,1596,240,206,778,1,-1,-1,-1
913,3,1596,226,187,774,1,-1,-1,-1
914,3,1577,216,192,785,1,-1,-1,-1
915,3,1561,203,192,785,1,-1,-1,-1
916,3,1545,174,192,785,1,-1,-1,-1
917,3,1533,157,192,785,1,-1,-1,-1
918,3,1518,153,201,785,1,-1,-1,-1
919,3,1509,136,201,785,1,-1,-1,-1
920,3,1498,157,212,764,1,-1,-1,-1
921,3,1487,169,208,752,1,-1,-1,-1
922,3,1487,169,208,752,1,-1,-1,-1
923,3,1487,169,192,741,1,-1,-1,-1
924,3,1487,160,192,750,1,-1,-1,-1
925,3,1486,148,185,431,1,-1,-1,-1
926,3,1486,136,185,427,1,-1,-1,-1
927,3,1481,127,171,427,1,-1,-1,-1
928,3,1477,123,171,427,1,-1,-1,-1
929,3,1474,125,171,427,1,-1,-1,-1
930,3,1463,124,163,427,1,-1,-1,-1
931,3,1450,136,163,415,1,-1,-1,-1
932,3,1437,124,163,415,1,-1,-1,-1
933,3,1426,118,163,396,1,-1,-1,-1
934,3,1409,112,180,401,1,-1,-1,-1
935,3,1393,105,189,365,1,-1,-1,-1
936,3,1377,105,205,365,1,-1,-1,-1
937,3,1370,114,213,356,1,-1,-1,-1
938,3,1370,114,205,343,1,-1,-1,-1
939,3,1356,114,198,324,1,-1,-1,-1
940,3,1356,114,198,324,1,-1,-1,-1
941,3,1356,109,198,329,1,-1,-1,-1
942,3,1356,99,180,323,1,-1,-1,-1
943,3,1356,99,180,323,1,-1,-1,-1
944,3,1356,99,169,323,1,-1,-1,-1
945,3,1356,99,160,323,1,-1,-1,-1
946,3,1345,96,160,323,1,-1,-1,-1
947,3,1332,92,160,323,1,-1,-1,-1
948,3,1332,93,160,292,1,-1,-1,-1
949,3,1324,80,160,292,1,-1,-1,-1
950,3,1311,77,173,292,1,-1,-1,-1
951,3,1308,75,173,292,1,-1,-1,-1
952,3,1300,76,173,292,1,-1,-1,-1
953,3,1300,76,173,292,1,-1,-1,-1
954,3,1300,76,173,292,1,-1,-1,-1
955,3,1299,75,165,263,1,-1,-1,-1
956,3,1299,75,165,263,1,-1,-1,-1
957,3,1299,75,165,159,1,-1,-1,-1
958,3,1294,60,165,185,1,-1,-1,-1
959,3,1288,60,146,185,1,-1,-1,-1
960,3,1287,60,138,185,1,-1,-1,-1
961,3,1283,53,138,212,1,-1,-1,-1
962,3,1276,44,138,245,1,-1,-1,-1
963,3,1266,39,138,245,1,-1,-1,-1
964,3,1262,34,138,245,1,-1,-1,-1
965,3,1250,34,150,245,1,-1,-1,-1
966,3,1250,34,150,245,1,-1,-1,-1
967,3,1250,34,150,245,1,-1,-1,-1
968,3,1243,34,150,245,1,-1,-1,-1
969,3,1243,34,150,245,1,-1,-1,-1
970,3,1243,34,150,245,1,-1,-1,-1
971,3,1245,26,132,245,1,-1,-1,-1
972,3,1245,26,132,245,1,-1,-1,-1
973,3,1241,18,132,245,1,-1,-1,-1
974,3,1237,18,132,245,1,-1,-1,-1
975,3,1237,19,123,214,1,-1,-1,-1
976,3,1230,19,123,214,1,-1,-1,-1
977,3,1221,13,132,220,1,-1,-1,-1
978,3,1214,7,132,220,1,-1,-1,-1
979,3,1210,2,132,220,1,-1,-1,-1
980,3,1198,3,144,220,1,-1,-1,-1
981,3,1198,3,144,220,1,-1,-1,-1
982,3,1198,3,144,220,1,-1,-1,-1
983,3,1194,3,140,220,1,-1,-1,-1
984,3,1194,3,140,220,1,-1,-1,-1
985,3,1194,3,128,220,1,-1,-1,-1
986,3,1194,3,128,220,1,-1,-1,-1
987,3,1183,3,136,220,1,-1,-1,-1
988,3,1183,3,130,204,1,-1,-1,-1
989,3,1183,3,130,204,1,-1,-1,-1
990,3,1183,3,119,204,1,-1,-1,-1
991,3,1172,3,119,184,1,-1,-1,-1
992,3,1172,3,119,184,1,-1,-1,-1
993,3,1159,2,119,184,1,-1,-1,-1
994,3,1154,3,124,164,1,-1,-1,-1
995,3,1143,3,131,164,1,-1,-1,-1
996,3,1134,3,131,164,1,-1,-1,-1
997,3,1134,3,131,164,1,-1,-1,-1
998,3,1131,3,131,164,1,-1,-1,-1
999,3,1128,3,131,164,1,-1,-1,-1
1000,3,1127,3,127,144,1,-1,-1,-1
1001,3,1127,3,118,144,1,-1,-1,-1
1002,3,1118,3,127,144,1,-1,-1,-1
1003,3,1118,3,115,144,1,-1,-1,-1
1004,3,1118,3,115,131,1,-1,-1,-1
1005,3,1111,3,115,131,1,-1,-1,-1
1006,3,1112,3,112,131,1,-1,-1,-1
1007,3,1104,3,112,131,1,-1,-1,-1
1008,3,1099,2,112,131,1,-1,-1,-1
1008,3,1099,2,112,131,1,-1,-1,-1
1009,3,1094,3,118,131,1,-1,-1,-1
1010,3,1094,3,118,131,1,-1,-1,-1
1011,3,1086,3,126,116,1,-1,-1,-1
1012,3,1086,3,126,116,1,-1,-1,-1
1013,3,1086,3,126,116,1,-1,-1,-1
1014,3,1086,3,126,116,1,-1,-1,-1
1015,3,1086,3,126,116,1,-1,-1,-1
1016,3,1086,3,126,116,1,-1,-1,-1
1017,3,1086,3,126,116,1,-1,-1,-1
1018,3,1086,3,126,116,1,-1,-1,-1
1019,3,1086,3,126,116,1,-1,-1,-1
1020,3,1086,3,109,116,1,-1,-1,-1
1021,3,1086,3,109,116,1,-1,-1,-1
1022,3,1074,2,109,116,1,-1,-1,-1
1023,3,1068,2,109,116,1,-1,-1,-1
1024,3,1068,3,106,87,1,-1,-1,-1
1286,3,1168,4,42,148,1,-1,-1,-1
1287,3,1168,4,42,148,1,-1,-1,-1
1288,3,1168,4,42,148,1,-1,-1,-1
1289,3,1156,4,54,148,1,-1,-1,-1
1290,3,1156,4,54,148,1,-1,-1,-1
1291,3,1156,4,54,148,1,-1,-1,-1
1292,3,1150,0,54,148,1,-1,-1,-1
1293,3,1150,0,54,148,1,-1,-1,-1
1294,3,1150,0,54,148,1,-1,-1,-1
1295,3,1139,0,65,148,1,-1,-1,-1
1296,3,1139,0,65,148,1,-1,-1,-1
1297,3,1139,0,65,148,1,-1,-1,-1
1298,3,1139,0,65,148,1,-1,-1,-1
1299,3,1139,0,65,148,1,-1,-1,-1
1300,3,1139,0,50,127,1,-1,-1,-1
922,4,966,468,50,413,1,-1,-1,-1
923,4,966,468,50,413,1,-1,-1,-1
924,4,966,468,50,413,1,-1,-1,-1
925,4,966,468,50,413,1,-1,-1,-1
926,4,966,468,50,413,1,-1,-1,-1
927,4,966,468,50,413,1,-1,-1,-1
928,4,966,468,50,413,1,-1,-1,-1
929,4,966,468,50,438,1,-1,-1,-1
930,4,966,468,50,438,1,-1,-1,-1
931,4,966,468,50,438,1,-1,-1,-1
932,4,966,454,50,453,1,-1,-1,-1
933,4,966,454,50,453,1,-1,-1,-1
934,4,966,454,50,453,1,-1,-1,-1
935,4,966,445,50,462,1,-1,-1,-1
936,4,966,445,50,462,1,-1,-1,-1
937,4,966,445,50,462,1,-1,-1,-1
938,4,966,445,50,462,1,-1,-1,-1
939,4,966,439,74,467,1,-1,-1,-1
940,4,966,431,89,475,1,-1,-1,-1
941,4,966,431,89,475,1,-1,-1,-1
942,4,966,427,102,479,1,-1,-1,-1
943,4,966,419,114,521,1,-1,-1,-1
944,4,966,419,114,521,1,-1,-1,-1
945,4,966,419,114,537,1,-1,-1,-1
946,4,966,419,114,546,1,-1,-1,-1
947,4,966,419,114,546,1,-1,-1,-1
948,4,966,419,114,546,1,-1,-1,-1
949,4,966,415,130,572,1,-1,-1,-1
950,4,966,415,130,572,1,-1,-1,-1
951,4,966,409,130,578,1,-1,-1,-1
952,4,966,398,150,589,1,-1,-1,-1
953,4,966,398,150,589,1,-1,-1,-1
954,4,966,398,150,589,1,-1,-1,-1
955,4,967,389,168,623,1,-1,-1,-1
956,4,966,389,168,623,1,-1,-1,-1
957,4,966,381,187,667,1,-1,-1,-1
958,4,966,381,187,667,1,-1,-1,-1
959,4,966,381,187,667,1,-1,-1,-1
960,4,966,364,205,684,1,-1,-1,-1
961,4,966,364,205,684,1,-1,-1,-1
962,4,966,353,213,695,1,-1,-1,-1
963,4,966,353,213,695,1,-1,-1,-1
964,4,966,344,221,732,1,-1,-1,-1
965,4,966,344,221,732,1,-1,-1,-1
966,4,966,344,221,732,1,-1,-1,-1
967,4,966,344,221,732,1,-1,-1,-1
968,4,966,329,221,746,1,-1,-1,-1
969,4,966,314,221,762,1,-1,-1,-1
970,4,966,314,221,762,1,-1,-1,-1
971,4,966,310,221,766,1,-1,-1,-1
972,4,966,306,237,770,1,-1,-1,-1
973,4,966,306,237,770,1,-1,-1,-1
974,4,966,300,257,775,1,-1,-1,-1
975,4,966,300,269,775,1,-1,-1,-1
976,4,984,282,269,790,1,-1,-1,-1
977,4,999,282,269,790,1,-1,-1,-1
978,4,1012,262,282,807,1,-1,-1,-1
979,4,1022,262,282,807,1,-1,-1,-1
980,4,1039,250,284,819,1,-1,-1,-1
981,4,1057,248,284,819,1,-1,-1,-1
982,4,1081,248,284,819,1,-1,-1,-1
983,4,1108,241,279,826,1,-1,-1,-1
984,4,1137,241,262,826,1,-1,-1,-1
985,4,1163,222,270,844,1,-1,-1,-1
986,4,1198,206,288,860,1,-1,-1,-1
987,4,1236,191,250,876,1,-1,-1,-1
988,4,1268,191,251,876,1,-1,-1,-1
989,4,1294,196,266,871,1,-1,-1,-1
990,4,1322,192,254,875,1,-1,-1,-1
991,4,1348,214,247,852,1,-1,-1,-1
992,4,1391,222,247,852,1,-1,-1,-1
993,4,1433,222,218,852,1,-1,-1,-1
994,4,1461,222,218,852,1,-1,-1,-1
995,4,1485,222,218,852,1,-1,-1,-1
996,4,1502,222,234,852,1,-1,-1,-1
997,4,1524,222,234,852,1,-1,-1,-1
998,4,1542,240,250,835,1,-1,-1,-1
999,4,1560,243,266,831,1,-1,-1,-1
1000,4,1593,255,246,819,1,-1,-1,-1
1001,4,1598,267,266,807,1,-1,-1,-1
1002,4,1617,267,265,807,1,-1,-1,-1
1003,4,1628,275,270,799,1,-1,-1,-1
1004,4,1628,290,270,785,1,-1,-1,-1
1005,4,1628,302,270,773,1,-1,-1,-1
1006,4,1645,322,253,753,1,-1,-1,-1
1007,4,1645,326,253,749,1,-1,-1,-1
1008,4,1645,326,241,749,1,-1,-1,-1
1009,4,1629,326,241,749,1,-1,-1,-1
1010,4,1605,314,241,749,1,-1,-1,-1
1011,4,1605,300,229,762,1,-1,-1,-1
1012,4,1588,292,246,728,1,-1,-1,-1
1013,4,1588,292,237,728,1,-1,-1,-1
1014,4,1571,292,254,728,1,-1,-1,-1
1015,4,1571,292,240,728,1,-1,-1,-1
1016,4,1559,307,251,713,1,-1,-1,-1
1017,4,1559,307,240,713,1,-1,-1,-1
1018,4,1544,307,238,704,1,-1,-1,-1
1019,4,1528,290,241,701,1,-1,-1,-1
1020,4,1528,258,221,685,1,-1,-1,-1
1021,4,1519,237,218,607,1,-1,-1,-1
1022,4,1506,219,218,607,1,-1,-1,-1
1023,4,1495,214,206,595,1,-1,-1,-1
1024,4,1495,214,206,595,1,-1,-1,-1
1025,4,1480,214,206,595,1,-1,-1,-1
1026,4,1479,214,188,595,1,-1,-1,-1
1027,4,1457,214,210,595,1,-1,-1,-1
1028,4,1436,187,210,595,1,-1,-1,-1
1029,4,1385,168,240,352,1,-1,-1,-1
1030,4,1377,149,240,352,1,-1,-1,-1
1031,4,1358,142,222,352,1,-1,-1,-1
1032,4,1358,142,222,311,1,-1,-1,-1
1033,4,1334,135,222,311,1,-1,-1,-1
1034,4,1330,135,222,311,1,-1,-1,-1
1035,4,1317,135,222,278,1,-1,-1,-1
1036,4,1304,135,222,258,1,-1,-1,-1
1037,4,1291,116,222,258,1,-1,-1,-1
1038,4,1283,96,222,258,1,-1,-1,-1
1039,4,1276,92,222,258,1,-1,-1,-1
1040,4,1264,84,222,258,1,-1,-1,-1
1041,4,1260,83,198,258,1,-1,-1,-1
1042,4,1264,90,198,184,1,-1,-1,-1
1043,4,1264,90,173,184,1,-1,-1,-1
1044,4,1244,87,173,184,1,-1,-1,-1
1045,4,1227,76,173,184,1,-1,-1,-1
1046,4,1220,59,173,184,1,-1,-1,-1
1047,4,1203,54,173,184,1,-1,-1,-1
1048,4,1203,54,173,184,1,-1,-1,-1
1049,4,1203,54,173,184,1,-1,-1,-1
1050,4,1203,54,173,184,1,-1,-1,-1
1051,4,1191,54,173,184,1,-1,-1,-1
1052,4,1191,54,173,184,1,-1,-1,-1
1053,4,1179,53,173,184,1,-1,-1,-1
1054,4,1179,53,173,184,1,-1,-1,-1
1055,4,1171,41,173,184,1,-1,-1,-1
1056,4,1170,30,173,184,1,-1,-1,-1
1057,4,1169,18,173,184,1,-1,-1,-1
1058,4,1169,18,173,184,1,-1,-1,-1
1059,4,1168,19,167,184,1,-1,-1,-1
1060,4,1168,19,167,184,1,-1,-1,-1
1061,4,1168,19,155,184,1,-1,-1,-1
1062,4,1168,19,155,184,1,-1,-1,-1
1063,4,1168,19,139,184,1,-1,-1,-1
1064,4,1148,20,139,184,1,-1,-1,-1
1065,4,1147,13,139,184,1,-1,-1,-1
1066,4,1143,2,139,184,1,-1,-1,-1
1067,4,1143,2,139,184,1,-1,-1,-1
1068,4,1143,2,139,184,1,-1,-1,-1
1069,4,1135,1,139,184,1,-1,-1,-1
1070,4,1135,1,139,184,1,-1,-1,-1
1071,4,1135,1,139,184,1,-1,-1,-1
1072,4,1135,1,139,184,1,-1,-1,-1
1073,4,1135,1,139,184,1,-1,-1,-1
1074,4,1135,1,139,161,1,-1,-1,-1
1075,4,1135,1,128,161,1,-1,-1,-1
1076,4,1135,1,128,161,1,-1,-1,-1
1077,4,1135,1,128,161,1,-1,-1,-1
1078,4,1135,1,128,161,1,-1,-1,-1
1079,4,1135,1,120,161,1,-1,-1,-1
1080,4,1135,1,120,161,1,-1,-1,-1
1081,4,1116,0,120,161,1,-1,-1,-1
1082,4,1116,0,120,161,1,-1,-1,-1
1291,4,1070,0,58,94,1,-1,-1,-1
1292,4,1070,0,58,94,1,-1,-1,-1
1293,4,1070,0,58,94,1,-1,-1,-1
1294,4,1070,0,65,94,1,-1,-1,-1
1295,4,1070,0,65,94,1,-1,-1,-1
1296,4,1070,0,65,94,1,-1,-1,-1
1297,4,1070,0,65,94,1,-1,-1,-1
1298,4,1070,0,75,94,1,-1,-1,-1
1299,4,1070,0,75,94,1,-1,-1,-1
1300,4,1070,0,75,94,1,-1,-1,-1
1301,4,1070,0,75,94,1,-1,-1,-1
1302,4,1070,0,75,94,1,-1,-1,-1
1303,4,1070,0,75,94,1,-1,-1,-1
1304,4,1070,0,75,94,1,-1,-1,-1
1305,4,1070,0,75,94,1,-1,-1,-1
1306,4,1088,0,78,94,1,-1,-1,-1
1307,4,1088,0,78,94,1,-1,-1,-1
1308,4,1088,0,78,94,1,-1,-1,-1
1309,4,1114,1,78,94,1,-1,-1,-1
1310,4,1114,1,78,94,1,-1,-1,-1
1311,4,1127,0,78,94,1,-1,-1,-1
1312,4,1127,0,78,94,1,-1,-1,-1
1313,4,1143,1,78,94,1,-1,-1,-1
1314,4,1143,1,78,94,1,-1,-1,-1
1315,4,1143,1,78,94,1,-1,-1,-1
1316,4,1143,1,78,94,1,-1,-1,-1
1317,4,1143,1,78,94,1,-1,-1,-1
1318,4,1143,1,78,94,1,-1,-1,-1
1319,4,1143,1,78,94,1,-1,-1,-1
895,5,961,472,54,417,1,-1,-1,-1
896,5,961,472,58,417,1,-1,-1,-1
897,5,961,472,67,417,1,-1,-1,-1
898,5,961,472,79,417,1,-1,-1,-1
899,5,961,472,87,417,1,-1,-1,-1
900,5,961,472,91,417,1,-1,-1,-1
901,5,961,467,95,422,1,-1,-1,-1
902,5,961,467,95,422,1,-1,-1,-1
903,5,961,463,105,442,1,-1,-1,-1
904,5,961,463,105,442,1,-1,-1,-1
905,5,961,449,105,457,1,-1,-1,-1
906,5,961,449,112,457,1,-1,-1,-1
907,5,961,449,112,457,1,-1,-1,-1
908,5,961,449,112,457,1,-1,-1,-1
909,5,961,449,112,457,1,-1,-1,-1
910,5,961,443,112,482,1,-1,-1,-1
911,5,961,443,116,482,1,-1,-1,-1
912,5,961,443,120,490,1,-1,-1,-1
913,5,961,435,128,513,1,-1,-1,-1
914,5,961,435,139,513,1,-1,-1,-1
915,5,961,435,151,513,1,-1,-1,-1
916,5,961,435,163,513,1,-1,-1,-1
917,5,961,423,175,525,1,-1,-1,-1
918,5,961,423,188,525,1,-1,-1,-1
919,5,961,423,188,525,1,-1,-1,-1
920,5,961,417,195,548,1,-1,-1,-1
921,5,961,417,195,561,1,-1,-1,-1
922,5,962,417,195,561,1,-1,-1,-1
923,5,961,408,195,570,1,-1,-1,-1
924,5,961,408,195,570,1,-1,-1,-1
925,5,966,397,195,595,1,-1,-1,-1
926,5,966,392,206,601,1,-1,-1,-1
927,5,966,392,206,601,1,-1,-1,-1
928,5,966,385,214,607,1,-1,-1,-1
929,5,966,385,214,615,1,-1,-1,-1
930,5,966,381,214,643,1,-1,-1,-1
931,5,966,381,221,655,1,-1,-1,-1
932,5,966,376,221,676,1,-1,-1,-1
933,5,966,369,233,683,1,-1,-1,-1
934,5,966,367,246,703,1,-1,-1,-1
935,5,970,357,258,712,1,-1,-1,-1
936,5,969,345,274,724,1,-1,-1,-1
937,5,969,349,287,720,1,-1,-1,-1
938,5,969,341,302,728,1,-1,-1,-1
939,5,973,341,308,728,1,-1,-1,-1
940,5,981,341,315,728,1,-1,-1,-1
941,5,984,333,311,741,1,-1,-1,-1
942,5,991,323,316,752,1,-1,-1,-1
943,5,998,310,310,765,1,-1,-1,-1
944,5,998,310,310,765,1,-1,-1,-1
945,5,998,298,320,777,1,-1,-1,-1
946,5,998,298,320,777,1,-1,-1,-1
947,5,984,286,345,789,1,-1,-1,-1
948,5,984,281,345,794,1,-1,-1,-1
949,5,984,269,345,806,1,-1,-1,-1
950,5,996,269,333,806,1,-1,-1,-1
951,5,1022,269,320,806,1,-1,-1,-1
952,5,1033,259,320,815,1,-1,-1,-1
953,5,1069,259,306,815,1,-1,-1,-1
954,5,1101,255,302,819,1,-1,-1,-1
955,5,1115,236,329,839,1,-1,-1,-1
956,5,1133,236,368,839,1,-1,-1,-1
957,5,1156,236,382,839,1,-1,-1,-1
958,5,1186,230,401,846,1,-1,-1,-1
959,5,1216,218,400,857,1,-1,-1,-1
960,5,1262,218,401,857,1,-1,-1,-1
961,5,1298,218,381,857,1,-1,-1,-1
962,5,1343,202,336,873,1,-1,-1,-1
963,5,1359,192,320,884,1,-1,-1,-1
964,5,1401,180,306,896,1,-1,-1,-1
965,5,1461,168,282,908,1,-1,-1,-1
966,5,1506,160,255,916,1,-1,-1,-1
967,5,1538,156,253,920,1,-1,-1,-1
968,5,1568,156,249,920,1,-1,-1,-1
969,5,1594,156,251,920,1,-1,-1,-1
970,5,1617,156,257,920,1,-1,-1,-1
971,5,1646,163,255,913,1,-1,-1,-1
972,5,1687,176,228,898,1,-1,-1,-1
973,5,1699,176,216,898,1,-1,-1,-1
974,5,1699,176,216,898,1,-1,-1,-1
975,5,1772,176,143,898,1,-1,-1,-1
976,5,1806,176,109,898,1,-1,-1,-1
