0,1,1574,346,222,702,1,-1,-1,-1
0,0,1723,373,195,558,1,-1,-1,-1
1,1,1574,346,222,702,1,-1,-1,-1
1,0,1723,373,195,558,1,-1,-1,-1
2,1,1574,346,222,702,1,-1,-1,-1
2,0,1723,373,195,558,1,-1,-1,-1
3,1,1574,346,222,702,1,-1,-1,-1
3,0,1729,373,154,553,1,-1,-1,-1
4,1,1579,346,222,702,1,-1,-1,-1
4,0,1729,373,154,553,1,-1,-1,-1
5,1,1579,346,222,702,1,-1,-1,-1
5,0,1729,373,154,553,1,-1,-1,-1
6,1,1579,346,222,702,1,-1,-1,-1
6,0,1729,373,154,553,1,-1,-1,-1
7,1,1579,346,222,702,1,-1,-1,-1
7,0,1729,373,154,553,1,-1,-1,-1
8,1,1579,346,222,702,1,-1,-1,-1
8,0,1729,373,154,553,1,-1,-1,-1
9,1,1579,346,222,702,1,-1,-1,-1
9,0,1729,373,154,553,1,-1,-1,-1
10,1,1579,346,215,635,1,-1,-1,-1
10,0,1729,373,154,553,1,-1,-1,-1
11,1,1579,346,215,635,1,-1,-1,-1
11,0,1729,373,154,553,1,-1,-1,-1
12,1,1562,346,232,633,1,-1,-1,-1
12,0,1729,373,120,553,1,-1,-1,-1
13,1,1562,346,232,633,1,-1,-1,-1
13,0,1729,373,120,553,1,-1,-1,-1
14,1,1562,346,232,633,1,-1,-1,-1
14,0,1729,373,120,553,1,-1,-1,-1
15,1,1539,346,232,633,1,-1,-1,-1
15,0,1729,373,120,553,1,-1,-1,-1
16,1,1539,346,232,633,1,-1,-1,-1
16,0,1729,373,120,553,1,-1,-1,-1
17,1,1539,346,232,633,1,-1,-1,-1
17,0,1729,373,120,553,1,-1,-1,-1
18,1,1539,346,232,633,1,-1,-1,-1
18,0,1729,373,120,553,1,-1,-1,-1
19,1,1539,346,232,633,1,-1,-1,-1
19,0,1729,373,120,553,1,-1,-1,-1
20,1,1539,376,210,603,1,-1,-1,-1
20,0,1729,373,120,553,1,-1,-1,-1
21,1,1539,376,210,603,1,-1,-1,-1
21,0,1729,373,120,553,1,-1,-1,-1
21,3,1525,443,81,420,1,-1,-1,-1
22,1,1539,376,210,603,1,-1,-1,-1
22,0,1729,373,120,553,1,-1,-1,-1
22,3,1525,443,81,420,1,-1,-1,-1
23,1,1539,376,210,603,1,-1,-1,-1
23,0,1729,373,120,553,1,-1,-1,-1
23,3,1525,443,81,420,1,-1,-1,-1
24,1,1539,376,210,603,1,-1,-1,-1
24,0,1729,373,120,553,1,-1,-1,-1
24,3,1525,443,81,420,1,-1,-1,-1
25,1,1551,370,210,603,1,-1,-1,-1
25,0,1729,373,120,553,1,-1,-1,-1
25,3,1525,443,81,420,1,-1,-1,-1
26,1,1551,370,210,603,1,-1,-1,-1
26,0,1729,373,102,522,1,-1,-1,-1
26,3,1525,443,81,420,1,-1,-1,-1
27,1,1551,370,210,603,1,-1,-1,-1
27,0,1729,373,102,522,1,-1,-1,-1
28,1,1570,382,210,578,1,-1,-1,-1
28,0,1729,373,102,522,1,-1,-1,-1
29,1,1570,382,210,578,1,-1,-1,-1
30,1,1585,382,210,578,1,-1,-1,-1
31,1,1585,382,210,578,1,-1,-1,-1
32,1,1604,395,204,541,1,-1,-1,-1
33,1,1604,395,204,541,1,-1,-1,-1
34,1,1604,395,204,541,1,-1,-1,-1
35,1,1604,395,204,541,1,-1,-1,-1
36,1,1604,395,204,541,1,-1,-1,-1
37,1,1604,395,204,541,1,-1,-1,-1
38,1,1604,395,204,541,1,-1,-1,-1
39,1,1580,395,204,541,1,-1,-1,-1
40,1,1580,395,204,541,1,-1,-1,-1
41,1,1580,395,204,541,1,-1,-1,-1
42,1,1580,395,204,541,1,-1,-1,-1
43,1,1569,395,168,527,1,-1,-1,-1
43,0,1684,415,102,439,1,-1,-1,-1
44,1,1556,395,168,527,1,-1,-1,-1
44,0,1684,415,102,439,1,-1,-1,-1
45,1,1556,395,168,527,1,-1,-1,-1
45,0,1684,415,102,439,1,-1,-1,-1
46,1,1536,395,168,527,1,-1,-1,-1
46,0,1684,415,102,439,1,-1,-1,-1
47,1,1536,395,168,527,1,-1,-1,-1
47,0,1684,415,102,439,1,-1,-1,-1
47,4,1790,345,126,649,1,-1,-1,-1
48,1,1536,395,168,527,1,-1,-1,-1
48,0,1696,415,102,439,1,-1,-1,-1
48,4,1790,345,126,649,1,-1,-1,-1
49,1,1536,395,168,527,1,-1,-1,-1
49,0,1696,415,102,439,1,-1,-1,-1
49,4,1790,345,126,649,1,-1,-1,-1
50,1,1536,395,139,528,1,-1,-1,-1
50,0,1696,415,102,439,1,-1,-1,-1
50,4,1790,345,126,649,1,-1,-1,-1
51,1,1536,395,139,528,1,-1,-1,-1
51,0,1696,415,102,439,1,-1,-1,-1
51,4,1790,345,126,649,1,-1,-1,-1
52,1,1536,395,139,528,1,-1,-1,-1
52,0,1696,415,102,439,1,-1,-1,-1
52,4,1790,345,126,649,1,-1,-1,-1
53,1,1536,395,139,528,1,-1,-1,-1
53,0,1696,415,102,439,1,-1,-1,-1
53,4,1790,345,126,649,1,-1,-1,-1
54,1,1529,425,117,460,1,-1,-1,-1
54,0,1696,415,115,441,1,-1,-1,-1
54,4,1790,345,126,649,1,-1,-1,-1
55,1,1529,425,117,460,1,-1,-1,-1
55,0,1696,415,115,441,1,-1,-1,-1
55,4,1790,345,126,649,1,-1,-1,-1
56,1,1529,425,117,460,1,-1,-1,-1
56,0,1696,415,115,441,1,-1,-1,-1
56,4,1790,345,126,649,1,-1,-1,-1
57,1,1529,425,117,460,1,-1,-1,-1
57,0,1696,415,115,441,1,-1,-1,-1
57,4,1790,345,126,649,1,-1,-1,-1
58,1,1529,425,117,460,1,-1,-1,-1
58,0,1696,415,115,441,1,-1,-1,-1
58,4,1790,345,126,649,1,-1,-1,-1
59,1,1529,425,89,451,1,-1,-1,-1
59,0,1696,415,115,441,1,-1,-1,-1
59,4,1783,333,133,661,1,-1,-1,-1
60,1,1529,425,89,451,1,-1,-1,-1
60,0,1696,415,115,441,1,-1,-1,-1
60,4,1783,333,133,661,1,-1,-1,-1
61,1,1529,425,89,451,1,-1,-1,-1
61,0,1696,415,115,441,1,-1,-1,-1
61,4,1783,333,133,661,1,-1,-1,-1
62,1,1529,425,89,451,1,-1,-1,-1
62,0,1696,415,115,441,1,-1,-1,-1
62,4,1783,333,133,661,1,-1,-1,-1
63,1,1529,425,89,451,1,-1,-1,-1
63,0,1696,415,115,441,1,-1,-1,-1
63,4,1783,333,133,661,1,-1,-1,-1
64,0,1696,415,115,441,1,-1,-1,-1
64,4,1783,333,133,661,1,-1,-1,-1
65,0,1696,415,115,441,1,-1,-1,-1
65,4,1783,333,133,661,1,-1,-1,-1
66,0,1696,415,115,441,1,-1,-1,-1
66,4,1783,333,133,661,1,-1,-1,-1
67,0,1696,415,115,441,1,-1,-1,-1
67,4,1783,333,133,661,1,-1,-1,-1
68,0,1696,415,115,441,1,-1,-1,-1
68,4,1783,333,133,661,1,-1,-1,-1
69,0,1696,415,115,441,1,-1,-1,-1
69,4,1783,333,133,661,1,-1,-1,-1
70,0,1696,415,115,441,1,-1,-1,-1
70,4,1783,333,133,661,1,-1,-1,-1
71,0,1696,415,115,441,1,-1,-1,-1
71,4,1783,333,133,661,1,-1,-1,-1
72,0,1696,415,115,441,1,-1,-1,-1
72,4,1783,333,133,661,1,-1,-1,-1
73,0,1696,415,115,441,1,-1,-1,-1
73,4,1783,333,133,661,1,-1,-1,-1
74,0,1696,415,115,441,1,-1,-1,-1
74,4,1783,333,133,661,1,-1,-1,-1
75,0,1696,415,115,441,1,-1,-1,-1
75,4,1783,333,133,661,1,-1,-1,-1
76,0,1696,415,115,441,1,-1,-1,-1
76,4,1783,333,133,661,1,-1,-1,-1
77,0,1696,415,115,441,1,-1,-1,-1
77,4,1783,333,133,661,1,-1,-1,-1
78,0,1696,415,115,441,1,-1,-1,-1
78,4,1783,333,133,661,1,-1,-1,-1
79,0,1696,415,115,441,1,-1,-1,-1
79,4,1783,333,133,661,1,-1,-1,-1
80,0,1696,415,115,441,1,-1,-1,-1
80,4,1783,333,133,661,1,-1,-1,-1
81,0,1696,415,115,441,1,-1,-1,-1
81,4,1783,333,133,661,1,-1,-1,-1
82,0,1696,415,115,441,1,-1,-1,-1
82,4,1783,333,133,661,1,-1,-1,-1
83,0,1696,415,115,441,1,-1,-1,-1
83,4,1783,333,133,661,1,-1,-1,-1
84,0,1696,415,115,441,1,-1,-1,-1
84,4,1783,333,133,661,1,-1,-1,-1
85,0,1696,415,115,441,1,-1,-1,-1
85,4,1783,333,133,661,1,-1,-1,-1
86,0,1696,415,115,441,1,-1,-1,-1
86,4,1783,333,133,661,1,-1,-1,-1
87,0,1696,415,115,441,1,-1,-1,-1
87,4,1783,333,133,661,1,-1,-1,-1
88,0,1696,415,115,441,1,-1,-1,-1
88,4,1783,333,133,661,1,-1,-1,-1
89,0,1696,415,115,441,1,-1,-1,-1
89,4,1783,333,133,661,1,-1,-1,-1
90,0,1696,415,115,441,1,-1,-1,-1
90,4,1783,333,133,661,1,-1,-1,-1
91,0,1696,415,115,441,1,-1,-1,-1
91,4,1783,333,133,661,1,-1,-1,-1
92,0,1696,415,115,441,1,-1,-1,-1
92,4,1783,333,133,661,1,-1,-1,-1
93,0,1696,415,115,441,1,-1,-1,-1
93,4,1814,333,102,655,1,-1,-1,-1
94,0,1696,415,115,441,1,-1,-1,-1
94,4,1814,333,102,655,1,-1,-1,-1
95,0,1696,415,115,441,1,-1,-1,-1
95,4,1814,333,102,655,1,-1,-1,-1
96,0,1696,415,115,441,1,-1,-1,-1
96,4,1814,333,102,655,1,-1,-1,-1
97,0,1696,415,115,441,1,-1,-1,-1
97,4,1814,333,102,655,1,-1,-1,-1
98,0,1696,415,115,441,1,-1,-1,-1
98,4,1814,333,102,655,1,-1,-1,-1
99,0,1696,415,115,441,1,-1,-1,-1
99,4,1814,333,102,655,1,-1,-1,-1
100,0,1696,415,115,441,1,-1,-1,-1
100,4,1814,333,102,655,1,-1,-1,-1
101,0,1696,415,115,441,1,-1,-1,-1
101,4,1814,333,102,655,1,-1,-1,-1
102,0,1696,415,115,441,1,-1,-1,-1
102,4,1814,333,102,655,1,-1,-1,-1
103,0,1696,415,115,441,1,-1,-1,-1
103,4,1835,333,81,654,1,-1,-1,-1
104,0,1696,415,115,441,1,-1,-1,-1
104,4,1835,333,81,654,1,-1,-1,-1
105,0,1696,415,115,441,1,-1,-1,-1
105,4,1835,333,81,654,1,-1,-1,-1
106,0,1696,415,115,441,1,-1,-1,-1
106,4,1835,333,81,654,1,-1,-1,-1
107,0,1696,415,115,441,1,-1,-1,-1
107,4,1835,333,81,654,1,-1,-1,-1
108,0,1696,415,115,441,1,-1,-1,-1
108,4,1835,333,81,654,1,-1,-1,-1
109,0,1696,415,115,441,1,-1,-1,-1
109,4,1835,333,81,654,1,-1,-1,-1
110,0,1696,415,115,441,1,-1,-1,-1
110,4,1835,333,81,654,1,-1,-1,-1
111,0,1696,415,115,441,1,-1,-1,-1
111,4,1835,333,81,654,1,-1,-1,-1
112,0,1696,415,115,441,1,-1,-1,-1
112,4,1835,333,81,654,1,-1,-1,-1
113,0,1696,415,115,441,1,-1,-1,-1
113,4,1835,333,81,654,1,-1,-1,-1
114,0,1696,415,115,441,1,-1,-1,-1
114,4,1835,333,81,654,1,-1,-1,-1
115,0,1696,415,115,441,1,-1,-1,-1
115,4,1835,333,81,654,1,-1,-1,-1
116,0,1696,415,115,441,1,-1,-1,-1
116,4,1835,333,81,654,1,-1,-1,-1
117,0,1696,415,115,441,1,-1,-1,-1
117,4,1835,333,81,654,1,-1,-1,-1
118,0,1696,415,115,441,1,-1,-1,-1
118,4,1835,333,81,654,1,-1,-1,-1
119,0,1696,415,115,441,1,-1,-1,-1
119,4,1835,333,81,654,1,-1,-1,-1
120,0,1696,415,115,441,1,-1,-1,-1
120,4,1835,333,81,654,1,-1,-1,-1
121,0,1696,415,115,441,1,-1,-1,-1
121,4,1835,333,81,654,1,-1,-1,-1
122,0,1696,415,115,441,1,-1,-1,-1
122,4,1835,333,81,654,1,-1,-1,-1
123,0,1696,415,115,441,1,-1,-1,-1
123,4,1835,333,81,654,1,-1,-1,-1
124,0,1696,415,115,441,1,-1,-1,-1
124,4,1835,333,81,654,1,-1,-1,-1
125,0,1696,415,115,441,1,-1,-1,-1
125,4,1835,333,81,654,1,-1,-1,-1
126,0,1696,415,115,441,1,-1,-1,-1
126,4,1835,333,81,654,1,-1,-1,-1
127,0,1696,415,115,441,1,-1,-1,-1
127,4,1835,333,81,654,1,-1,-1,-1
128,0,1696,415,115,441,1,-1,-1,-1
128,4,1835,333,81,654,1,-1,-1,-1
129,0,1696,415,115,441,1,-1,-1,-1
129,4,1835,333,81,654,1,-1,-1,-1
130,0,1696,415,115,441,1,-1,-1,-1
131,0,1696,415,115,441,1,-1,-1,-1
132,0,1696,415,115,441,1,-1,-1,-1
133,0,1696,415,115,441,1,-1,-1,-1
134,0,1696,415,115,441,1,-1,-1,-1
135,0,1696,415,115,441,1,-1,-1,-1
136,0,1696,415,115,441,1,-1,-1,-1
137,0,1696,415,115,441,1,-1,-1,-1
138,0,1696,415,115,441,1,-1,-1,-1
139,0,1696,415,115,441,1,-1,-1,-1
140,0,1696,415,115,441,1,-1,-1,-1
141,0,1696,415,115,441,1,-1,-1,-1
142,0,1696,415,115,441,1,-1,-1,-1
143,0,1696,415,115,441,1,-1,-1,-1
144,0,1696,415,115,441,1,-1,-1,-1
145,0,1696,415,115,441,1,-1,-1,-1
146,0,1696,415,115,441,1,-1,-1,-1
147,0,1696,415,115,441,1,-1,-1,-1
148,0,1696,415,115,441,1,-1,-1,-1
149,0,1696,415,115,441,1,-1,-1,-1
150,0,1696,415,115,441,1,-1,-1,-1
151,0,1696,415,115,441,1,-1,-1,-1
152,0,1696,415,115,441,1,-1,-1,-1
153,0,1696,415,115,441,1,-1,-1,-1
154,0,1696,415,115,441,1,-1,-1,-1
155,0,1696,415,115,441,1,-1,-1,-1
156,0,1696,415,115,441,1,-1,-1,-1
157,0,1696,415,115,441,1,-1,-1,-1
158,0,1696,415,115,441,1,-1,-1,-1
159,0,1696,415,115,441,1,-1,-1,-1
160,0,1696,415,115,441,1,-1,-1,-1
161,0,1696,415,115,441,1,-1,-1,-1
162,0,1696,415,115,441,1,-1,-1,-1
163,0,1696,415,115,441,1,-1,-1,-1
164,0,1696,415,115,441,1,-1,-1,-1
165,0,1696,415,115,441,1,-1,-1,-1
166,0,1696,415,115,441,1,-1,-1,-1
167,0,1696,415,115,441,1,-1,-1,-1
168,0,1696,415,115,441,1,-1,-1,-1
169,0,1696,415,115,441,1,-1,-1,-1
170,0,1696,415,115,441,1,-1,-1,-1
171,0,1696,415,115,441,1,-1,-1,-1
172,0,1696,415,115,441,1,-1,-1,-1
173,0,1696,415,115,441,1,-1,-1,-1
174,0,1696,415,115,441,1,-1,-1,-1
175,0,1696,415,115,441,1,-1,-1,-1
176,0,1696,415,115,441,1,-1,-1,-1
177,0,1696,415,115,441,1,-1,-1,-1
178,0,1696,415,115,441,1,-1,-1,-1
179,0,1696,415,115,441,1,-1,-1,-1
180,0,1696,415,115,441,1,-1,-1,-1
181,0,1696,415,115,441,1,-1,-1,-1
182,0,1696,415,115,441,1,-1,-1,-1
183,0,1696,415,115,441,1,-1,-1,-1
184,0,1696,415,115,441,1,-1,-1,-1
185,0,1696,415,115,441,1,-1,-1,-1
186,0,1696,415,115,441,1,-1,-1,-1
187,0,1696,415,115,441,1,-1,-1,-1
188,0,1696,415,115,441,1,-1,-1,-1
189,0,1696,415,115,441,1,-1,-1,-1
190,0,1696,415,115,441,1,-1,-1,-1
191,0,1696,415,115,441,1,-1,-1,-1
192,0,1696,415,115,441,1,-1,-1,-1
193,0,1696,415,115,441,1,-1,-1,-1
194,0,1696,415,115,441,1,-1,-1,-1
195,0,1696,415,115,441,1,-1,-1,-1
196,0,1696,415,115,441,1,-1,-1,-1
197,0,1696,415,115,441,1,-1,-1,-1
198,0,1696,415,115,441,1,-1,-1,-1
199,0,1696,415,115,441,1,-1,-1,-1
200,0,1696,415,115,441,1,-1,-1,-1
201,0,1696,415,115,441,1,-1,-1,-1
202,0,1696,415,115,441,1,-1,-1,-1
203,0,1696,415,115,441,1,-1,-1,-1
204,0,1696,415,115,441,1,-1,-1,-1
205,0,1696,415,115,441,1,-1,-1,-1
206,0,1696,415,115,441,1,-1,-1,-1
207,0,1696,415,115,441,1,-1,-1,-1
208,0,1725,410,133,441,1,-1,-1,-1
209,0,1725,410,133,441,1,-1,-1,-1
210,0,1725,410,150,430,1,-1,-1,-1
211,0,1725,410,150,430,1,-1,-1,-1
212,0,1725,410,150,430,1,-1,-1,-1
213,0,1707,410,168,452,1,-1,-1,-1
214,0,1707,410,168,452,1,-1,-1,-1
215,0,1707,410,168,452,1,-1,-1,-1
216,0,1707,410,168,452,1,-1,-1,-1
217,0,1707,410,168,452,1,-1,-1,-1
218,0,1707,410,168,452,1,-1,-1,-1
219,0,1707,410,168,452,1,-1,-1,-1
220,0,1707,410,168,452,1,-1,-1,-1
221,0,1707,410,168,452,1,-1,-1,-1
222,0,1707,410,168,452,1,-1,-1,-1
223,0,1682,397,193,499,1,-1,-1,-1
224,0,1682,397,193,499,1,-1,-1,-1
225,0,1682,397,193,499,1,-1,-1,-1
226,0,1682,397,193,499,1,-1,-1,-1
227,0,1682,397,193,499,1,-1,-1,-1
228,0,1682,397,193,499,1,-1,-1,-1
229,0,1682,397,193,499,1,-1,-1,-1
230,0,1682,397,193,499,1,-1,-1,-1
230,2,1869,440,50,331,1,-1,-1,-1
231,0,1675,372,200,568,1,-1,-1,-1
231,2,1853,436,66,335,1,-1,-1,-1
232,0,1675,372,200,568,1,-1,-1,-1
232,2,1853,436,66,335,1,-1,-1,-1
233,0,1675,372,200,568,1,-1,-1,-1
233,2,1841,434,73,337,1,-1,-1,-1
234,0,1675,372,200,568,1,-1,-1,-1
234,2,1841,434,73,337,1,-1,-1,-1
235,0,1675,372,200,568,1,-1,-1,-1
235,2,1841,434,73,337,1,-1,-1,-1
236,0,1675,372,200,568,1,-1,-1,-1
237,0,1675,372,200,568,1,-1,-1,-1
238,0,1703,348,204,619,1,-1,-1,-1
239,0,1703,348,204,619,1,-1,-1,-1
240,0,1703,348,204,619,1,-1,-1,-1
241,0,1703,348,204,619,1,-1,-1,-1
242,0,1703,348,204,619,1,-1,-1,-1
242,2,1671,444,109,412,1,-1,-1,-1
243,0,1760,348,147,613,1,-1,-1,-1
243,2,1649,444,162,418,1,-1,-1,-1
244,0,1793,348,124,612,1,-1,-1,-1
244,2,1649,444,162,418,1,-1,-1,-1
245,0,1793,348,124,612,1,-1,-1,-1
245,2,1649,444,162,418,1,-1,-1,-1
246,0,1793,348,124,612,1,-1,-1,-1
246,2,1649,444,120,406,1,-1,-1,-1
247,0,1793,348,124,612,1,-1,-1,-1
247,2,1598,429,171,428,1,-1,-1,-1
248,0,1793,348,124,612,1,-1,-1,-1
248,2,1598,429,171,428,1,-1,-1,-1
249,2,1598,429,171,428,1,-1,-1,-1
250,2,1536,429,171,428,1,-1,-1,-1
251,2,1536,429,171,428,1,-1,-1,-1
252,2,1536,429,171,428,1,-1,-1,-1
253,2,1536,429,171,428,1,-1,-1,-1
254,2,1536,429,171,428,1,-1,-1,-1
255,2,1528,429,117,436,1,-1,-1,-1
256,2,1528,429,117,436,1,-1,-1,-1
257,2,1528,429,117,436,1,-1,-1,-1
258,2,1528,429,117,436,1,-1,-1,-1
272,4,1856,417,61,339,1,-1,-1,-1
273,4,1856,417,61,339,1,-1,-1,-1
274,4,1843,417,74,339,1,-1,-1,-1
275,4,1828,417,89,339,1,-1,-1,-1
276,4,1806,417,111,396,1,-1,-1,-1
277,4,1785,427,111,396,1,-1,-1,-1
278,4,1756,427,140,404,1,-1,-1,-1
279,4,1756,427,140,404,1,-1,-1,-1
280,4,1756,427,140,404,1,-1,-1,-1
281,4,1738,427,115,404,1,-1,-1,-1
282,4,1738,427,115,404,1,-1,-1,-1
283,4,1712,427,115,404,1,-1,-1,-1
284,4,1712,427,115,404,1,-1,-1,-1
285,4,1646,427,181,419,1,-1,-1,-1
286,4,1623,427,181,419,1,-1,-1,-1
287,4,1623,427,181,419,1,-1,-1,-1
288,4,1623,427,147,423,1,-1,-1,-1
289,4,1623,427,147,423,1,-1,-1,-1
290,4,1610,427,115,422,1,-1,-1,-1
291,4,1610,427,115,422,1,-1,-1,-1
292,4,1576,427,149,425,1,-1,-1,-1
293,4,1537,427,149,425,1,-1,-1,-1
294,4,1537,427,149,425,1,-1,-1,-1
295,4,1537,427,149,425,1,-1,-1,-1
296,4,1525,434,149,425,1,-1,-1,-1
297,4,1525,434,149,425,1,-1,-1,-1
298,4,1525,434,102,423,1,-1,-1,-1
299,4,1525,434,102,423,1,-1,-1,-1
300,4,1525,434,102,423,1,-1,-1,-1
301,4,1525,434,102,423,1,-1,-1,-1
302,4,1525,434,102,423,1,-1,-1,-1
384,0,1849,413,69,354,1,-1,-1,-1
385,0,1849,413,69,354,1,-1,-1,-1
386,0,1797,413,121,409,1,-1,-1,-1
387,0,1797,413,121,409,1,-1,-1,-1
387,3,513,488,64,436,1,-1,-1,-1
388,0,1797,413,121,409,1,-1,-1,-1
388,3,513,488,64,436,1,-1,-1,-1
389,0,1768,413,150,430,1,-1,-1,-1
389,3,513,420,88,504,1,-1,-1,-1
390,0,1768,413,150,430,1,-1,-1,-1
390,3,513,420,88,504,1,-1,-1,-1
391,0,1768,413,150,430,1,-1,-1,-1
391,3,513,404,115,520,1,-1,-1,-1
392,0,1750,414,150,430,1,-1,-1,-1
392,3,513,404,115,520,1,-1,-1,-1
393,0,1750,414,150,430,1,-1,-1,-1
393,3,513,404,115,520,1,-1,-1,-1
394,0,1715,414,185,438,1,-1,-1,-1
394,3,513,404,115,520,1,-1,-1,-1
395,0,1715,414,185,438,1,-1,-1,-1
395,3,513,404,115,520,1,-1,-1,-1
396,0,1715,414,185,438,1,-1,-1,-1
396,3,513,404,137,566,1,-1,-1,-1
397,0,1715,414,185,438,1,-1,-1,-1
397,3,513,404,137,566,1,-1,-1,-1
398,0,1715,414,185,438,1,-1,-1,-1
398,3,513,404,137,566,1,-1,-1,-1
399,0,1715,414,154,465,1,-1,-1,-1
399,3,513,404,137,566,1,-1,-1,-1
400,0,1715,414,154,465,1,-1,-1,-1
400,3,513,404,137,566,1,-1,-1,-1
401,0,1715,390,154,489,1,-1,-1,-1
401,3,513,390,176,580,1,-1,-1,-1
402,0,1715,390,154,489,1,-1,-1,-1
402,3,513,390,176,580,1,-1,-1,-1
403,0,1715,390,154,489,1,-1,-1,-1
403,3,513,390,176,580,1,-1,-1,-1
404,0,1691,390,178,522,1,-1,-1,-1
404,3,513,390,220,610,1,-1,-1,-1
405,0,1691,390,178,522,1,-1,-1,-1
405,3,513,390,220,610,1,-1,-1,-1
406,0,1691,390,178,522,1,-1,-1,-1
406,3,513,390,220,610,1,-1,-1,-1
407,0,1691,390,178,522,1,-1,-1,-1
407,3,532,366,216,636,1,-1,-1,-1
408,0,1691,377,178,559,1,-1,-1,-1
408,3,532,366,216,636,1,-1,-1,-1
409,0,1691,377,178,559,1,-1,-1,-1
409,3,532,341,279,714,1,-1,-1,-1
410,0,1691,377,178,559,1,-1,-1,-1
410,3,532,341,279,714,1,-1,-1,-1
411,0,1663,359,206,581,1,-1,-1,-1
411,3,532,341,279,714,1,-1,-1,-1
412,0,1663,359,206,581,1,-1,-1,-1
412,3,532,341,279,714,1,-1,-1,-1
413,0,1663,359,206,581,1,-1,-1,-1
413,3,554,344,281,732,1,-1,-1,-1
414,0,1663,359,206,581,1,-1,-1,-1
414,3,554,344,281,732,1,-1,-1,-1
415,0,1663,359,223,625,1,-1,-1,-1
415,3,554,344,281,732,1,-1,-1,-1
416,0,1663,359,223,625,1,-1,-1,-1
416,3,554,344,281,732,1,-1,-1,-1
417,0,1663,359,223,625,1,-1,-1,-1
417,3,554,309,320,767,1,-1,-1,-1
418,0,1663,319,246,665,1,-1,-1,-1
418,3,554,309,320,767,1,-1,-1,-1
419,0,1663,319,246,665,1,-1,-1,-1
419,3,554,309,320,767,1,-1,-1,-1
420,0,1663,319,246,665,1,-1,-1,-1
420,3,554,309,320,767,1,-1,-1,-1
421,0,1663,319,246,665,1,-1,-1,-1
421,3,607,281,320,795,1,-1,-1,-1
422,0,1663,319,246,665,1,-1,-1,-1
422,3,607,281,320,795,1,-1,-1,-1
423,0,1663,319,246,665,1,-1,-1,-1
423,3,607,281,320,795,1,-1,-1,-1
424,0,1663,319,246,665,1,-1,-1,-1
424,3,640,281,320,795,1,-1,-1,-1
425,0,1663,276,246,792,1,-1,-1,-1
425,3,640,281,320,795,1,-1,-1,-1
426,0,1663,276,246,792,1,-1,-1,-1
426,3,640,233,388,843,1,-1,-1,-1
427,0,1663,276,246,792,1,-1,-1,-1
427,3,640,233,388,843,1,-1,-1,-1
428,0,1663,276,246,792,1,-1,-1,-1
428,3,640,233,388,843,1,-1,-1,-1
429,0,1639,238,278,830,1,-1,-1,-1
429,3,684,233,388,843,1,-1,-1,-1
430,0,1639,238,278,830,1,-1,-1,-1
430,3,684,233,388,843,1,-1,-1,-1
431,0,1639,238,278,830,1,-1,-1,-1
431,3,684,233,388,843,1,-1,-1,-1
432,0,1639,238,278,830,1,-1,-1,-1
432,3,707,188,387,888,1,-1,-1,-1
433,0,1639,238,278,830,1,-1,-1,-1
433,3,707,188,387,888,1,-1,-1,-1
434,0,1639,201,278,867,1,-1,-1,-1
434,3,772,188,387,888,1,-1,-1,-1
435,0,1639,180,278,888,1,-1,-1,-1
435,3,772,188,387,888,1,-1,-1,-1
436,0,1639,165,278,903,1,-1,-1,-1
436,3,845,188,387,888,1,-1,-1,-1
437,0,1639,165,278,903,1,-1,-1,-1
437,3,845,188,387,888,1,-1,-1,-1
438,0,1639,165,278,903,1,-1,-1,-1
438,3,926,188,387,888,1,-1,-1,-1
439,0,1639,165,278,903,1,-1,-1,-1
439,3,926,188,387,888,1,-1,-1,-1
440,0,1639,165,278,903,1,-1,-1,-1
440,3,1014,188,387,888,1,-1,-1,-1
441,0,1639,165,278,903,1,-1,-1,-1
441,3,1014,188,387,888,1,-1,-1,-1
442,0,1639,120,278,948,1,-1,-1,-1
442,3,1014,188,387,888,1,-1,-1,-1
443,0,1639,120,278,948,1,-1,-1,-1
443,3,1014,188,387,888,1,-1,-1,-1
444,0,1639,120,278,948,1,-1,-1,-1
444,3,1090,188,387,888,1,-1,-1,-1
445,0,1579,101,338,967,1,-1,-1,-1
445,3,1090,188,387,888,1,-1,-1,-1
446,0,1579,101,338,967,1,-1,-1,-1
446,3,1090,188,387,888,1,-1,-1,-1
447,0,1504,71,413,997,1,-1,-1,-1
447,3,1136,188,387,888,1,-1,-1,-1
448,0,1504,71,413,997,1,-1,-1,-1
448,3,1136,188,387,888,1,-1,-1,-1
449,0,1504,71,413,997,1,-1,-1,-1
449,3,1136,188,387,888,1,-1,-1,-1
450,0,1454,38,463,1030,1,-1,-1,-1
450,3,1186,188,387,888,1,-1,-1,-1
451,0,1454,38,463,1030,1,-1,-1,-1
451,3,1186,188,387,888,1,-1,-1,-1
452,0,1454,38,463,1030,1,-1,-1,-1
452,3,1186,188,387,888,1,-1,-1,-1
453,0,1407,15,510,1053,1,-1,-1,-1
453,3,1186,188,387,888,1,-1,-1,-1
454,0,1407,15,510,1053,1,-1,-1,-1
454,3,1186,188,387,888,1,-1,-1,-1
455,0,1407,15,415,1043,1,-1,-1,-1
455,3,1202,256,280,778,1,-1,-1,-1
456,0,1359,6,415,1069,1,-1,-1,-1
456,3,1202,256,280,778,1,-1,-1,-1
457,0,1339,6,444,1069,1,-1,-1,-1
457,3,1202,256,280,778,1,-1,-1,-1
458,0,1290,6,493,1069,1,-1,-1,-1
458,3,1202,256,280,778,1,-1,-1,-1
459,0,1223,6,493,1069,1,-1,-1,-1
459,3,1202,256,149,774,1,-1,-1,-1
460,0,1223,6,493,1069,1,-1,-1,-1
460,3,1157,247,194,783,1,-1,-1,-1
461,0,1168,6,493,1069,1,-1,-1,-1
461,3,1157,247,194,783,1,-1,-1,-1
462,0,1168,6,493,1069,1,-1,-1,-1
462,3,1157,247,194,783,1,-1,-1,-1
463,0,1125,51,493,1024,1,-1,-1,-1
463,3,1157,247,194,783,1,-1,-1,-1
464,0,1083,51,493,1024,1,-1,-1,-1
465,0,1024,51,552,1024,1,-1,-1,-1
466,0,1024,51,552,1024,1,-1,-1,-1
467,0,956,51,552,1024,1,-1,-1,-1
468,0,956,51,552,1024,1,-1,-1,-1
469,0,956,51,552,1024,1,-1,-1,-1
470,0,956,123,517,952,1,-1,-1,-1
471,0,956,123,517,952,1,-1,-1,-1
472,0,874,123,487,952,1,-1,-1,-1
473,0,874,123,487,952,1,-1,-1,-1
474,0,785,123,487,952,1,-1,-1,-1
475,0,785,123,487,952,1,-1,-1,-1
475,3,1086,182,203,721,1,-1,-1,-1
476,0,785,123,449,952,1,-1,-1,-1
476,3,1073,148,203,721,1,-1,-1,-1
477,0,785,123,449,952,1,-1,-1,-1
477,3,1073,148,203,721,1,-1,-1,-1
478,0,785,162,376,913,1,-1,-1,-1
478,3,1045,95,219,721,1,-1,-1,-1
479,0,732,162,376,913,1,-1,-1,-1
479,3,1045,95,219,721,1,-1,-1,-1
480,0,732,162,376,913,1,-1,-1,-1
480,3,1045,95,219,721,1,-1,-1,-1
481,0,690,162,376,913,1,-1,-1,-1
481,3,990,95,274,708,1,-1,-1,-1
482,0,690,162,376,913,1,-1,-1,-1
482,3,990,95,274,708,1,-1,-1,-1
483,0,643,240,376,835,1,-1,-1,-1
483,3,990,95,274,708,1,-1,-1,-1
484,0,643,240,376,835,1,-1,-1,-1
484,3,990,95,274,708,1,-1,-1,-1
485,0,643,240,376,835,1,-1,-1,-1
485,3,990,95,274,708,1,-1,-1,-1
486,0,643,240,376,835,1,-1,-1,-1
486,3,990,95,217,436,1,-1,-1,-1
487,0,643,285,315,790,1,-1,-1,-1
487,3,990,95,217,436,1,-1,-1,-1
488,0,643,285,315,790,1,-1,-1,-1
488,3,990,95,217,436,1,-1,-1,-1
489,0,591,285,315,790,1,-1,-1,-1
489,3,990,95,217,436,1,-1,-1,-1
490,0,591,285,315,790,1,-1,-1,-1
490,3,990,95,217,436,1,-1,-1,-1
491,0,591,285,315,790,1,-1,-1,-1
491,3,951,90,218,383,1,-1,-1,-1
492,0,591,285,264,790,1,-1,-1,-1
492,3,951,90,218,383,1,-1,-1,-1
493,0,591,285,264,790,1,-1,-1,-1
493,3,951,90,218,383,1,-1,-1,-1
494,0,550,285,305,790,1,-1,-1,-1
494,3,918,38,218,383,1,-1,-1,-1
495,0,550,285,305,790,1,-1,-1,-1
495,3,918,38,218,383,1,-1,-1,-1
496,0,550,285,305,790,1,-1,-1,-1
496,3,886,38,250,375,1,-1,-1,-1
497,0,550,339,272,715,1,-1,-1,-1
497,3,886,38,250,375,1,-1,-1,-1
498,0,550,339,272,715,1,-1,-1,-1
498,3,886,38,250,375,1,-1,-1,-1
499,0,550,339,272,715,1,-1,-1,-1
499,3,886,38,250,375,1,-1,-1,-1
500,0,550,339,272,715,1,-1,-1,-1
500,3,886,38,250,375,1,-1,-1,-1
501,0,550,339,221,668,1,-1,-1,-1
501,3,849,33,250,375,1,-1,-1,-1
502,0,550,339,221,668,1,-1,-1,-1
502,3,849,33,250,375,1,-1,-1,-1
503,0,550,339,221,668,1,-1,-1,-1
503,3,849,33,250,375,1,-1,-1,-1
504,0,550,339,221,668,1,-1,-1,-1
504,3,849,33,250,375,1,-1,-1,-1
505,0,532,385,191,599,1,-1,-1,-1
505,3,849,33,213,345,1,-1,-1,-1
506,0,532,385,191,599,1,-1,-1,-1
506,3,849,33,213,345,1,-1,-1,-1
507,0,532,385,191,599,1,-1,-1,-1
507,3,849,33,213,345,1,-1,-1,-1
508,0,516,387,181,568,1,-1,-1,-1
508,3,802,15,236,320,1,-1,-1,-1
509,0,516,387,181,568,1,-1,-1,-1
509,3,802,15,236,320,1,-1,-1,-1
510,0,516,387,181,568,1,-1,-1,-1
510,3,802,15,236,320,1,-1,-1,-1
511,0,516,387,181,568,1,-1,-1,-1
511,3,802,15,236,320,1,-1,-1,-1
512,0,516,387,181,568,1,-1,-1,-1
512,3,802,15,236,320,1,-1,-1,-1
513,0,516,387,181,568,1,-1,-1,-1
513,3,802,15,236,320,1,-1,-1,-1
514,0,516,387,181,568,1,-1,-1,-1
514,3,802,15,207,284,1,-1,-1,-1
515,0,516,387,181,568,1,-1,-1,-1
515,3,802,15,207,284,1,-1,-1,-1
516,0,516,387,181,568,1,-1,-1,-1
516,3,802,15,207,284,1,-1,-1,-1
517,0,516,420,144,491,1,-1,-1,-1
517,3,802,15,207,284,1,-1,-1,-1
518,0,516,420,144,491,1,-1,-1,-1
518,3,802,15,207,284,1,-1,-1,-1
519,0,516,420,144,491,1,-1,-1,-1
519,3,792,2,212,246,1,-1,-1,-1
520,0,516,420,144,491,1,-1,-1,-1
520,3,792,2,212,246,1,-1,-1,-1
521,0,516,420,144,491,1,-1,-1,-1
521,3,792,2,212,246,1,-1,-1,-1
522,3,792,2,212,246,1,-1,-1,-1
522,2,505,376,124,663,1,-1,-1,-1
523,3,792,2,212,246,1,-1,-1,-1
523,2,505,376,124,663,1,-1,-1,-1
524,3,792,2,212,246,1,-1,-1,-1
524,2,505,376,124,663,1,-1,-1,-1
525,3,748,2,212,246,1,-1,-1,-1
525,2,505,376,124,663,1,-1,-1,-1
526,3,748,2,212,246,1,-1,-1,-1
526,2,505,376,124,663,1,-1,-1,-1
527,3,748,2,212,246,1,-1,-1,-1
527,2,505,354,166,685,1,-1,-1,-1
528,3,748,2,212,246,1,-1,-1,-1
528,2,505,354,166,685,1,-1,-1,-1
529,3,748,2,212,246,1,-1,-1,-1
529,2,505,354,166,685,1,-1,-1,-1
530,3,748,2,212,246,1,-1,-1,-1
530,2,505,354,166,685,1,-1,-1,-1
531,3,748,2,212,246,1,-1,-1,-1
531,2,505,354,166,685,1,-1,-1,-1
532,3,748,2,212,246,1,-1,-1,-1
532,2,517,339,190,736,1,-1,-1,-1
533,3,748,2,212,246,1,-1,-1,-1
533,2,517,339,190,736,1,-1,-1,-1
534,3,748,2,212,246,1,-1,-1,-1
534,2,517,339,190,736,1,-1,-1,-1
535,3,748,2,212,246,1,-1,-1,-1
535,2,517,318,240,757,1,-1,-1,-1
536,3,748,2,212,246,1,-1,-1,-1
536,2,517,318,240,757,1,-1,-1,-1
537,3,748,2,212,246,1,-1,-1,-1
537,2,531,307,266,768,1,-1,-1,-1
538,3,748,2,212,246,1,-1,-1,-1
538,2,531,307,266,768,1,-1,-1,-1
539,3,748,2,212,246,1,-1,-1,-1
539,2,565,307,266,768,1,-1,-1,-1
540,3,748,2,212,246,1,-1,-1,-1
540,2,565,307,266,768,1,-1,-1,-1
541,3,748,2,162,198,1,-1,-1,-1
541,2,599,282,272,793,1,-1,-1,-1
542,3,748,2,162,198,1,-1,-1,-1
542,2,599,282,272,793,1,-1,-1,-1
543,3,748,2,162,198,1,-1,-1,-1
543,2,624,282,272,793,1,-1,-1,-1
544,3,748,2,162,198,1,-1,-1,-1
544,2,624,282,272,793,1,-1,-1,-1
545,3,748,2,162,198,1,-1,-1,-1
545,2,679,282,272,793,1,-1,-1,-1
546,3,748,2,162,198,1,-1,-1,-1
546,2,705,282,272,793,1,-1,-1,-1
547,3,748,2,162,198,1,-1,-1,-1
547,2,705,274,311,801,1,-1,-1,-1
548,3,748,2,162,198,1,-1,-1,-1
548,2,746,244,323,831,1,-1,-1,-1
549,3,748,2,162,198,1,-1,-1,-1
549,2,746,244,323,831,1,-1,-1,-1
550,3,748,2,162,198,1,-1,-1,-1
550,2,803,244,323,831,1,-1,-1,-1
551,3,706,2,162,198,1,-1,-1,-1
551,2,803,244,323,831,1,-1,-1,-1
552,3,706,2,162,198,1,-1,-1,-1
552,2,863,244,323,831,1,-1,-1,-1
553,3,706,2,162,198,1,-1,-1,-1
553,2,863,244,323,831,1,-1,-1,-1
554,3,706,2,162,198,1,-1,-1,-1
554,2,914,244,323,831,1,-1,-1,-1
555,3,706,2,162,198,1,-1,-1,-1
555,2,914,244,323,831,1,-1,-1,-1
556,3,706,2,162,198,1,-1,-1,-1
556,2,980,244,323,831,1,-1,-1,-1
557,3,706,2,162,198,1,-1,-1,-1
557,2,1017,244,323,831,1,-1,-1,-1
558,3,706,2,143,159,1,-1,-1,-1
558,2,1040,244,323,831,1,-1,-1,-1
559,3,706,2,143,159,1,-1,-1,-1
559,2,1064,244,323,831,1,-1,-1,-1
560,3,706,2,143,159,1,-1,-1,-1
560,2,1064,243,362,832,1,-1,-1,-1
561,3,706,2,143,159,1,-1,-1,-1
561,2,1106,243,362,832,1,-1,-1,-1
562,3,706,2,143,159,1,-1,-1,-1
562,2,1106,243,362,832,1,-1,-1,-1
563,3,706,2,143,159,1,-1,-1,-1
563,2,1153,243,362,832,1,-1,-1,-1
564,3,706,2,143,159,1,-1,-1,-1
564,2,1153,243,362,832,1,-1,-1,-1
565,3,706,2,143,159,1,-1,-1,-1
565,2,1153,243,362,832,1,-1,-1,-1
566,3,706,2,143,159,1,-1,-1,-1
566,2,1153,243,362,832,1,-1,-1,-1
567,3,706,2,143,159,1,-1,-1,-1
567,2,1153,243,362,832,1,-1,-1,-1
568,3,706,2,143,159,1,-1,-1,-1
568,2,1153,243,362,832,1,-1,-1,-1
568,4,508,439,60,517,1,-1,-1,-1
569,3,682,2,143,159,1,-1,-1,-1
569,2,1153,243,362,832,1,-1,-1,-1
569,4,508,439,60,517,1,-1,-1,-1
570,3,682,2,143,159,1,-1,-1,-1
570,2,1153,243,362,832,1,-1,-1,-1
570,4,508,421,93,535,1,-1,-1,-1
571,3,682,2,143,159,1,-1,-1,-1
571,2,1153,243,362,832,1,-1,-1,-1
571,4,508,421,93,535,1,-1,-1,-1
572,3,682,2,143,159,1,-1,-1,-1
572,2,1153,243,362,832,1,-1,-1,-1
572,4,508,421,93,535,1,-1,-1,-1
573,3,682,2,143,159,1,-1,-1,-1
573,2,1153,299,305,767,1,-1,-1,-1
573,4,508,421,93,535,1,-1,-1,-1
574,3,682,2,143,159,1,-1,-1,-1
574,2,1153,299,305,767,1,-1,-1,-1
574,4,508,399,106,557,1,-1,-1,-1
575,3,682,2,143,159,1,-1,-1,-1
575,2,1153,299,305,767,1,-1,-1,-1
575,4,508,399,106,557,1,-1,-1,-1
576,3,682,2,143,159,1,-1,-1,-1
576,2,1102,247,305,767,1,-1,-1,-1
576,4,508,399,106,557,1,-1,-1,-1
576,1,1509,448,79,440,1,-1,-1,-1
577,3,682,2,143,159,1,-1,-1,-1
577,2,1102,247,305,767,1,-1,-1,-1
577,4,508,399,106,557,1,-1,-1,-1
577,1,1509,448,79,440,1,-1,-1,-1
578,3,682,2,143,159,1,-1,-1,-1
578,2,1102,247,305,767,1,-1,-1,-1
578,4,508,375,135,581,1,-1,-1,-1
578,1,1531,420,79,440,1,-1,-1,-1
579,3,655,1,143,159,1,-1,-1,-1
579,2,1077,243,305,767,1,-1,-1,-1
579,4,508,375,135,581,1,-1,-1,-1
579,1,1531,440,97,420,1,-1,-1,-1
580,3,657,2,133,120,1,-1,-1,-1
580,2,1077,243,305,767,1,-1,-1,-1
580,4,508,375,135,581,1,-1,-1,-1
580,1,1531,440,97,420,1,-1,-1,-1
581,3,652,0,138,108,1,-1,-1,-1
581,2,1077,243,305,767,1,-1,-1,-1
581,4,508,375,135,581,1,-1,-1,-1
581,1,1531,440,128,420,1,-1,-1,-1
582,3,658,1,130,98,1,-1,-1,-1
582,2,1077,290,285,720,1,-1,-1,-1
582,4,508,349,163,670,1,-1,-1,-1
582,1,1531,440,128,420,1,-1,-1,-1
583,3,658,1,130,98,1,-1,-1,-1
583,2,1077,290,285,720,1,-1,-1,-1
583,4,508,349,163,670,1,-1,-1,-1
583,1,1540,440,128,420,1,-1,-1,-1
584,3,658,1,130,98,1,-1,-1,-1
584,2,1038,278,285,720,1,-1,-1,-1
584,4,508,349,163,670,1,-1,-1,-1
584,1,1540,440,128,420,1,-1,-1,-1
585,3,658,1,130,98,1,-1,-1,-1
585,2,1038,278,285,720,1,-1,-1,-1
585,4,508,349,177,717,1,-1,-1,-1
585,1,1553,440,128,420,1,-1,-1,-1
586,3,636,2,130,98,1,-1,-1,-1
586,2,1006,198,285,720,1,-1,-1,-1
586,4,508,349,177,717,1,-1,-1,-1
586,1,1553,440,128,420,1,-1,-1,-1
587,3,636,2,130,98,1,-1,-1,-1
587,2,1006,198,285,720,1,-1,-1,-1
587,4,508,349,177,717,1,-1,-1,-1
587,1,1581,440,132,405,1,-1,-1,-1
588,3,636,2,130,98,1,-1,-1,-1
588,2,1006,198,285,720,1,-1,-1,-1
588,4,508,324,225,742,1,-1,-1,-1
588,1,1581,440,132,405,1,-1,-1,-1
589,3,636,2,130,98,1,-1,-1,-1
589,2,1006,198,242,639,1,-1,-1,-1
589,4,508,324,225,742,1,-1,-1,-1
589,1,1601,440,132,405,1,-1,-1,-1
590,3,636,2,130,98,1,-1,-1,-1
590,2,1006,198,242,639,1,-1,-1,-1
590,4,508,324,225,742,1,-1,-1,-1
590,1,1601,440,132,405,1,-1,-1,-1
591,3,636,2,109,87,1,-1,-1,-1
591,2,1006,198,242,639,1,-1,-1,-1
591,4,508,309,286,757,1,-1,-1,-1
591,1,1627,440,132,405,1,-1,-1,-1
592,3,636,2,109,87,1,-1,-1,-1
592,2,1006,198,242,639,1,-1,-1,-1
592,4,508,309,286,757,1,-1,-1,-1
592,1,1627,440,132,405,1,-1,-1,-1
593,3,636,2,109,87,1,-1,-1,-1
593,2,963,180,242,639,1,-1,-1,-1
593,4,508,309,286,757,1,-1,-1,-1
593,1,1627,440,157,397,1,-1,-1,-1
594,3,636,2,109,87,1,-1,-1,-1
594,2,934,180,238,255,1,-1,-1,-1
594,4,508,309,286,757,1,-1,-1,-1
594,1,1627,440,157,397,1,-1,-1,-1
595,3,636,2,109,87,1,-1,-1,-1
595,2,934,180,238,255,1,-1,-1,-1
595,4,508,309,286,757,1,-1,-1,-1
595,1,1627,440,157,397,1,-1,-1,-1
596,3,636,2,109,87,1,-1,-1,-1
596,2,911,137,238,255,1,-1,-1,-1
596,4,508,282,313,784,1,-1,-1,-1
596,1,1627,440,157,397,1,-1,-1,-1
597,3,636,2,109,87,1,-1,-1,-1
597,2,911,137,238,255,1,-1,-1,-1
597,4,508,282,313,784,1,-1,-1,-1
597,1,1627,440,157,397,1,-1,-1,-1
598,3,604,2,109,87,1,-1,-1,-1
598,2,911,137,238,255,1,-1,-1,-1
598,4,554,258,313,816,1,-1,-1,-1
598,1,1694,440,112,372,1,-1,-1,-1
599,3,604,2,109,87,1,-1,-1,-1
599,2,911,137,238,255,1,-1,-1,-1
599,4,554,258,313,816,1,-1,-1,-1
599,1,1694,440,112,372,1,-1,-1,-1
600,3,604,2,109,87,1,-1,-1,-1
600,2,911,137,238,255,1,-1,-1,-1
600,4,554,258,313,816,1,-1,-1,-1
600,1,1694,440,139,377,1,-1,-1,-1
601,3,604,2,109,87,1,-1,-1,-1
601,2,865,125,238,255,1,-1,-1,-1
601,4,621,258,313,816,1,-1,-1,-1
601,1,1694,440,139,377,1,-1,-1,-1
602,3,604,2,109,87,1,-1,-1,-1
602,2,865,125,238,255,1,-1,-1,-1
602,4,621,258,313,816,1,-1,-1,-1
602,1,1730,440,124,382,1,-1,-1,-1
603,3,604,2,109,87,1,-1,-1,-1
603,2,865,125,238,255,1,-1,-1,-1
603,4,661,216,313,858,1,-1,-1,-1
603,1,1730,440,124,382,1,-1,-1,-1
604,3,604,2,109,87,1,-1,-1,-1
604,2,865,125,238,255,1,-1,-1,-1
604,4,661,216,313,858,1,-1,-1,-1
604,1,1730,440,124,382,1,-1,-1,-1
605,3,604,2,109,87,1,-1,-1,-1
605,2,839,89,238,255,1,-1,-1,-1
605,4,731,216,313,858,1,-1,-1,-1
605,1,1730,440,124,382,1,-1,-1,-1
606,3,604,2,109,87,1,-1,-1,-1
606,2,839,89,238,255,1,-1,-1,-1
606,4,731,216,313,858,1,-1,-1,-1
606,1,1743,441,124,382,1,-1,-1,-1
607,3,604,2,109,87,1,-1,-1,-1
607,2,839,89,238,255,1,-1,-1,-1
607,4,731,205,386,869,1,-1,-1,-1
607,1,1743,441,124,382,1,-1,-1,-1
608,3,604,2,109,87,1,-1,-1,-1
608,2,820,47,238,255,1,-1,-1,-1
608,4,731,205,386,869,1,-1,-1,-1
608,1,1773,442,124,382,1,-1,-1,-1
609,3,639,2,109,87,1,-1,-1,-1
609,2,820,47,238,255,1,-1,-1,-1
609,4,796,205,386,869,1,-1,-1,-1
609,1,1773,442,124,382,1,-1,-1,-1
610,3,639,2,109,87,1,-1,-1,-1
610,2,820,47,238,255,1,-1,-1,-1
610,4,796,205,386,869,1,-1,-1,-1
610,1,1773,442,124,382,1,-1,-1,-1
611,3,639,2,109,87,1,-1,-1,-1
611,2,809,70,181,204,1,-1,-1,-1
611,4,896,177,311,897,1,-1,-1,-1
611,1,1809,436,109,381,1,-1,-1,-1
612,3,639,2,109,87,1,-1,-1,-1
612,2,809,70,181,204,1,-1,-1,-1
612,4,896,177,311,897,1,-1,-1,-1
612,1,1809,436,109,381,1,-1,-1,-1
613,3,639,2,109,87,1,-1,-1,-1
613,2,780,63,181,204,1,-1,-1,-1
613,4,934,177,311,897,1,-1,-1,-1
613,1,1809,436,109,381,1,-1,-1,-1
614,3,639,2,109,87,1,-1,-1,-1
614,2,780,63,181,204,1,-1,-1,-1
614,4,973,163,461,911,1,-1,-1,-1
614,1,1809,436,109,381,1,-1,-1,-1
615,3,639,2,109,87,1,-1,-1,-1
615,2,752,44,181,204,1,-1,-1,-1
615,4,973,163,461,911,1,-1,-1,-1
615,1,1835,436,83,337,1,-1,-1,-1
616,3,679,2,90,109,1,-1,-1,-1
616,2,752,44,181,204,1,-1,-1,-1
616,4,1042,163,461,911,1,-1,-1,-1
616,1,1835,436,83,337,1,-1,-1,-1
617,3,679,2,90,109,1,-1,-1,-1
617,2,740,18,181,204,1,-1,-1,-1
617,4,1042,163,461,911,1,-1,-1,-1
617,1,1835,436,83,337,1,-1,-1,-1
618,3,679,2,90,109,1,-1,-1,-1
618,2,740,18,181,204,1,-1,-1,-1
618,4,1042,163,493,911,1,-1,-1,-1
618,1,1835,436,83,337,1,-1,-1,-1
619,3,679,2,90,109,1,-1,-1,-1
619,2,740,18,181,204,1,-1,-1,-1
619,4,1042,163,493,911,1,-1,-1,-1
620,3,679,2,90,109,1,-1,-1,-1
620,2,740,18,181,204,1,-1,-1,-1
620,4,1109,194,428,878,1,-1,-1,-1
621,3,679,2,90,109,1,-1,-1,-1
621,2,740,18,181,204,1,-1,-1,-1
621,4,1109,194,428,878,1,-1,-1,-1
622,3,679,2,90,109,1,-1,-1,-1
622,2,740,18,181,204,1,-1,-1,-1
622,4,1109,194,428,878,1,-1,-1,-1
623,3,679,2,90,109,1,-1,-1,-1
623,2,740,18,181,204,1,-1,-1,-1
623,4,1109,194,428,878,1,-1,-1,-1
624,3,679,2,90,109,1,-1,-1,-1
624,2,740,25,155,197,1,-1,-1,-1
624,4,1109,194,428,878,1,-1,-1,-1
625,3,679,2,90,109,1,-1,-1,-1
625,2,740,25,155,197,1,-1,-1,-1
625,4,1109,194,428,878,1,-1,-1,-1
626,2,721,10,155,197,1,-1,-1,-1
626,4,1109,194,428,878,1,-1,-1,-1
627,2,721,10,155,197,1,-1,-1,-1
627,4,1109,194,428,878,1,-1,-1,-1
628,2,721,10,155,197,1,-1,-1,-1
628,4,1177,194,428,878,1,-1,-1,-1
629,2,721,10,155,197,1,-1,-1,-1
629,4,1177,194,428,878,1,-1,-1,-1
630,2,708,2,155,197,1,-1,-1,-1
630,4,1177,194,428,878,1,-1,-1,-1
631,2,708,2,155,197,1,-1,-1,-1
631,4,1177,194,428,878,1,-1,-1,-1
632,2,708,2,155,197,1,-1,-1,-1
632,4,1177,194,428,878,1,-1,-1,-1
633,2,708,2,155,197,1,-1,-1,-1
633,4,1177,194,428,878,1,-1,-1,-1
634,2,708,2,155,197,1,-1,-1,-1
634,4,1158,275,356,786,1,-1,-1,-1
635,2,681,0,155,150,1,-1,-1,-1
635,4,1158,275,356,786,1,-1,-1,-1
636,2,681,0,155,150,1,-1,-1,-1
636,4,1158,275,356,786,1,-1,-1,-1
637,2,681,0,155,150,1,-1,-1,-1
637,4,1158,275,356,786,1,-1,-1,-1
638,2,681,0,155,150,1,-1,-1,-1
638,4,1158,275,356,786,1,-1,-1,-1
639,2,647,1,155,150,1,-1,-1,-1
639,4,1103,274,356,786,1,-1,-1,-1
640,2,647,1,155,150,1,-1,-1,-1
640,4,1103,274,356,786,1,-1,-1,-1
641,2,647,1,155,150,1,-1,-1,-1
641,4,1103,274,356,786,1,-1,-1,-1
642,2,647,1,155,150,1,-1,-1,-1
642,4,1103,274,356,786,1,-1,-1,-1
643,2,647,1,155,150,1,-1,-1,-1
643,4,1055,248,356,786,1,-1,-1,-1
644,2,647,1,155,150,1,-1,-1,-1
644,4,1055,248,356,786,1,-1,-1,-1
645,4,1055,248,356,786,1,-1,-1,-1
646,4,1055,248,356,786,1,-1,-1,-1
647,4,1030,234,356,786,1,-1,-1,-1
648,4,1030,234,356,786,1,-1,-1,-1
649,4,1030,234,356,786,1,-1,-1,-1
650,4,1030,234,300,705,1,-1,-1,-1
651,4,991,209,300,705,1,-1,-1,-1
652,4,991,209,300,705,1,-1,-1,-1
653,4,991,209,300,705,1,-1,-1,-1
654,4,991,209,300,705,1,-1,-1,-1
655,4,970,200,300,705,1,-1,-1,-1
656,4,970,200,300,705,1,-1,-1,-1
657,4,970,154,300,751,1,-1,-1,-1
658,4,970,154,300,751,1,-1,-1,-1
659,4,931,154,276,359,1,-1,-1,-1
660,4,931,154,276,359,1,-1,-1,-1
661,4,931,154,276,359,1,-1,-1,-1
662,4,931,154,276,359,1,-1,-1,-1
663,4,931,154,276,359,1,-1,-1,-1
664,4,931,154,276,359,1,-1,-1,-1
665,4,931,154,276,359,1,-1,-1,-1
666,4,905,100,276,359,1,-1,-1,-1
667,4,905,100,276,359,1,-1,-1,-1
668,4,905,100,276,359,1,-1,-1,-1
669,4,905,100,276,359,1,-1,-1,-1
670,4,905,100,276,359,1,-1,-1,-1
671,4,905,100,276,359,1,-1,-1,-1
672,4,905,100,223,308,1,-1,-1,-1
673,4,905,100,223,308,1,-1,-1,-1
674,4,885,54,223,308,1,-1,-1,-1
675,4,885,54,223,308,1,-1,-1,-1
676,4,885,54,223,308,1,-1,-1,-1
677,4,885,54,223,308,1,-1,-1,-1
678,4,856,54,293,318,1,-1,-1,-1
679,4,856,54,293,318,1,-1,-1,-1
680,4,856,54,293,318,1,-1,-1,-1
681,4,856,54,293,318,1,-1,-1,-1
682,4,856,54,293,318,1,-1,-1,-1
683,4,856,54,210,280,1,-1,-1,-1
684,4,856,54,210,280,1,-1,-1,-1
685,4,856,54,210,280,1,-1,-1,-1
686,4,856,54,210,280,1,-1,-1,-1
687,4,856,54,210,280,1,-1,-1,-1
688,4,819,42,210,280,1,-1,-1,-1
689,4,819,42,210,280,1,-1,-1,-1
689,3,730,1,63,165,1,-1,-1,-1
690,4,819,42,210,280,1,-1,-1,-1
690,3,730,1,63,165,1,-1,-1,-1
691,4,819,42,210,280,1,-1,-1,-1
691,3,730,1,63,165,1,-1,-1,-1
692,4,819,42,210,280,1,-1,-1,-1
692,3,703,1,90,152,1,-1,-1,-1
693,4,819,42,210,280,1,-1,-1,-1
693,3,703,1,90,152,1,-1,-1,-1
694,4,819,42,210,280,1,-1,-1,-1
694,3,703,1,90,152,1,-1,-1,-1
695,4,795,42,234,261,1,-1,-1,-1
695,3,703,1,90,152,1,-1,-1,-1
696,4,795,42,234,261,1,-1,-1,-1
696,3,681,1,94,135,1,-1,-1,-1
697,4,795,42,234,261,1,-1,-1,-1
697,3,681,1,94,135,1,-1,-1,-1
698,4,795,42,234,261,1,-1,-1,-1
698,3,681,1,94,135,1,-1,-1,-1
699,4,795,42,234,261,1,-1,-1,-1
699,3,681,1,94,135,1,-1,-1,-1
700,4,795,42,234,261,1,-1,-1,-1
700,3,681,1,94,135,1,-1,-1,-1
701,4,772,6,191,253,1,-1,-1,-1
701,3,681,1,94,135,1,-1,-1,-1
702,4,772,6,191,253,1,-1,-1,-1
703,4,772,6,191,253,1,-1,-1,-1
704,4,772,6,191,253,1,-1,-1,-1
705,4,746,3,191,253,1,-1,-1,-1
706,4,746,3,191,253,1,-1,-1,-1
707,4,746,3,191,253,1,-1,-1,-1
708,4,746,3,191,253,1,-1,-1,-1
709,4,746,3,191,253,1,-1,-1,-1
710,4,746,3,191,253,1,-1,-1,-1
710,1,1689,156,226,921,1,-1,-1,-1
711,4,746,3,191,253,1,-1,-1,-1
711,1,1689,156,226,921,1,-1,-1,-1
712,4,746,3,191,253,1,-1,-1,-1
712,1,1689,156,226,921,1,-1,-1,-1
713,4,746,3,191,253,1,-1,-1,-1
713,1,1689,156,226,921,1,-1,-1,-1
714,4,746,3,191,253,1,-1,-1,-1
714,1,1689,156,226,921,1,-1,-1,-1
715,4,746,3,191,253,1,-1,-1,-1
715,1,1689,114,226,963,1,-1,-1,-1
716,4,746,3,191,253,1,-1,-1,-1
716,1,1617,114,298,963,1,-1,-1,-1
717,4,730,3,167,180,1,-1,-1,-1
717,1,1617,114,298,963,1,-1,-1,-1
718,4,730,3,167,180,1,-1,-1,-1
718,1,1554,114,348,963,1,-1,-1,-1
719,4,730,3,167,180,1,-1,-1,-1
719,1,1554,114,348,963,1,-1,-1,-1
720,4,730,3,167,180,1,-1,-1,-1
720,1,1472,113,348,963,1,-1,-1,-1
721,4,730,3,167,180,1,-1,-1,-1
721,1,1472,113,348,963,1,-1,-1,-1
722,4,730,3,167,180,1,-1,-1,-1
722,1,1374,113,348,963,1,-1,-1,-1
723,4,730,3,167,180,1,-1,-1,-1
723,1,1374,113,348,963,1,-1,-1,-1
724,4,696,3,201,180,1,-1,-1,-1
724,1,1291,113,348,963,1,-1,-1,-1
725,4,696,3,201,180,1,-1,-1,-1
725,1,1291,113,348,963,1,-1,-1,-1
726,4,696,3,201,180,1,-1,-1,-1
726,1,1213,113,348,963,1,-1,-1,-1
727,4,696,3,201,180,1,-1,-1,-1
727,1,1213,113,348,963,1,-1,-1,-1
728,4,696,3,201,180,1,-1,-1,-1
728,1,1142,113,348,963,1,-1,-1,-1
729,4,696,3,201,180,1,-1,-1,-1
729,1,1142,113,348,963,1,-1,-1,-1
730,4,696,3,201,180,1,-1,-1,-1
730,1,1050,113,348,963,1,-1,-1,-1
731,4,696,3,201,180,1,-1,-1,-1
731,1,1050,113,348,963,1,-1,-1,-1
732,4,696,3,201,180,1,-1,-1,-1
732,1,957,113,348,963,1,-1,-1,-1
733,4,696,3,149,153,1,-1,-1,-1
733,1,957,113,348,963,1,-1,-1,-1
734,4,696,3,149,153,1,-1,-1,-1
734,1,878,158,377,920,1,-1,-1,-1
735,4,696,3,149,153,1,-1,-1,-1
735,1,802,158,453,920,1,-1,-1,-1
736,4,696,3,149,153,1,-1,-1,-1
736,1,762,158,453,920,1,-1,-1,-1
737,4,696,3,149,153,1,-1,-1,-1
737,1,762,158,453,920,1,-1,-1,-1
738,4,696,3,149,153,1,-1,-1,-1
738,1,710,203,453,875,1,-1,-1,-1
739,4,696,3,149,153,1,-1,-1,-1
739,1,710,203,453,875,1,-1,-1,-1
740,4,696,3,149,153,1,-1,-1,-1
740,1,710,203,401,875,1,-1,-1,-1
741,4,696,3,149,153,1,-1,-1,-1
741,1,710,203,401,875,1,-1,-1,-1
742,4,696,3,149,153,1,-1,-1,-1
742,1,710,203,401,875,1,-1,-1,-1
743,4,661,3,149,153,1,-1,-1,-1
743,1,710,203,333,875,1,-1,-1,-1
744,4,661,3,149,153,1,-1,-1,-1
744,1,710,203,333,875,1,-1,-1,-1
745,4,661,3,149,153,1,-1,-1,-1
745,1,710,203,333,875,1,-1,-1,-1
746,4,661,3,149,153,1,-1,-1,-1
746,1,653,263,333,815,1,-1,-1,-1
747,4,661,3,149,102,1,-1,-1,-1
747,1,653,263,333,815,1,-1,-1,-1
748,4,661,3,149,102,1,-1,-1,-1
748,1,653,263,333,815,1,-1,-1,-1
749,4,661,3,149,102,1,-1,-1,-1
749,1,653,263,333,815,1,-1,-1,-1
750,4,661,3,149,102,1,-1,-1,-1
750,1,610,296,291,782,1,-1,-1,-1
751,4,661,3,149,102,1,-1,-1,-1
751,1,610,296,291,782,1,-1,-1,-1
752,4,661,3,113,94,1,-1,-1,-1
752,1,610,296,291,782,1,-1,-1,-1
753,4,661,3,113,94,1,-1,-1,-1
753,1,569,296,291,782,1,-1,-1,-1
754,4,661,3,113,94,1,-1,-1,-1
754,1,569,296,291,782,1,-1,-1,-1
755,4,661,3,113,94,1,-1,-1,-1
755,1,569,296,291,782,1,-1,-1,-1
756,4,661,3,113,94,1,-1,-1,-1
756,1,569,296,291,782,1,-1,-1,-1
757,4,661,3,113,94,1,-1,-1,-1
757,1,569,296,291,782,1,-1,-1,-1
758,4,661,3,113,94,1,-1,-1,-1
758,1,569,296,291,782,1,-1,-1,-1
759,4,661,3,113,94,1,-1,-1,-1
759,1,569,364,254,714,1,-1,-1,-1
760,4,661,3,113,94,1,-1,-1,-1
760,1,569,364,254,714,1,-1,-1,-1
761,4,661,3,113,94,1,-1,-1,-1
761,1,569,364,254,714,1,-1,-1,-1
762,4,661,3,113,94,1,-1,-1,-1
762,1,528,364,254,671,1,-1,-1,-1
763,4,661,3,113,94,1,-1,-1,-1
763,1,528,364,254,671,1,-1,-1,-1
764,4,661,3,113,94,1,-1,-1,-1
764,1,528,364,254,671,1,-1,-1,-1
765,4,661,3,113,94,1,-1,-1,-1
765,1,528,364,254,671,1,-1,-1,-1
766,4,661,3,113,94,1,-1,-1,-1
766,1,528,364,254,671,1,-1,-1,-1
767,4,661,3,113,94,1,-1,-1,-1
767,1,528,364,214,644,1,-1,-1,-1
768,4,661,3,113,94,1,-1,-1,-1
768,1,528,364,214,644,1,-1,-1,-1
769,4,661,3,113,94,1,-1,-1,-1
769,1,528,364,214,644,1,-1,-1,-1
770,4,661,3,113,94,1,-1,-1,-1
770,1,504,401,194,569,1,-1,-1,-1
771,4,661,3,113,94,1,-1,-1,-1
771,1,504,401,194,569,1,-1,-1,-1
772,4,661,3,113,94,1,-1,-1,-1
772,1,504,401,194,569,1,-1,-1,-1
773,4,661,3,113,94,1,-1,-1,-1
773,1,504,401,194,569,1,-1,-1,-1
774,4,661,3,113,94,1,-1,-1,-1
774,1,504,401,194,569,1,-1,-1,-1
775,4,661,3,113,94,1,-1,-1,-1
775,1,504,401,194,569,1,-1,-1,-1
776,4,661,3,113,94,1,-1,-1,-1
776,1,504,401,194,569,1,-1,-1,-1
777,4,661,3,113,94,1,-1,-1,-1
777,1,504,401,194,569,1,-1,-1,-1
778,4,661,3,113,94,1,-1,-1,-1
778,1,504,401,194,569,1,-1,-1,-1
779,4,682,2,113,94,1,-1,-1,-1
779,1,504,401,164,569,1,-1,-1,-1
780,4,682,2,113,94,1,-1,-1,-1
780,1,504,401,164,569,1,-1,-1,-1
781,4,682,2,113,94,1,-1,-1,-1
781,1,504,401,164,569,1,-1,-1,-1
782,4,721,2,74,137,1,-1,-1,-1
782,1,504,401,164,569,1,-1,-1,-1
783,4,721,2,74,137,1,-1,-1,-1
783,1,504,401,164,569,1,-1,-1,-1
784,4,721,2,74,137,1,-1,-1,-1
784,1,504,401,164,569,1,-1,-1,-1
785,4,721,2,74,137,1,-1,-1,-1
785,1,504,401,164,569,1,-1,-1,-1
786,1,504,401,150,509,1,-1,-1,-1
787,1,504,401,150,509,1,-1,-1,-1
788,1,504,401,150,509,1,-1,-1,-1
789,1,504,401,150,509,1,-1,-1,-1
790,1,504,401,150,509,1,-1,-1,-1
791,1,504,401,150,509,1,-1,-1,-1
792,1,504,401,150,509,1,-1,-1,-1
793,1,504,401,150,509,1,-1,-1,-1
794,1,504,401,150,509,1,-1,-1,-1
795,1,504,401,150,509,1,-1,-1,-1
796,1,504,401,150,509,1,-1,-1,-1
797,1,504,401,150,509,1,-1,-1,-1
798,1,504,401,106,462,1,-1,-1,-1
799,1,504,401,106,462,1,-1,-1,-1
800,1,504,401,106,462,1,-1,-1,-1
801,1,504,401,106,462,1,-1,-1,-1
802,1,504,401,106,462,1,-1,-1,-1
803,1,504,401,106,462,1,-1,-1,-1
804,1,504,401,106,462,1,-1,-1,-1
809,0,497,417,85,514,1,-1,-1,-1
810,0,497,417,85,514,1,-1,-1,-1
811,0,497,394,137,593,1,-1,-1,-1
812,0,497,394,137,593,1,-1,-1,-1
813,0,497,394,137,593,1,-1,-1,-1
813,3,658,26,58,65,1,-1,-1,-1
814,0,497,367,181,636,1,-1,-1,-1
814,3,658,26,58,65,1,-1,-1,-1
815,0,497,367,181,636,1,-1,-1,-1
815,3,658,12,58,65,1,-1,-1,-1
816,0,497,367,181,636,1,-1,-1,-1
816,3,658,12,58,65,1,-1,-1,-1
817,0,497,357,221,646,1,-1,-1,-1
817,3,658,12,58,65,1,-1,-1,-1
818,0,497,357,221,646,1,-1,-1,-1
818,3,658,12,58,65,1,-1,-1,-1
819,0,497,357,221,646,1,-1,-1,-1
819,3,656,7,60,70,1,-1,-1,-1
820,0,497,357,221,646,1,-1,-1,-1
820,3,656,7,60,70,1,-1,-1,-1
821,0,497,333,273,727,1,-1,-1,-1
821,3,651,2,60,70,1,-1,-1,-1
821,3,651,2,60,70,1,-1,-1,-1
822,0,497,333,273,727,1,-1,-1,-1
822,3,651,2,60,70,1,-1,-1,-1
823,0,497,333,273,727,1,-1,-1,-1
823,3,651,2,60,70,1,-1,-1,-1
824,0,497,301,289,759,1,-1,-1,-1
824,3,651,2,78,98,1,-1,-1,-1
825,0,497,301,289,759,1,-1,-1,-1
825,3,651,2,78,98,1,-1,-1,-1
826,0,523,292,311,784,1,-1,-1,-1
826,3,651,2,78,98,1,-1,-1,-1
827,0,523,292,311,784,1,-1,-1,-1
827,3,651,2,78,98,1,-1,-1,-1
828,0,523,292,311,784,1,-1,-1,-1
828,3,651,2,78,98,1,-1,-1,-1
829,0,568,259,328,817,1,-1,-1,-1
829,3,651,2,78,98,1,-1,-1,-1
830,0,568,259,328,817,1,-1,-1,-1
830,3,651,2,78,98,1,-1,-1,-1
830,4,750,2,52,167,1,-1,-1,-1
831,0,603,243,347,833,1,-1,-1,-1
831,3,651,2,78,98,1,-1,-1,-1
831,4,750,2,52,167,1,-1,-1,-1
832,0,603,243,347,833,1,-1,-1,-1
832,3,651,2,107,132,1,-1,-1,-1
832,4,737,2,65,154,1,-1,-1,-1
833,0,653,219,364,857,1,-1,-1,-1
833,3,651,2,107,132,1,-1,-1,-1
833,4,737,2,65,154,1,-1,-1,-1
834,0,653,219,364,857,1,-1,-1,-1
834,3,651,2,107,132,1,-1,-1,-1
834,4,737,2,65,154,1,-1,-1,-1
835,0,653,219,364,857,1,-1,-1,-1
835,3,651,2,107,132,1,-1,-1,-1
835,4,737,2,65,154,1,-1,-1,-1
836,0,737,190,384,886,1,-1,-1,-1
836,3,651,2,107,132,1,-1,-1,-1
836,4,727,0,65,154,1,-1,-1,-1
837,0,737,190,384,886,1,-1,-1,-1
837,3,651,2,107,132,1,-1,-1,-1
837,4,727,0,65,154,1,-1,-1,-1
