1016,1,1166,533,118,188,1,-1,-1,-1
1017,1,1159,533,126,188,1,-1,-1,-1
1018,1,1143,517,126,188,1,-1,-1,-1
1019,1,1127,496,152,217,1,-1,-1,-1
1020,1,1127,478,152,236,1,-1,-1,-1
1021,1,1127,478,152,236,1,-1,-1,-1
1022,1,1114,470,164,243,1,-1,-1,-1
1023,1,1114,470,164,243,1,-1,-1,-1
1024,1,1094,460,184,253,1,-1,-1,-1
1025,1,1094,460,184,253,1,-1,-1,-1
1026,1,1080,434,199,279,1,-1,-1,-1
1027,1,1080,434,199,279,1,-1,-1,-1
1028,1,1072,403,206,310,1,-1,-1,-1
1029,1,1072,395,185,465,1,-1,-1,-1
1030,1,1045,353,212,507,1,-1,-1,-1
1031,1,1045,353,212,539,1,-1,-1,-1
1032,1,1038,353,202,629,1,-1,-1,-1
1033,1,1028,353,202,629,1,-1,-1,-1
1034,1,966,353,254,629,1,-1,-1,-1
1035,1,966,353,254,629,1,-1,-1,-1
1036,1,939,353,254,629,1,-1,-1,-1
1037,1,939,353,254,629,1,-1,-1,-1
1038,1,939,353,254,629,1,-1,-1,-1
1039,1,939,353,254,629,1,-1,-1,-1
1040,1,939,338,209,644,1,-1,-1,-1
1041,1,939,338,209,644,1,-1,-1,-1
1042,1,903,338,244,644,1,-1,-1,-1
1043,1,903,307,244,675,1,-1,-1,-1
1044,1,903,307,228,675,1,-1,-1,-1
1045,1,903,307,228,675,1,-1,-1,-1
1046,1,903,279,228,703,1,-1,-1,-1
1047,1,870,279,262,703,1,-1,-1,-1
1048,1,870,243,262,739,1,-1,-1,-1
1049,1,870,243,262,739,1,-1,-1,-1
1050,1,870,215,262,768,1,-1,-1,-1
1051,1,870,215,262,768,1,-1,-1,-1
1052,1,870,215,262,768,1,-1,-1,-1
1053,1,848,192,284,792,1,-1,-1,-1
1054,1,848,192,284,792,1,-1,-1,-1
1055,1,848,159,304,826,1,-1,-1,-1
1056,1,848,159,304,826,1,-1,-1,-1
1057,1,848,117,310,867,1,-1,-1,-1
1057,1,848,117,310,867,1,-1,-1,-1
1058,1,848,117,310,867,1,-1,-1,-1
1059,1,848,73,360,912,1,-1,-1,-1
1060,1,838,73,370,912,1,-1,-1,-1
1061,1,838,48,373,937,1,-1,-1,-1
1062,1,838,48,373,937,1,-1,-1,-1
1063,1,838,31,476,954,1,-1,-1,-1
1064,1,838,31,476,954,1,-1,-1,-1
1065,1,832,16,491,974,1,-1,-1,-1
1066,1,875,4,457,1019,1,-1,-1,-1
1067,1,875,4,457,1019,1,-1,-1,-1
1068,1,896,5,457,998,1,-1,-1,-1
1069,1,896,5,457,998,1,-1,-1,-1
1070,1,896,5,457,998,1,-1,-1,-1
1071,1,958,5,411,998,1,-1,-1,-1
1072,1,958,5,411,998,1,-1,-1,-1
1073,1,969,5,411,998,1,-1,-1,-1
1074,1,969,5,411,998,1,-1,-1,-1
1075,1,987,5,411,998,1,-1,-1,-1
1076,1,987,5,465,998,1,-1,-1,-1
1077,1,987,5,465,998,1,-1,-1,-1
1078,1,987,5,503,998,1,-1,-1,-1
1079,1,987,5,549,1017,1,-1,-1,-1
1080,1,987,5,549,1017,1,-1,-1,-1
1081,1,987,5,672,1017,1,-1,-1,-1
1082,1,987,5,792,1017,1,-1,-1,-1
1083,1,987,5,877,1017,1,-1,-1,-1
1084,1,987,5,877,1017,1,-1,-1,-1
1085,1,1165,5,700,1017,1,-1,-1,-1
1086,1,1176,5,689,1017,1,-1,-1,-1
1087,1,1213,5,653,1017,1,-1,-1,-1
1088,1,1212,5,653,1017,1,-1,-1,-1
1089,1,1212,5,653,1017,1,-1,-1,-1
1090,1,1212,5,653,1017,1,-1,-1,-1
1091,1,1212,5,653,1017,1,-1,-1,-1
1092,1,1212,5,653,1017,1,-1,-1,-1
1093,1,1212,5,653,1017,1,-1,-1,-1
1094,1,1212,5,653,1017,1,-1,-1,-1
1095,1,1212,5,653,1017,1,-1,-1,-1
1096,1,1277,5,587,1017,1,-1,-1,-1
1097,1,1277,5,587,1017,1,-1,-1,-1
1098,1,1359,5,506,1017,1,-1,-1,-1
1099,1,1359,5,506,1017,1,-1,-1,-1
1100,1,1359,5,506,981,1,-1,-1,-1
1101,1,1359,5,506,981,1,-1,-1,-1
1102,1,1359,5,506,981,1,-1,-1,-1
1103,1,1359,5,506,981,1,-1,-1,-1
1104,1,1359,5,506,981,1,-1,-1,-1
1105,1,1359,5,506,981,1,-1,-1,-1
1106,1,1359,5,506,981,1,-1,-1,-1
1107,1,1359,5,506,981,1,-1,-1,-1
1108,1,1359,5,506,981,1,-1,-1,-1
1109,1,1328,5,532,991,1,-1,-1,-1
1110,1,1256,6,576,990,1,-1,-1,-1
1111,1,1230,6,576,990,1,-1,-1,-1
1112,1,1183,6,576,990,1,-1,-1,-1
1113,1,1183,6,471,990,1,-1,-1,-1
1114,1,1053,6,707,990,1,-1,-1,-1
1115,1,1053,6,601,990,1,-1,-1,-1
1116,1,961,6,692,990,1,-1,-1,-1
1117,1,961,6,692,990,1,-1,-1,-1
1118,1,961,6,692,990,1,-1,-1,-1
1119,1,961,6,645,990,1,-1,-1,-1
1120,1,946,6,660,1009,1,-1,-1,-1
1121,1,913,6,589,1002,1,-1,-1,-1
1122,1,872,6,515,1002,1,-1,-1,-1
1123,1,846,6,515,1002,1,-1,-1,-1
1124,1,849,6,487,1002,1,-1,-1,-1
1125,1,849,6,487,1002,1,-1,-1,-1
1126,1,849,6,487,1002,1,-1,-1,-1
1127,1,849,6,427,1002,1,-1,-1,-1
1128,1,849,6,427,1002,1,-1,-1,-1
1129,1,849,6,427,1002,1,-1,-1,-1
1130,1,849,6,399,1002,1,-1,-1,-1
1131,1,849,6,399,1002,1,-1,-1,-1
1132,1,849,6,399,1002,1,-1,-1,-1
1133,1,844,41,403,967,1,-1,-1,-1
1134,1,819,57,407,951,1,-1,-1,-1
1135,1,819,57,407,951,1,-1,-1,-1
1136,1,820,96,354,912,1,-1,-1,-1
1137,1,820,96,354,912,1,-1,-1,-1
1138,1,805,131,350,877,1,-1,-1,-1
1139,1,805,131,350,877,1,-1,-1,-1
1140,1,805,131,350,877,1,-1,-1,-1
1141,1,770,152,354,856,1,-1,-1,-1
1142,1,770,152,354,856,1,-1,-1,-1
1143,1,770,152,354,856,1,-1,-1,-1
1144,1,770,197,315,811,1,-1,-1,-1
1145,1,770,197,315,811,1,-1,-1,-1
1146,1,770,197,315,811,1,-1,-1,-1
1147,1,770,197,315,811,1,-1,-1,-1
1148,1,770,265,295,743,1,-1,-1,-1
1149,1,770,265,295,743,1,-1,-1,-1
1150,1,770,265,295,717,1,-1,-1,-1
1151,1,770,265,295,721,1,-1,-1,-1
1152,1,772,312,275,676,1,-1,-1,-1
1153,1,790,325,243,664,1,-1,-1,-1
1154,1,790,325,243,660,1,-1,-1,-1
1155,1,790,360,243,616,1,-1,-1,-1
1156,1,790,360,231,621,1,-1,-1,-1
1157,1,790,381,216,596,1,-1,-1,-1
1158,1,790,380,204,592,1,-1,-1,-1
1159,1,790,380,204,592,1,-1,-1,-1
1160,1,790,399,188,577,1,-1,-1,-1
1161,1,790,399,188,576,1,-1,-1,-1
1162,1,790,399,174,576,1,-1,-1,-1
1163,1,783,399,174,576,1,-1,-1,-1
1164,1,777,399,180,576,1,-1,-1,-1
1165,1,777,452,180,523,1,-1,-1,-1
1166,1,777,452,180,523,1,-1,-1,-1
1167,1,777,452,180,523,1,-1,-1,-1
1168,1,777,452,180,523,1,-1,-1,-1
1169,1,777,452,180,523,1,-1,-1,-1
1170,1,761,481,196,494,1,-1,-1,-1
1171,1,761,481,196,494,1,-1,-1,-1
1172,1,761,481,196,494,1,-1,-1,-1
1173,1,761,515,196,448,1,-1,-1,-1
1174,1,761,515,196,448,1,-1,-1,-1
1175,1,761,515,196,448,1,-1,-1,-1
1176,1,761,515,196,448,1,-1,-1,-1
1177,1,761,515,196,448,1,-1,-1,-1
1178,1,761,515,196,448,1,-1,-1,-1
1179,1,761,515,196,448,1,-1,-1,-1
1180,1,754,515,165,448,1,-1,-1,-1
1181,1,754,515,165,448,1,-1,-1,-1
1182,1,754,515,165,448,1,-1,-1,-1
1183,1,754,555,173,407,1,-1,-1,-1
1184,1,754,555,173,407,1,-1,-1,-1
1185,1,754,555,173,407,1,-1,-1,-1
1186,1,748,555,179,407,1,-1,-1,-1
1187,1,748,555,179,407,1,-1,-1,-1
1188,1,748,555,179,407,1,-1,-1,-1
1189,1,748,555,179,407,1,-1,-1,-1
1190,1,748,555,179,407,1,-1,-1,-1
1191,1,748,584,153,379,1,-1,-1,-1
1192,1,748,584,153,379,1,-1,-1,-1
1193,1,748,584,153,379,1,-1,-1,-1
1194,1,748,584,153,379,1,-1,-1,-1
1195,1,748,584,153,379,1,-1,-1,-1
1196,1,748,584,153,379,1,-1,-1,-1
1197,1,748,589,116,374,1,-1,-1,-1
1198,1,748,589,116,374,1,-1,-1,-1
1199,1,748,589,116,374,1,-1,-1,-1
1200,1,748,589,116,374,1,-1,-1,-1
1201,1,748,589,116,374,1,-1,-1,-1
1202,1,748,589,116,374,1,-1,-1,-1
1203,1,748,589,93,374,1,-1,-1,-1
1204,1,748,589,93,374,1,-1,-1,-1
1256,1,748,594,73,374,1,-1,-1,-1
1257,1,748,594,73,374,1,-1,-1,-1
1258,1,748,594,73,374,1,-1,-1,-1
1259,1,748,587,81,380,1,-1,-1,-1
1260,1,748,589,101,379,1,-1,-1,-1
1261,1,748,581,120,386,1,-1,-1,-1
1262,1,748,581,120,386,1,-1,-1,-1
1263,1,748,577,139,390,1,-1,-1,-1
1264,1,748,577,139,390,1,-1,-1,-1
1265,1,748,549,139,418,1,-1,-1,-1
1266,1,748,549,139,418,1,-1,-1,-1
1267,1,748,549,139,418,1,-1,-1,-1
1268,1,748,537,159,431,1,-1,-1,-1
1269,1,748,537,159,431,1,-1,-1,-1
1270,1,748,537,159,431,1,-1,-1,-1
1271,1,748,537,159,431,1,-1,-1,-1
1272,1,748,537,159,431,1,-1,-1,-1
1273,1,748,517,186,450,1,-1,-1,-1
1274,1,748,517,186,450,1,-1,-1,-1
1275,1,761,482,168,485,1,-1,-1,-1
1276,1,761,482,168,485,1,-1,-1,-1
1277,1,761,482,168,485,1,-1,-1,-1
1278,1,761,482,168,485,1,-1,-1,-1
1279,1,761,482,168,485,1,-1,-1,-1
1280,1,761,482,168,485,1,-1,-1,-1
1281,1,761,466,168,501,1,-1,-1,-1
1282,1,761,447,168,521,1,-1,-1,-1
1283,1,761,437,173,531,1,-1,-1,-1
1284,1,761,437,173,531,1,-1,-1,-1
1285,1,761,437,173,531,1,-1,-1,-1
1286,1,814,437,120,531,1,-1,-1,-1
1287,1,834,437,100,531,1,-1,-1,-1
1288,1,865,437,86,531,1,-1,-1,-1
1289,1,865,437,86,531,1,-1,-1,-1
1293,1,787,406,110,573,1,-1,-1,-1
1294,1,787,399,146,580,1,-1,-1,-1
1295,1,787,399,146,580,1,-1,-1,-1
1296,1,787,395,162,584,1,-1,-1,-1
1297,1,787,395,162,584,1,-1,-1,-1
1298,1,771,381,178,589,1,-1,-1,-1
1299,1,771,381,178,589,1,-1,-1,-1
1300,1,771,381,178,589,1,-1,-1,-1
1301,1,771,381,186,589,1,-1,-1,-1
1302,1,771,381,186,589,1,-1,-1,-1
1303,1,758,360,200,610,1,-1,-1,-1
1304,1,745,350,212,619,1,-1,-1,-1
1305,1,745,350,212,619,1,-1,-1,-1
1306,1,745,350,212,619,1,-1,-1,-1
1307,1,724,334,223,635,1,-1,-1,-1
1308,1,724,334,223,635,1,-1,-1,-1
1309,1,700,297,248,672,1,-1,-1,-1
1310,1,700,297,248,672,1,-1,-1,-1
1311,1,700,297,226,672,1,-1,-1,-1
1312,1,700,297,204,672,1,-1,-1,-1
1313,1,700,297,204,672,1,-1,-1,-1
1314,1,656,297,216,672,1,-1,-1,-1
1315,1,624,297,279,672,1,-1,-1,-1
1316,1,625,297,237,672,1,-1,-1,-1
1317,1,624,394,237,576,1,-1,-1,-1
1322,1,496,305,154,644,1,-1,-1,-1
1323,1,418,295,248,654,1,-1,-1,-1
1324,1,386,295,280,654,1,-1,-1,-1
1325,1,386,295,280,654,1,-1,-1,-1
1326,1,386,295,280,654,1,-1,-1,-1
1327,1,386,295,280,654,1,-1,-1,-1
1328,1,386,295,280,654,1,-1,-1,-1
1329,1,386,295,280,654,1,-1,-1,-1
1330,1,344,295,275,654,1,-1,-1,-1
1331,1,344,295,275,654,1,-1,-1,-1
1332,1,344,295,242,654,1,-1,-1,-1
1333,1,344,295,242,654,1,-1,-1,-1
1334,1,344,295,242,654,1,-1,-1,-1
1335,1,344,295,212,654,1,-1,-1,-1
1336,1,344,295,212,654,1,-1,-1,-1
1337,1,344,332,197,617,1,-1,-1,-1
1338,1,344,332,197,585,1,-1,-1,-1
1339,1,344,332,197,585,1,-1,-1,-1
1340,1,344,332,197,585,1,-1,-1,-1
1341,1,344,332,197,585,1,-1,-1,-1
1342,1,344,350,152,566,1,-1,-1,-1
1343,1,344,350,152,566,1,-1,-1,-1
1344,1,344,350,152,566,1,-1,-1,-1
1497,1,343,349,142,579,1,-1,-1,-1
1498,1,360,349,138,579,1,-1,-1,-1
1499,1,364,362,139,566,1,-1,-1,-1
1500,1,344,362,157,566,1,-1,-1,-1
1501,1,344,349,160,579,1,-1,-1,-1
1502,1,344,349,183,579,1,-1,-1,-1
745,2,1187,536,102,173,1,-1,-1,-1
746,2,1187,536,94,173,1,-1,-1,-1
747,2,1170,519,111,189,1,-1,-1,-1
748,2,1162,505,120,204,1,-1,-1,-1
749,2,1151,489,130,220,1,-1,-1,-1
750,2,1139,479,142,230,1,-1,-1,-1
751,2,1129,464,152,244,1,-1,-1,-1
752,2,1129,464,152,244,1,-1,-1,-1
753,2,1122,457,159,252,1,-1,-1,-1
754,2,1106,448,172,348,1,-1,-1,-1
755,2,1101,448,178,332,1,-1,-1,-1
756,2,1086,432,174,349,1,-1,-1,-1
757,2,1083,413,165,373,1,-1,-1,-1
758,2,1070,405,174,378,1,-1,-1,-1
759,2,1061,391,169,473,1,-1,-1,-1
760,2,1044,379,178,490,1,-1,-1,-1
761,2,1033,379,179,586,1,-1,-1,-1
762,2,1018,378,179,601,1,-1,-1,-1
763,2,979,378,218,601,1,-1,-1,-1
764,2,956,378,212,601,1,-1,-1,-1
765,2,956,378,197,601,1,-1,-1,-1
766,2,956,378,185,601,1,-1,-1,-1
767,2,956,378,185,601,1,-1,-1,-1
768,2,949,378,160,601,1,-1,-1,-1
769,2,921,377,157,601,1,-1,-1,-1
770,2,864,378,205,601,1,-1,-1,-1
771,2,816,378,253,601,1,-1,-1,-1
772,2,801,377,253,601,1,-1,-1,-1
773,2,801,377,253,601,1,-1,-1,-1
774,2,801,377,253,601,1,-1,-1,-1
775,2,801,378,217,601,1,-1,-1,-1
776,2,801,389,188,590,1,-1,-1,-1
777,2,801,391,196,587,1,-1,-1,-1
778,2,785,395,196,584,1,-1,-1,-1
779,2,785,402,196,576,1,-1,-1,-1
780,2,779,406,196,573,1,-1,-1,-1
781,2,779,417,196,561,1,-1,-1,-1
782,2,772,426,196,553,1,-1,-1,-1
783,2,770,437,196,540,1,-1,-1,-1
784,2,770,437,196,540,1,-1,-1,-1
785,2,770,437,196,540,1,-1,-1,-1
786,2,770,437,196,540,1,-1,-1,-1
787,2,770,437,196,540,1,-1,-1,-1
788,2,770,466,196,511,1,-1,-1,-1
789,2,771,476,196,501,1,-1,-1,-1
790,2,771,476,196,501,1,-1,-1,-1
791,2,786,486,181,491,1,-1,-1,-1
792,2,786,486,181,491,1,-1,-1,-1
793,2,797,507,170,470,1,-1,-1,-1
794,2,797,507,170,470,1,-1,-1,-1
795,2,797,507,170,470,1,-1,-1,-1
796,2,797,507,170,470,1,-1,-1,-1
797,2,818,527,149,450,1,-1,-1,-1
798,2,818,527,149,450,1,-1,-1,-1
799,2,818,527,149,450,1,-1,-1,-1
800,2,818,527,149,450,1,-1,-1,-1
801,2,834,544,133,433,1,-1,-1,-1
802,2,834,544,133,433,1,-1,-1,-1
803,2,834,544,133,433,1,-1,-1,-1
804,2,834,544,133,433,1,-1,-1,-1
805,2,835,566,132,411,1,-1,-1,-1
805,2,835,566,132,411,1,-1,-1,-1
806,2,835,566,132,411,1,-1,-1,-1
807,2,825,565,132,411,1,-1,-1,-1
808,2,821,574,132,396,1,-1,-1,-1
809,2,801,577,152,392,1,-1,-1,-1
810,2,801,577,152,392,1,-1,-1,-1
811,2,791,577,162,392,1,-1,-1,-1
812,2,786,577,167,392,1,-1,-1,-1
813,2,779,590,174,380,1,-1,-1,-1
814,2,779,590,174,380,1,-1,-1,-1
815,2,779,590,138,380,1,-1,-1,-1
816,2,779,594,132,370,1,-1,-1,-1
817,2,772,594,132,370,1,-1,-1,-1
818,2,769,600,132,364,1,-1,-1,-1
819,2,769,600,132,364,1,-1,-1,-1
820,2,761,613,130,350,1,-1,-1,-1
821,2,761,613,130,350,1,-1,-1,-1
822,2,761,613,130,350,1,-1,-1,-1
823,2,761,638,143,326,1,-1,-1,-1
824,2,761,638,143,326,1,-1,-1,-1
825,2,761,654,154,310,1,-1,-1,-1
825,2,761,654,154,310,1,-1,-1,-1
826,2,761,664,165,300,1,-1,-1,-1
827,2,761,664,165,300,1,-1,-1,-1
828,2,761,679,178,285,1,-1,-1,-1
829,2,761,679,178,285,1,-1,-1,-1
830,2,769,692,183,271,1,-1,-1,-1
831,2,769,692,183,271,1,-1,-1,-1
832,2,788,692,163,271,1,-1,-1,-1
833,2,788,692,163,271,1,-1,-1,-1
834,2,788,692,163,271,1,-1,-1,-1
835,2,788,692,163,271,1,-1,-1,-1
836,2,788,675,163,289,1,-1,-1,-1
837,2,788,675,163,289,1,-1,-1,-1
838,2,788,675,163,289,1,-1,-1,-1
839,2,788,675,163,289,1,-1,-1,-1
840,2,788,675,163,289,1,-1,-1,-1
841,2,788,660,163,304,1,-1,-1,-1
842,2,788,660,163,304,1,-1,-1,-1
843,2,788,660,163,304,1,-1,-1,-1
844,2,788,660,163,304,1,-1,-1,-1
845,2,788,660,163,304,1,-1,-1,-1
846,2,788,660,163,304,1,-1,-1,-1
847,2,788,660,163,304,1,-1,-1,-1
848,2,788,660,163,304,1,-1,-1,-1
849,2,788,660,163,304,1,-1,-1,-1
850,2,788,660,163,304,1,-1,-1,-1
851,2,788,660,163,304,1,-1,-1,-1
852,2,788,660,163,304,1,-1,-1,-1
853,2,788,660,163,304,1,-1,-1,-1
854,2,788,660,163,304,1,-1,-1,-1
855,2,788,660,163,304,1,-1,-1,-1
856,2,788,660,163,304,1,-1,-1,-1
857,2,788,660,163,304,1,-1,-1,-1
858,2,788,660,163,304,1,-1,-1,-1
859,2,788,660,163,304,1,-1,-1,-1
860,2,788,660,163,304,1,-1,-1,-1
861,2,788,660,163,304,1,-1,-1,-1
862,2,788,660,163,304,1,-1,-1,-1
863,2,788,647,163,317,1,-1,-1,-1
864,2,788,647,163,317,1,-1,-1,-1
865,2,788,640,163,323,1,-1,-1,-1
866,2,788,633,163,331,1,-1,-1,-1
867,2,788,623,163,341,1,-1,-1,-1
868,2,788,617,163,347,1,-1,-1,-1
869,2,788,607,163,357,1,-1,-1,-1
870,2,788,600,163,364,1,-1,-1,-1
871,2,788,591,163,373,1,-1,-1,-1
872,2,788,585,163,379,1,-1,-1,-1
873,2,788,581,163,383,1,-1,-1,-1
874,2,788,581,163,383,1,-1,-1,-1
875,2,788,574,163,390,1,-1,-1,-1
876,2,788,574,163,390,1,-1,-1,-1
877,2,788,574,154,390,1,-1,-1,-1
878,2,780,564,154,400,1,-1,-1,-1
879,2,780,557,154,407,1,-1,-1,-1
880,2,780,554,144,410,1,-1,-1,-1
881,2,770,554,154,410,1,-1,-1,-1
882,2,770,538,149,426,1,-1,-1,-1
883,2,760,538,159,426,1,-1,-1,-1
884,2,760,538,152,426,1,-1,-1,-1
885,2,760,532,151,432,1,-1,-1,-1
886,2,760,532,151,432,1,-1,-1,-1
887,2,760,527,152,437,1,-1,-1,-1
888,2,760,519,155,444,1,-1,-1,-1
889,2,760,519,155,444,1,-1,-1,-1
890,2,754,510,162,454,1,-1,-1,-1
891,2,754,500,162,464,1,-1,-1,-1
892,2,754,495,162,469,1,-1,-1,-1
893,2,754,485,168,479,1,-1,-1,-1
894,2,754,481,170,482,1,-1,-1,-1
895,2,754,481,170,482,1,-1,-1,-1
896,2,754,481,170,482,1,-1,-1,-1
897,2,754,470,176,494,1,-1,-1,-1
898,2,754,470,176,494,1,-1,-1,-1
899,2,754,453,188,511,1,-1,-1,-1
900,2,754,453,188,511,1,-1,-1,-1
901,2,754,436,201,528,1,-1,-1,-1
902,2,754,422,201,542,1,-1,-1,-1
903,2,754,422,201,542,1,-1,-1,-1
904,2,754,406,201,566,1,-1,-1,-1
905,2,754,406,201,566,1,-1,-1,-1
906,2,754,399,210,574,1,-1,-1,-1
907,2,754,399,210,574,1,-1,-1,-1
908,2,755,381,210,591,1,-1,-1,-1
909,2,754,368,210,605,1,-1,-1,-1
910,2,754,349,202,623,1,-1,-1,-1
911,2,737,337,215,635,1,-1,-1,-1
912,2,717,326,239,647,1,-1,-1,-1
913,2,666,327,258,647,1,-1,-1,-1
914,2,634,327,279,647,1,-1,-1,-1
915,2,618,327,295,647,1,-1,-1,-1
916,2,618,327,295,647,1,-1,-1,-1
917,2,618,316,280,658,1,-1,-1,-1
918,2,618,307,249,666,1,-1,-1,-1
919,2,618,307,209,666,1,-1,-1,-1
920,2,608,300,185,674,1,-1,-1,-1
920,2,608,300,185,674,1,-1,-1,-1
921,2,540,299,220,674,1,-1,-1,-1
922,2,447,292,313,680,1,-1,-1,-1
923,2,417,292,343,680,1,-1,-1,-1
924,2,417,281,343,680,1,-1,-1,-1
925,2,417,281,343,680,1,-1,-1,-1
926,2,400,281,302,680,1,-1,-1,-1
927,2,400,281,302,680,1,-1,-1,-1
928,2,390,261,302,680,1,-1,-1,-1
929,2,390,261,302,680,1,-1,-1,-1
930,2,390,261,302,680,1,-1,-1,-1
931,2,390,262,225,680,1,-1,-1,-1
932,2,377,262,225,680,1,-1,-1,-1
933,2,368,262,225,680,1,-1,-1,-1
934,2,368,262,225,680,1,-1,-1,-1
935,2,369,321,205,621,1,-1,-1,-1
936,2,368,321,205,621,1,-1,-1,-1
937,2,358,334,185,607,1,-1,-1,-1
938,2,358,334,185,607,1,-1,-1,-1
939,2,358,334,185,607,1,-1,-1,-1
940,2,358,334,165,607,1,-1,-1,-1
941,2,358,334,185,607,1,-1,-1,-1
942,2,359,334,185,607,1,-1,-1,-1
943,2,358,334,185,607,1,-1,-1,-1
944,2,358,368,120,574,1,-1,-1,-1
945,2,358,368,120,574,1,-1,-1,-1
946,2,358,368,120,574,1,-1,-1,-1
1081,2,364,329,127,598,1,-1,-1,-1
1082,2,364,329,147,598,1,-1,-1,-1
1083,2,364,329,127,598,1,-1,-1,-1
1084,2,353,329,157,606,1,-1,-1,-1
1085,2,353,329,185,606,1,-1,-1,-1
1086,2,353,321,199,614,1,-1,-1,-1
1087,2,353,315,220,621,1,-1,-1,-1
1088,2,353,315,233,621,1,-1,-1,-1
1089,2,353,305,252,631,1,-1,-1,-1
1090,2,353,305,252,631,1,-1,-1,-1
1091,2,353,300,279,635,1,-1,-1,-1
1092,2,406,295,249,640,1,-1,-1,-1
1093,2,406,295,249,640,1,-1,-1,-1
1094,2,406,295,269,664,1,-1,-1,-1
1095,2,406,295,269,664,1,-1,-1,-1
1096,2,461,284,265,670,1,-1,-1,-1
1097,2,461,284,265,670,1,-1,-1,-1
1098,2,461,284,265,670,1,-1,-1,-1
1099,2,461,284,265,670,1,-1,-1,-1
1100,2,461,284,265,670,1,-1,-1,-1
1101,2,480,284,286,670,1,-1,-1,-1
1102,2,480,284,286,670,1,-1,-1,-1
1103,2,480,284,311,670,1,-1,-1,-1
1104,2,480,284,311,670,1,-1,-1,-1
1105,2,501,284,325,686,1,-1,-1,-1
1106,2,501,284,325,686,1,-1,-1,-1
1107,2,573,284,286,686,1,-1,-1,-1
1108,2,638,284,220,686,1,-1,-1,-1
1109,2,671,284,209,686,1,-1,-1,-1
1110,2,671,337,209,633,1,-1,-1,-1
1111,2,671,337,209,633,1,-1,-1,-1
1112,2,671,357,170,613,1,-1,-1,-1
1113,2,629,405,448,586,1,-1,-1,-1
1115,2,896,362,116,629,1,-1,-1,-1
1116,2,874,350,151,635,1,-1,-1,-1
1117,2,843,349,207,637,1,-1,-1,-1
1118,2,805,344,268,642,1,-1,-1,-1
1119,2,890,344,183,642,1,-1,-1,-1
1120,2,902,344,170,642,1,-1,-1,-1
1121,2,939,399,94,587,1,-1,-1,-1
1122,2,939,399,94,587,1,-1,-1,-1
1123,2,939,428,94,558,1,-1,-1,-1
1124,2,939,428,94,558,1,-1,-1,-1
1130,2,1149,408,127,311,1,-1,-1,-1
1131,2,1149,408,127,311,1,-1,-1,-1
1132,2,1149,408,127,311,1,-1,-1,-1
1133,2,1143,408,152,301,1,-1,-1,-1
1134,2,1143,428,180,281,1,-1,-1,-1
1135,2,1136,428,186,286,1,-1,-1,-1
1136,2,1135,444,188,270,1,-1,-1,-1
1137,2,1135,444,188,270,1,-1,-1,-1
1138,2,1149,469,211,246,1,-1,-1,-1
1139,2,1149,469,211,246,1,-1,-1,-1
1140,2,1149,469,211,246,1,-1,-1,-1
1141,2,1188,492,172,222,1,-1,-1,-1
1142,2,1188,492,172,222,1,-1,-1,-1
1143,2,1188,492,172,222,1,-1,-1,-1
1144,2,1219,512,151,211,1,-1,-1,-1
1145,2,1219,512,151,211,1,-1,-1,-1
1208,3,1054,540,225,332,1,-1,-1,-1
1209,3,1054,540,225,332,1,-1,-1,-1
1210,3,1051,526,227,347,1,-1,-1,-1
1211,3,1038,481,241,391,1,-1,-1,-1
1212,3,1038,481,241,391,1,-1,-1,-1
1213,3,1038,481,241,391,1,-1,-1,-1
1214,3,1038,481,241,391,1,-1,-1,-1
1215,3,1038,481,241,391,1,-1,-1,-1
1216,3,1038,481,241,502,1,-1,-1,-1
1217,3,1023,461,239,522,1,-1,-1,-1
1218,3,1023,461,215,522,1,-1,-1,-1
1219,3,1023,461,206,522,1,-1,-1,-1
1220,3,1006,461,206,522,1,-1,-1,-1
1221,3,977,415,227,569,1,-1,-1,-1
1222,3,977,415,227,569,1,-1,-1,-1
1223,3,934,415,247,569,1,-1,-1,-1
1224,3,925,415,247,569,1,-1,-1,-1
1225,3,909,415,247,569,1,-1,-1,-1
1226,3,902,401,254,582,1,-1,-1,-1
1227,3,902,401,232,582,1,-1,-1,-1
1228,3,896,396,232,587,1,-1,-1,-1
1229,3,859,385,269,598,1,-1,-1,-1
1230,3,859,376,269,607,1,-1,-1,-1
1231,3,835,373,292,610,1,-1,-1,-1
1232,3,840,362,254,621,1,-1,-1,-1
1233,3,829,358,254,624,1,-1,-1,-1
1234,3,829,349,188,633,1,-1,-1,-1
1235,3,813,349,204,633,1,-1,-1,-1
1236,3,782,349,204,633,1,-1,-1,-1
1237,3,707,322,279,660,1,-1,-1,-1
1238,3,665,322,321,660,1,-1,-1,-1
1239,3,665,322,321,660,1,-1,-1,-1
1240,3,665,322,321,660,1,-1,-1,-1
1241,3,600,322,315,660,1,-1,-1,-1
1242,3,600,322,315,660,1,-1,-1,-1
1243,3,600,322,315,660,1,-1,-1,-1
1244,3,576,306,312,676,1,-1,-1,-1
1245,3,576,306,290,676,1,-1,-1,-1
1246,3,506,286,360,680,1,-1,-1,-1
1247,3,506,286,360,680,1,-1,-1,-1
1248,3,506,286,360,680,1,-1,-1,-1
1249,3,506,286,249,680,1,-1,-1,-1
1250,3,506,286,249,680,1,-1,-1,-1
1251,3,506,286,249,680,1,-1,-1,-1
1252,3,471,273,223,693,1,-1,-1,-1
1253,3,426,263,269,703,1,-1,-1,-1
1254,3,426,263,255,703,1,-1,-1,-1
1255,3,328,263,353,693,1,-1,-1,-1
1256,3,307,263,374,691,1,-1,-1,-1
1257,3,306,249,368,705,1,-1,-1,-1
1258,3,307,222,333,732,1,-1,-1,-1
1259,3,307,222,333,732,1,-1,-1,-1
1260,3,307,222,278,732,1,-1,-1,-1
1261,3,278,222,307,732,1,-1,-1,-1
1262,3,255,222,352,732,1,-1,-1,-1
1263,3,217,201,389,729,1,-1,-1,-1
1264,3,217,192,390,740,1,-1,-1,-1
1265,3,217,192,341,740,1,-1,-1,-1
1266,3,217,192,316,740,1,-1,-1,-1
1267,3,217,176,302,743,1,-1,-1,-1
1268,3,211,154,302,765,1,-1,-1,-1
1269,3,206,154,302,765,1,-1,-1,-1
1270,3,197,144,302,775,1,-1,-1,-1
1271,3,167,117,333,802,1,-1,-1,-1
1272,3,145,117,333,802,1,-1,-1,-1
1273,3,146,117,320,802,1,-1,-1,-1
1274,3,145,117,305,802,1,-1,-1,-1
1275,3,146,107,320,812,1,-1,-1,-1
1276,3,146,88,290,832,1,-1,-1,-1
1277,3,146,88,290,832,1,-1,-1,-1
1278,3,146,88,290,832,1,-1,-1,-1
1279,3,132,69,304,850,1,-1,-1,-1
1280,3,100,63,281,856,1,-1,-1,-1
1281,3,100,63,281,856,1,-1,-1,-1
1282,3,101,63,281,856,1,-1,-1,-1
1283,3,100,63,281,856,1,-1,-1,-1
1284,3,100,63,281,856,1,-1,-1,-1
1285,3,100,63,281,856,1,-1,-1,-1
1286,3,105,63,281,856,1,-1,-1,-1
1287,3,105,63,310,856,1,-1,-1,-1
1288,3,105,63,342,856,1,-1,-1,-1
1289,3,105,63,342,856,1,-1,-1,-1
1290,3,105,63,342,856,1,-1,-1,-1
1291,3,105,63,342,856,1,-1,-1,-1
1292,3,152,63,342,856,1,-1,-1,-1
1293,3,152,63,342,856,1,-1,-1,-1
1294,3,152,63,342,856,1,-1,-1,-1
1295,3,152,63,352,856,1,-1,-1,-1
1296,3,160,63,390,896,1,-1,-1,-1
1297,3,160,63,390,896,1,-1,-1,-1
1298,3,160,63,390,896,1,-1,-1,-1
1299,3,160,63,427,906,1,-1,-1,-1
1300,3,228,63,359,906,1,-1,-1,-1
1301,3,257,104,358,865,1,-1,-1,-1
1302,3,257,105,379,864,1,-1,-1,-1
1303,3,257,114,386,837,1,-1,-1,-1
1304,3,257,114,386,837,1,-1,-1,-1
1305,3,257,114,386,837,1,-1,-1,-1
1306,3,257,114,386,837,1,-1,-1,-1
1307,3,257,114,386,837,1,-1,-1,-1
1308,3,257,114,386,837,1,-1,-1,-1
1309,3,257,114,436,855,1,-1,-1,-1
1310,3,257,114,436,855,1,-1,-1,-1
1311,3,287,114,436,855,1,-1,-1,-1
1312,3,287,114,436,855,1,-1,-1,-1
1313,3,306,114,436,865,1,-1,-1,-1
1314,3,324,114,436,865,1,-1,-1,-1
1315,3,325,114,460,865,1,-1,-1,-1
1316,3,325,114,486,865,1,-1,-1,-1
1317,3,448,114,392,865,1,-1,-1,-1
1318,3,537,114,320,865,1,-1,-1,-1
1319,3,537,114,347,865,1,-1,-1,-1
1320,3,537,114,347,865,1,-1,-1,-1
1321,3,537,114,368,865,1,-1,-1,-1
1322,3,553,114,352,865,1,-1,-1,-1
1323,3,553,138,368,840,1,-1,-1,-1
1324,3,565,173,366,806,1,-1,-1,-1
1325,3,584,173,366,806,1,-1,-1,-1
1326,3,614,173,366,806,1,-1,-1,-1
1327,3,647,173,366,806,1,-1,-1,-1
1328,3,702,197,332,779,1,-1,-1,-1
1329,3,701,197,365,779,1,-1,-1,-1
1330,3,701,197,365,779,1,-1,-1,-1
1331,3,701,197,365,779,1,-1,-1,-1
1332,3,759,226,307,761,1,-1,-1,-1
1333,3,759,226,307,761,1,-1,-1,-1
1334,3,759,226,326,761,1,-1,-1,-1
1335,3,759,226,326,761,1,-1,-1,-1
1336,3,759,226,326,761,1,-1,-1,-1
1337,3,759,226,354,761,1,-1,-1,-1
1338,3,759,226,354,761,1,-1,-1,-1
1339,3,759,226,354,761,1,-1,-1,-1
1340,3,759,269,354,718,1,-1,-1,-1
1341,3,759,269,354,718,1,-1,-1,-1
1342,3,760,284,354,703,1,-1,-1,-1
1343,3,759,284,354,703,1,-1,-1,-1
1344,3,803,312,260,675,1,-1,-1,-1
1345,3,803,312,260,675,1,-1,-1,-1
1346,3,803,312,260,675,1,-1,-1,-1
1347,3,775,312,289,675,1,-1,-1,-1
1348,3,779,312,285,675,1,-1,-1,-1
1349,3,763,325,285,663,1,-1,-1,-1
1350,3,763,325,285,663,1,-1,-1,-1
1351,3,763,325,285,663,1,-1,-1,-1
1352,3,763,339,285,648,1,-1,-1,-1
1353,3,763,339,285,648,1,-1,-1,-1
1354,3,763,339,285,648,1,-1,-1,-1
1355,3,763,366,268,621,1,-1,-1,-1
1356,3,763,366,268,621,1,-1,-1,-1
1357,3,763,366,268,621,1,-1,-1,-1
1358,3,782,389,234,586,1,-1,-1,-1
1359,3,782,389,234,586,1,-1,-1,-1
1360,3,782,389,234,586,1,-1,-1,-1
1361,3,782,405,216,570,1,-1,-1,-1
1362,3,782,401,223,574,1,-1,-1,-1
1363,3,782,421,205,554,1,-1,-1,-1
1364,3,782,421,205,554,1,-1,-1,-1
1365,3,782,427,194,548,1,-1,-1,-1
1366,3,782,427,194,548,1,-1,-1,-1
1367,3,769,427,207,548,1,-1,-1,-1
1368,3,751,427,225,548,1,-1,-1,-1
1369,3,751,448,212,527,1,-1,-1,-1
1370,3,751,448,212,527,1,-1,-1,-1
1371,3,751,448,212,527,1,-1,-1,-1
1372,3,751,448,212,527,1,-1,-1,-1
1373,3,768,466,196,508,1,-1,-1,-1
1374,3,786,474,178,501,1,-1,-1,-1
1375,3,797,474,167,501,1,-1,-1,-1
1376,3,806,485,158,490,1,-1,-1,-1
1377,3,806,485,158,490,1,-1,-1,-1
1378,3,825,491,139,484,1,-1,-1,-1
1379,3,806,485,158,490,1,-1,-1,-1
1380,3,806,485,158,490,1,-1,-1,-1
1381,3,806,485,158,490,1,-1,-1,-1
1475,3,808,506,174,458,1,-1,-1,-1
1476,3,808,506,174,458,1,-1,-1,-1
1477,3,808,506,174,458,1,-1,-1,-1
1478,3,808,495,174,478,1,-1,-1,-1
1479,3,808,495,174,478,1,-1,-1,-1
1480,3,800,495,183,478,1,-1,-1,-1
1481,3,787,486,195,486,1,-1,-1,-1
1482,3,780,478,202,495,1,-1,-1,-1
1483,3,776,463,206,510,1,-1,-1,-1
1484,3,776,463,206,510,1,-1,-1,-1
1485,3,776,463,206,510,1,-1,-1,-1
1486,3,776,444,189,528,1,-1,-1,-1
1487,3,776,444,189,528,1,-1,-1,-1
1488,3,776,444,189,528,1,-1,-1,-1
1489,3,776,418,197,554,1,-1,-1,-1
1490,3,776,418,197,554,1,-1,-1,-1
1491,3,776,407,188,565,1,-1,-1,-1
1492,3,776,407,188,565,1,-1,-1,-1
1493,3,776,397,188,575,1,-1,-1,-1
1494,3,776,397,188,575,1,-1,-1,-1
1495,3,756,381,188,591,1,-1,-1,-1
1496,3,748,381,188,591,1,-1,-1,-1
1497,3,737,349,191,623,1,-1,-1,-1
1498,3,729,360,191,612,1,-1,-1,-1
1499,3,712,360,204,612,1,-1,-1,-1
1500,3,698,344,217,628,1,-1,-1,-1
1501,3,675,343,241,628,1,-1,-1,-1
1502,3,649,343,267,628,1,-1,-1,-1
1079,4,1102,528,106,205,1,-1,-1,-1
1080,4,1102,528,106,205,1,-1,-1,-1
1081,4,1102,528,106,205,1,-1,-1,-1
1082,4,1102,526,106,207,1,-1,-1,-1
1083,4,1087,506,121,227,1,-1,-1,-1
1084,4,1087,506,121,227,1,-1,-1,-1
1085,4,1087,506,141,401,1,-1,-1,-1
1086,4,1087,487,157,420,1,-1,-1,-1
1087,4,1080,471,188,436,1,-1,-1,-1
1088,4,1060,445,207,461,1,-1,-1,-1
1089,4,1064,421,191,486,1,-1,-1,-1
1090,4,1064,421,191,486,1,-1,-1,-1
1091,4,1051,402,204,505,1,-1,-1,-1
1092,4,1051,402,204,568,1,-1,-1,-1
1093,4,1037,385,205,581,1,-1,-1,-1
1094,4,1037,385,205,581,1,-1,-1,-1
1095,4,967,385,274,595,1,-1,-1,-1
1096,4,967,385,242,595,1,-1,-1,-1
1097,4,967,370,242,610,1,-1,-1,-1
1098,4,967,370,207,610,1,-1,-1,-1
1099,4,911,342,264,638,1,-1,-1,-1
1100,4,911,342,264,638,1,-1,-1,-1
1101,4,911,342,264,638,1,-1,-1,-1
1102,4,911,327,218,653,1,-1,-1,-1
1103,4,911,327,218,653,1,-1,-1,-1
1104,4,893,310,236,670,1,-1,-1,-1
1105,4,893,310,236,670,1,-1,-1,-1
1106,4,865,271,253,708,1,-1,-1,-1
1107,4,865,271,253,708,1,-1,-1,-1
1108,4,865,271,253,708,1,-1,-1,-1
1109,4,844,250,244,729,1,-1,-1,-1
1110,4,821,230,268,750,1,-1,-1,-1
1111,4,796,236,262,744,1,-1,-1,-1
1112,4,796,236,262,744,1,-1,-1,-1
1113,4,635,236,422,744,1,-1,-1,-1
1114,4,635,236,422,744,1,-1,-1,-1
1115,4,635,211,374,769,1,-1,-1,-1
1116,4,635,211,288,769,1,-1,-1,-1
1117,4,635,211,253,769,1,-1,-1,-1
1118,4,635,211,226,769,1,-1,-1,-1
1119,4,619,211,204,769,1,-1,-1,-1
1120,4,491,181,332,798,1,-1,-1,-1
1121,4,363,181,418,798,1,-1,-1,-1
1122,4,363,181,418,798,1,-1,-1,-1
1123,4,363,181,418,798,1,-1,-1,-1
1124,4,363,181,418,798,1,-1,-1,-1
1125,4,363,181,418,798,1,-1,-1,-1
1126,4,363,181,323,768,1,-1,-1,-1
1127,4,363,181,323,768,1,-1,-1,-1
1128,4,363,181,323,768,1,-1,-1,-1
1129,4,363,181,323,768,1,-1,-1,-1
1130,4,363,181,323,768,1,-1,-1,-1
1131,4,363,181,323,768,1,-1,-1,-1
1132,4,363,181,323,768,1,-1,-1,-1
1133,4,363,264,268,682,1,-1,-1,-1
1134,4,363,264,268,682,1,-1,-1,-1
1135,4,363,264,268,682,1,-1,-1,-1
1136,4,363,264,268,682,1,-1,-1,-1
1137,4,363,264,268,682,1,-1,-1,-1
1138,4,363,264,268,682,1,-1,-1,-1
1139,4,363,264,268,682,1,-1,-1,-1
1140,4,363,313,250,633,1,-1,-1,-1
1141,4,363,313,250,633,1,-1,-1,-1
1142,4,363,313,250,633,1,-1,-1,-1
1143,4,363,341,206,606,1,-1,-1,-1
1144,4,363,341,206,606,1,-1,-1,-1
1145,4,337,349,222,597,1,-1,-1,-1
1146,4,337,349,200,597,1,-1,-1,-1
1147,4,337,349,188,597,1,-1,-1,-1
1148,4,337,355,169,591,1,-1,-1,-1
1149,4,337,355,169,591,1,-1,-1,-1
1150,4,337,355,169,591,1,-1,-1,-1
1255,4,344,397,96,528,1,-1,-1,-1
1256,4,344,397,117,528,1,-1,-1,-1
1257,4,344,397,133,353,1,-1,-1,-1
1258,4,344,397,133,353,1,-1,-1,-1
1266,4,431,366,139,559,1,-1,-1,-1
1267,4,417,366,153,558,1,-1,-1,-1
1268,4,417,343,196,581,1,-1,-1,-1
1269,4,417,343,205,603,1,-1,-1,-1
1270,4,417,343,205,603,1,-1,-1,-1
1271,4,417,343,205,603,1,-1,-1,-1
1272,4,417,331,247,616,1,-1,-1,-1
1273,4,417,331,247,616,1,-1,-1,-1
1274,4,417,331,247,616,1,-1,-1,-1
1275,4,438,331,270,616,1,-1,-1,-1
1276,4,438,331,270,616,1,-1,-1,-1
1277,4,438,325,305,654,1,-1,-1,-1
1278,4,438,328,326,633,1,-1,-1,-1
1279,4,438,328,326,633,1,-1,-1,-1
1280,4,506,328,281,633,1,-1,-1,-1
1281,4,561,328,230,633,1,-1,-1,-1
1282,4,562,328,230,633,1,-1,-1,-1
1283,4,589,328,230,633,1,-1,-1,-1
1284,4,601,328,239,633,1,-1,-1,-1
1285,4,601,328,253,633,1,-1,-1,-1
1286,4,601,328,281,633,1,-1,-1,-1
1287,4,601,333,322,649,1,-1,-1,-1
1288,4,633,333,322,649,1,-1,-1,-1
1289,4,681,333,322,649,1,-1,-1,-1
1290,4,781,333,222,649,1,-1,-1,-1
1291,4,781,333,222,649,1,-1,-1,-1
1292,4,832,333,202,649,1,-1,-1,-1
1293,4,832,333,202,649,1,-1,-1,-1
1294,4,832,363,254,619,1,-1,-1,-1
1295,4,832,366,279,616,1,-1,-1,-1
1296,4,832,371,297,611,1,-1,-1,-1
1297,4,832,371,297,611,1,-1,-1,-1
1298,4,906,386,234,596,1,-1,-1,-1
1299,4,962,386,178,596,1,-1,-1,-1
1300,4,972,386,168,596,1,-1,-1,-1
1301,4,962,386,178,596,1,-1,-1,-1
1302,4,962,386,178,596,1,-1,-1,-1
1303,4,962,386,178,596,1,-1,-1,-1
1304,4,962,386,199,596,1,-1,-1,-1
1305,4,962,403,222,579,1,-1,-1,-1
1306,4,963,386,218,596,1,-1,-1,-1
1307,4,963,386,218,596,1,-1,-1,-1
1308,4,962,415,217,568,1,-1,-1,-1
1309,4,937,415,243,568,1,-1,-1,-1
1310,4,910,415,243,568,1,-1,-1,-1
1311,4,882,418,265,563,1,-1,-1,-1
1312,4,881,418,265,563,1,-1,-1,-1
1313,4,882,418,265,563,1,-1,-1,-1
1314,4,882,418,265,563,1,-1,-1,-1
1315,4,865,418,249,563,1,-1,-1,-1
1316,4,865,418,216,563,1,-1,-1,-1
1317,4,865,418,189,563,1,-1,-1,-1
1318,4,865,418,162,563,1,-1,-1,-1
1319,4,865,418,157,563,1,-1,-1,-1
1319,4,865,418,157,563,1,-1,-1,-1
1320,4,847,418,157,563,1,-1,-1,-1
1321,4,847,418,157,563,1,-1,-1,-1
1322,4,833,418,157,563,1,-1,-1,-1
1323,4,827,455,162,526,1,-1,-1,-1
1324,4,816,455,173,526,1,-1,-1,-1
1325,4,827,455,162,526,1,-1,-1,-1
1326,4,827,608,132,373,1,-1,-1,-1
1327,4,827,455,162,526,1,-1,-1,-1
1328,4,896,479,75,153,1,-1,-1,-1
1329,4,896,479,75,153,1,-1,-1,-1
1361,4,765,575,78,406,1,-1,-1,-1
1362,4,765,575,78,406,1,-1,-1,-1
1363,4,749,575,57,406,1,-1,-1,-1
1364,4,749,575,57,406,1,-1,-1,-1
1365,4,749,575,57,406,1,-1,-1,-1
1366,4,749,575,57,406,1,-1,-1,-1
