1,1,396,299,550,683,1,-1,-1,-1
2,1,396,299,550,683,1,-1,-1,-1
3,1,396,299,550,683,1,-1,-1,-1
4,1,396,299,550,683,1,-1,-1,-1
5,1,396,299,550,683,1,-1,-1,-1
6,1,396,299,550,683,1,-1,-1,-1
7,1,396,299,550,683,1,-1,-1,-1
8,1,396,299,550,683,1,-1,-1,-1
9,1,396,299,550,683,1,-1,-1,-1
10,1,396,299,550,683,1,-1,-1,-1
11,1,396,299,550,683,1,-1,-1,-1
12,1,396,299,550,683,1,-1,-1,-1
13,1,396,299,550,683,1,-1,-1,-1
14,1,396,299,550,683,1,-1,-1,-1
15,1,396,299,550,683,1,-1,-1,-1
16,1,396,299,550,683,1,-1,-1,-1
17,1,396,299,550,683,1,-1,-1,-1
18,1,396,299,550,683,1,-1,-1,-1
19,1,396,299,550,683,1,-1,-1,-1
20,1,396,299,550,683,1,-1,-1,-1
21,1,396,299,550,683,1,-1,-1,-1
22,1,396,299,550,683,1,-1,-1,-1
23,1,396,299,550,683,1,-1,-1,-1
24,1,396,299,550,683,1,-1,-1,-1
25,1,396,299,550,683,1,-1,-1,-1
26,1,396,299,550,683,1,-1,-1,-1
27,1,396,299,550,683,1,-1,-1,-1
27,1,396,299,550,683,1,-1,-1,-1
28,1,396,299,550,683,1,-1,-1,-1
29,1,396,299,550,683,1,-1,-1,-1
30,1,396,299,550,683,1,-1,-1,-1
31,1,396,299,550,683,1,-1,-1,-1
32,1,396,299,550,683,1,-1,-1,-1
33,1,396,299,550,683,1,-1,-1,-1
34,1,396,299,550,683,1,-1,-1,-1
35,1,396,299,550,683,1,-1,-1,-1
36,1,396,299,550,683,1,-1,-1,-1
37,1,396,299,550,683,1,-1,-1,-1
38,1,396,299,550,683,1,-1,-1,-1
39,1,396,299,550,683,1,-1,-1,-1
40,1,396,299,550,683,1,-1,-1,-1
41,1,396,299,550,683,1,-1,-1,-1
42,1,396,299,550,683,1,-1,-1,-1
43,1,396,299,550,683,1,-1,-1,-1
44,1,396,299,550,683,1,-1,-1,-1
45,1,396,299,550,683,1,-1,-1,-1
46,1,396,299,550,683,1,-1,-1,-1
47,1,396,299,550,683,1,-1,-1,-1
48,1,396,299,550,683,1,-1,-1,-1
49,1,396,299,550,683,1,-1,-1,-1
50,1,396,299,550,683,1,-1,-1,-1
51,1,396,299,550,683,1,-1,-1,-1
52,1,396,299,550,683,1,-1,-1,-1
53,1,396,299,550,683,1,-1,-1,-1
54,1,396,299,550,683,1,-1,-1,-1
55,1,396,299,550,683,1,-1,-1,-1
56,1,396,299,550,683,1,-1,-1,-1
57,1,396,299,550,683,1,-1,-1,-1
58,1,396,299,550,683,1,-1,-1,-1
59,1,396,299,550,683,1,-1,-1,-1
60,1,396,299,550,683,1,-1,-1,-1
61,1,396,299,550,683,1,-1,-1,-1
62,1,396,299,550,683,1,-1,-1,-1
63,1,396,299,550,683,1,-1,-1,-1
64,1,396,299,550,683,1,-1,-1,-1
65,1,396,299,550,683,1,-1,-1,-1
66,1,396,299,550,683,1,-1,-1,-1
67,1,396,299,550,683,1,-1,-1,-1
68,1,396,299,550,683,1,-1,-1,-1
69,1,396,299,550,683,1,-1,-1,-1
70,1,396,299,550,683,1,-1,-1,-1
71,1,396,299,550,683,1,-1,-1,-1
72,1,396,299,550,683,1,-1,-1,-1
73,1,396,299,550,683,1,-1,-1,-1
74,1,396,299,550,683,1,-1,-1,-1
75,1,396,299,550,683,1,-1,-1,-1
76,1,396,299,550,683,1,-1,-1,-1
77,1,396,299,550,683,1,-1,-1,-1
78,1,396,299,550,683,1,-1,-1,-1
79,1,396,299,550,683,1,-1,-1,-1
80,1,396,299,550,683,1,-1,-1,-1
81,1,396,299,550,683,1,-1,-1,-1
82,1,396,299,550,683,1,-1,-1,-1
83,1,396,299,550,683,1,-1,-1,-1
84,1,396,299,550,683,1,-1,-1,-1
85,1,396,299,550,683,1,-1,-1,-1
86,1,396,299,550,683,1,-1,-1,-1
87,1,396,299,550,683,1,-1,-1,-1
88,1,396,299,550,683,1,-1,-1,-1
89,1,396,299,550,683,1,-1,-1,-1
90,1,396,299,550,683,1,-1,-1,-1
91,1,396,299,550,683,1,-1,-1,-1
92,1,396,299,550,683,1,-1,-1,-1
93,1,396,299,550,683,1,-1,-1,-1
94,1,396,299,550,683,1,-1,-1,-1
95,1,396,299,550,683,1,-1,-1,-1
96,1,396,299,550,683,1,-1,-1,-1
97,1,396,299,550,683,1,-1,-1,-1
98,1,396,299,550,683,1,-1,-1,-1
99,1,396,299,550,683,1,-1,-1,-1
100,1,396,299,550,683,1,-1,-1,-1
101,1,396,299,550,683,1,-1,-1,-1
102,1,396,299,550,683,1,-1,-1,-1
103,1,396,299,550,683,1,-1,-1,-1
104,1,396,299,550,683,1,-1,-1,-1
105,1,396,299,550,683,1,-1,-1,-1
106,1,396,299,550,683,1,-1,-1,-1
107,1,396,299,550,683,1,-1,-1,-1
108,1,396,299,550,683,1,-1,-1,-1
109,1,396,299,550,683,1,-1,-1,-1
110,1,396,299,550,683,1,-1,-1,-1
111,1,396,299,550,683,1,-1,-1,-1
112,1,396,299,550,683,1,-1,-1,-1
113,1,396,299,550,683,1,-1,-1,-1
114,1,396,299,550,683,1,-1,-1,-1
115,1,396,299,550,683,1,-1,-1,-1
116,1,396,299,550,683,1,-1,-1,-1
117,1,396,299,550,683,1,-1,-1,-1
118,1,396,299,550,683,1,-1,-1,-1
119,1,396,299,550,683,1,-1,-1,-1
120,1,396,299,550,683,1,-1,-1,-1
121,1,396,299,550,683,1,-1,-1,-1
122,1,396,299,550,683,1,-1,-1,-1
123,1,396,299,550,683,1,-1,-1,-1
124,1,396,299,550,683,1,-1,-1,-1
125,1,396,299,550,683,1,-1,-1,-1
126,1,396,299,550,683,1,-1,-1,-1
127,1,396,299,550,683,1,-1,-1,-1
128,1,396,299,550,683,1,-1,-1,-1
129,1,396,299,550,683,1,-1,-1,-1
130,1,396,299,550,683,1,-1,-1,-1
131,1,396,299,550,683,1,-1,-1,-1
132,1,396,299,550,683,1,-1,-1,-1
133,1,396,299,550,683,1,-1,-1,-1
134,1,396,299,550,683,1,-1,-1,-1
135,1,396,299,550,683,1,-1,-1,-1
136,1,396,299,550,683,1,-1,-1,-1
137,1,396,299,550,683,1,-1,-1,-1
138,1,396,299,550,683,1,-1,-1,-1
139,1,396,299,550,683,1,-1,-1,-1
140,1,396,299,550,683,1,-1,-1,-1
141,1,396,299,550,683,1,-1,-1,-1
142,1,396,299,550,683,1,-1,-1,-1
143,1,396,299,550,683,1,-1,-1,-1
144,1,396,299,550,683,1,-1,-1,-1
145,1,396,299,550,683,1,-1,-1,-1
146,1,396,299,550,683,1,-1,-1,-1
147,1,396,299,550,683,1,-1,-1,-1
148,1,396,299,550,683,1,-1,-1,-1
149,1,396,299,550,683,1,-1,-1,-1
150,1,396,299,550,683,1,-1,-1,-1
151,1,396,299,550,683,1,-1,-1,-1
152,1,396,299,550,683,1,-1,-1,-1
153,1,396,299,550,683,1,-1,-1,-1
154,1,396,299,550,683,1,-1,-1,-1
155,1,396,299,550,683,1,-1,-1,-1
156,1,396,299,550,683,1,-1,-1,-1
157,1,396,299,550,683,1,-1,-1,-1
158,1,396,299,550,683,1,-1,-1,-1
159,1,396,299,550,683,1,-1,-1,-1
160,1,396,299,550,683,1,-1,-1,-1
161,1,396,299,550,683,1,-1,-1,-1
162,1,396,299,550,683,1,-1,-1,-1
163,1,396,299,550,683,1,-1,-1,-1
164,1,396,299,550,683,1,-1,-1,-1
165,1,396,299,550,683,1,-1,-1,-1
166,1,396,299,550,683,1,-1,-1,-1
167,1,396,299,550,683,1,-1,-1,-1
168,1,396,299,550,683,1,-1,-1,-1
169,1,396,299,550,683,1,-1,-1,-1
170,1,396,299,550,683,1,-1,-1,-1
171,1,396,299,550,683,1,-1,-1,-1
172,1,396,299,550,683,1,-1,-1,-1
173,1,396,299,550,683,1,-1,-1,-1
174,1,396,299,550,683,1,-1,-1,-1
175,1,396,299,550,683,1,-1,-1,-1
176,1,396,299,550,683,1,-1,-1,-1
177,1,396,299,550,683,1,-1,-1,-1
178,1,396,299,550,683,1,-1,-1,-1
179,1,396,299,550,683,1,-1,-1,-1
180,1,396,299,550,683,1,-1,-1,-1
181,1,396,299,550,683,1,-1,-1,-1
182,1,396,299,550,683,1,-1,-1,-1
183,1,396,299,550,683,1,-1,-1,-1
184,1,396,299,550,683,1,-1,-1,-1
185,1,396,299,550,683,1,-1,-1,-1
186,1,396,299,550,683,1,-1,-1,-1
187,1,396,299,550,683,1,-1,-1,-1
188,1,396,299,550,683,1,-1,-1,-1
189,1,396,299,550,683,1,-1,-1,-1
190,1,396,299,550,683,1,-1,-1,-1
191,1,396,299,550,683,1,-1,-1,-1
192,1,396,299,550,683,1,-1,-1,-1
193,1,396,299,550,683,1,-1,-1,-1
194,1,396,299,550,683,1,-1,-1,-1
195,1,396,299,550,683,1,-1,-1,-1
196,1,396,299,550,683,1,-1,-1,-1
197,1,396,299,550,683,1,-1,-1,-1
198,1,396,299,550,683,1,-1,-1,-1
199,1,396,299,550,683,1,-1,-1,-1
200,1,396,299,550,683,1,-1,-1,-1
201,1,396,299,550,683,1,-1,-1,-1
202,1,396,299,550,683,1,-1,-1,-1
203,1,396,299,550,683,1,-1,-1,-1
204,1,396,299,550,683,1,-1,-1,-1
205,1,396,299,550,683,1,-1,-1,-1
206,1,396,299,550,683,1,-1,-1,-1
207,1,396,299,550,683,1,-1,-1,-1
208,1,396,299,550,683,1,-1,-1,-1
209,1,396,299,550,683,1,-1,-1,-1
210,1,396,299,550,683,1,-1,-1,-1
211,1,396,299,550,683,1,-1,-1,-1
212,1,396,299,550,683,1,-1,-1,-1
213,1,396,299,550,683,1,-1,-1,-1
214,1,396,299,550,683,1,-1,-1,-1
215,1,396,299,550,683,1,-1,-1,-1
216,1,396,299,550,683,1,-1,-1,-1
217,1,396,299,550,683,1,-1,-1,-1
218,1,396,299,550,683,1,-1,-1,-1
219,1,396,299,550,683,1,-1,-1,-1
220,1,396,299,550,683,1,-1,-1,-1
221,1,396,299,550,683,1,-1,-1,-1
222,1,396,299,550,683,1,-1,-1,-1
223,1,396,299,550,683,1,-1,-1,-1
224,1,396,299,550,683,1,-1,-1,-1
225,1,396,299,550,683,1,-1,-1,-1
226,1,396,299,550,683,1,-1,-1,-1
227,1,396,299,550,683,1,-1,-1,-1
228,1,396,299,550,683,1,-1,-1,-1
229,1,396,299,550,683,1,-1,-1,-1
230,1,396,299,550,683,1,-1,-1,-1
231,1,396,299,550,683,1,-1,-1,-1
232,1,396,299,550,683,1,-1,-1,-1
233,1,396,299,550,683,1,-1,-1,-1
234,1,396,299,550,683,1,-1,-1,-1
235,1,396,299,550,683,1,-1,-1,-1
236,1,396,299,550,683,1,-1,-1,-1
237,1,396,299,550,683,1,-1,-1,-1
238,1,396,299,550,683,1,-1,-1,-1
239,1,396,299,550,683,1,-1,-1,-1
240,1,396,299,550,683,1,-1,-1,-1
241,1,396,299,550,683,1,-1,-1,-1
242,1,396,299,550,683,1,-1,-1,-1
243,1,396,299,550,683,1,-1,-1,-1
244,1,396,299,550,683,1,-1,-1,-1
245,1,396,299,550,683,1,-1,-1,-1
246,1,396,299,550,683,1,-1,-1,-1
247,1,396,299,550,683,1,-1,-1,-1
248,1,396,299,550,683,1,-1,-1,-1
249,1,396,299,550,683,1,-1,-1,-1
250,1,396,299,550,683,1,-1,-1,-1
251,1,396,299,550,683,1,-1,-1,-1
252,1,396,299,550,683,1,-1,-1,-1
253,1,396,299,550,683,1,-1,-1,-1
254,1,396,299,550,683,1,-1,-1,-1
255,1,396,299,550,683,1,-1,-1,-1
256,1,396,299,550,683,1,-1,-1,-1
257,1,396,299,550,683,1,-1,-1,-1
258,1,396,299,550,683,1,-1,-1,-1
259,1,396,299,550,683,1,-1,-1,-1
260,1,396,299,550,683,1,-1,-1,-1
261,1,396,299,550,683,1,-1,-1,-1
262,1,396,299,550,683,1,-1,-1,-1
263,1,396,299,550,683,1,-1,-1,-1
264,1,396,299,550,683,1,-1,-1,-1
265,1,396,299,550,683,1,-1,-1,-1
266,1,396,299,550,683,1,-1,-1,-1
267,1,396,299,550,683,1,-1,-1,-1
268,1,396,299,550,683,1,-1,-1,-1
269,1,396,299,550,683,1,-1,-1,-1
270,1,396,299,550,683,1,-1,-1,-1
271,1,396,299,550,683,1,-1,-1,-1
272,1,396,299,550,683,1,-1,-1,-1
273,1,396,299,550,683,1,-1,-1,-1
274,1,396,299,550,683,1,-1,-1,-1
275,1,396,299,550,683,1,-1,-1,-1
276,1,396,299,550,683,1,-1,-1,-1
277,1,396,299,550,683,1,-1,-1,-1
278,1,396,299,550,683,1,-1,-1,-1
279,1,396,299,550,683,1,-1,-1,-1
280,1,396,299,550,683,1,-1,-1,-1
281,1,396,299,550,683,1,-1,-1,-1
282,1,396,299,550,683,1,-1,-1,-1
283,1,396,299,550,683,1,-1,-1,-1
284,1,396,299,550,683,1,-1,-1,-1
285,1,396,299,550,683,1,-1,-1,-1
286,1,396,299,550,683,1,-1,-1,-1
287,1,396,299,550,683,1,-1,-1,-1
288,1,396,299,550,683,1,-1,-1,-1
289,1,396,299,550,683,1,-1,-1,-1
290,1,396,299,550,683,1,-1,-1,-1
291,1,396,299,550,683,1,-1,-1,-1
292,1,396,299,550,683,1,-1,-1,-1
293,1,396,299,550,683,1,-1,-1,-1
294,1,396,299,550,683,1,-1,-1,-1
295,1,396,299,550,683,1,-1,-1,-1
296,1,396,299,550,683,1,-1,-1,-1
297,1,396,299,550,683,1,-1,-1,-1
298,1,396,299,550,683,1,-1,-1,-1
299,1,396,299,550,683,1,-1,-1,-1
300,1,396,299,550,683,1,-1,-1,-1
301,1,396,299,550,683,1,-1,-1,-1
302,1,396,299,550,683,1,-1,-1,-1
303,1,396,299,550,683,1,-1,-1,-1
304,1,396,299,550,683,1,-1,-1,-1
305,1,396,299,550,683,1,-1,-1,-1
306,1,396,299,550,683,1,-1,-1,-1
307,1,396,299,550,683,1,-1,-1,-1
308,1,396,299,550,683,1,-1,-1,-1
309,1,396,299,550,683,1,-1,-1,-1
310,1,396,299,550,683,1,-1,-1,-1
311,1,396,299,550,683,1,-1,-1,-1
312,1,396,299,550,683,1,-1,-1,-1
313,1,396,299,550,683,1,-1,-1,-1
314,1,396,299,550,683,1,-1,-1,-1
315,1,396,299,550,683,1,-1,-1,-1
316,1,396,299,550,683,1,-1,-1,-1
317,1,396,299,550,683,1,-1,-1,-1
318,1,396,299,550,683,1,-1,-1,-1
319,1,396,299,550,683,1,-1,-1,-1
320,1,396,299,550,683,1,-1,-1,-1
321,1,396,299,550,683,1,-1,-1,-1
322,1,396,299,550,683,1,-1,-1,-1
323,1,396,299,550,683,1,-1,-1,-1
324,1,396,299,550,683,1,-1,-1,-1
325,1,396,299,550,683,1,-1,-1,-1
326,1,396,299,550,683,1,-1,-1,-1
327,1,396,299,550,683,1,-1,-1,-1
328,1,396,299,550,683,1,-1,-1,-1
329,1,396,299,550,683,1,-1,-1,-1
330,1,396,299,550,683,1,-1,-1,-1
331,1,396,299,550,683,1,-1,-1,-1
332,1,396,299,550,683,1,-1,-1,-1
333,1,396,299,550,683,1,-1,-1,-1
334,1,396,299,550,683,1,-1,-1,-1
335,1,396,299,550,683,1,-1,-1,-1
336,1,396,299,550,683,1,-1,-1,-1
337,1,396,299,550,683,1,-1,-1,-1
338,1,396,299,550,683,1,-1,-1,-1
339,1,396,299,550,683,1,-1,-1,-1
340,1,396,299,550,683,1,-1,-1,-1
341,1,396,299,550,683,1,-1,-1,-1
342,1,396,299,550,683,1,-1,-1,-1
343,1,396,299,550,683,1,-1,-1,-1
344,1,396,299,550,683,1,-1,-1,-1
345,1,396,299,550,683,1,-1,-1,-1
346,1,396,299,550,683,1,-1,-1,-1
347,1,396,299,550,683,1,-1,-1,-1
348,1,396,299,550,683,1,-1,-1,-1
349,1,396,299,550,683,1,-1,-1,-1
350,1,396,299,550,683,1,-1,-1,-1
351,1,396,299,550,683,1,-1,-1,-1
352,1,396,299,550,683,1,-1,-1,-1
353,1,396,299,550,683,1,-1,-1,-1
354,1,396,299,550,683,1,-1,-1,-1
355,1,396,299,550,683,1,-1,-1,-1
356,1,396,299,550,683,1,-1,-1,-1
357,1,396,299,550,683,1,-1,-1,-1
358,1,396,299,550,683,1,-1,-1,-1
359,1,396,299,550,683,1,-1,-1,-1
360,1,396,299,550,683,1,-1,-1,-1
361,1,396,299,550,683,1,-1,-1,-1
362,1,396,299,550,683,1,-1,-1,-1
363,1,396,299,550,683,1,-1,-1,-1
364,1,396,299,550,683,1,-1,-1,-1
365,1,396,299,550,683,1,-1,-1,-1
366,1,396,299,550,683,1,-1,-1,-1
367,1,396,299,550,683,1,-1,-1,-1
368,1,396,299,550,683,1,-1,-1,-1
369,1,396,299,550,683,1,-1,-1,-1
370,1,396,299,550,683,1,-1,-1,-1
371,1,396,299,550,683,1,-1,-1,-1
372,1,396,299,550,683,1,-1,-1,-1
373,1,396,299,550,683,1,-1,-1,-1
374,1,396,299,550,683,1,-1,-1,-1
375,1,396,299,550,683,1,-1,-1,-1
376,1,396,299,550,683,1,-1,-1,-1
377,1,396,299,550,683,1,-1,-1,-1
378,1,396,299,550,683,1,-1,-1,-1
379,1,396,299,550,683,1,-1,-1,-1
380,1,396,299,550,683,1,-1,-1,-1
381,1,396,299,550,683,1,-1,-1,-1
382,1,396,299,550,683,1,-1,-1,-1
383,1,396,299,550,683,1,-1,-1,-1
384,1,396,299,550,683,1,-1,-1,-1
385,1,396,299,550,683,1,-1,-1,-1
386,1,396,299,550,683,1,-1,-1,-1
387,1,396,299,550,683,1,-1,-1,-1
388,1,396,299,550,683,1,-1,-1,-1
389,1,396,299,550,683,1,-1,-1,-1
390,1,396,299,550,683,1,-1,-1,-1
391,1,396,299,550,683,1,-1,-1,-1
392,1,396,299,550,683,1,-1,-1,-1
393,1,396,299,550,683,1,-1,-1,-1
394,1,396,299,550,683,1,-1,-1,-1
395,1,396,299,550,683,1,-1,-1,-1
396,1,396,299,550,683,1,-1,-1,-1
397,1,396,299,550,683,1,-1,-1,-1
398,1,396,299,550,683,1,-1,-1,-1
399,1,396,299,550,683,1,-1,-1,-1
400,1,396,299,550,683,1,-1,-1,-1
401,1,396,299,550,683,1,-1,-1,-1
402,1,396,299,550,683,1,-1,-1,-1
403,1,396,299,550,683,1,-1,-1,-1
404,1,396,299,550,683,1,-1,-1,-1
405,1,396,299,550,683,1,-1,-1,-1
406,1,396,299,550,683,1,-1,-1,-1
407,1,396,299,550,683,1,-1,-1,-1
408,1,396,299,550,683,1,-1,-1,-1
409,1,396,299,550,683,1,-1,-1,-1
410,1,396,299,550,683,1,-1,-1,-1
411,1,396,299,550,683,1,-1,-1,-1
412,1,396,299,550,683,1,-1,-1,-1
413,1,396,299,550,683,1,-1,-1,-1
414,1,396,299,550,683,1,-1,-1,-1
415,1,396,299,550,683,1,-1,-1,-1
416,1,396,299,550,683,1,-1,-1,-1
417,1,396,299,550,683,1,-1,-1,-1
418,1,396,299,550,683,1,-1,-1,-1
419,1,396,299,550,683,1,-1,-1,-1
420,1,396,299,550,683,1,-1,-1,-1
421,1,396,299,550,683,1,-1,-1,-1
422,1,396,299,550,683,1,-1,-1,-1
423,1,396,299,550,683,1,-1,-1,-1
424,1,396,299,550,683,1,-1,-1,-1
425,1,396,299,550,683,1,-1,-1,-1
426,1,396,299,550,683,1,-1,-1,-1
427,1,396,299,550,683,1,-1,-1,-1
428,1,396,299,550,683,1,-1,-1,-1
429,1,396,299,550,683,1,-1,-1,-1
430,1,396,299,550,683,1,-1,-1,-1
431,1,396,299,550,683,1,-1,-1,-1
432,1,396,299,550,683,1,-1,-1,-1
433,1,396,299,550,683,1,-1,-1,-1
434,1,396,299,550,683,1,-1,-1,-1
435,1,396,299,550,683,1,-1,-1,-1
436,1,396,299,550,683,1,-1,-1,-1
437,1,396,299,550,683,1,-1,-1,-1
438,1,396,299,550,683,1,-1,-1,-1
439,1,396,299,550,683,1,-1,-1,-1
440,1,396,299,550,683,1,-1,-1,-1
441,1,396,299,550,683,1,-1,-1,-1
442,1,396,299,550,683,1,-1,-1,-1
443,1,396,299,550,683,1,-1,-1,-1
444,1,396,299,550,683,1,-1,-1,-1
445,1,396,299,550,683,1,-1,-1,-1
446,1,396,299,550,683,1,-1,-1,-1
447,1,396,299,550,683,1,-1,-1,-1
448,1,396,299,550,683,1,-1,-1,-1
449,1,396,299,550,683,1,-1,-1,-1
450,1,396,299,550,683,1,-1,-1,-1
451,1,396,299,550,683,1,-1,-1,-1
452,1,396,299,550,683,1,-1,-1,-1
453,1,396,299,550,683,1,-1,-1,-1
454,1,396,299,550,683,1,-1,-1,-1
455,1,396,299,550,683,1,-1,-1,-1
456,1,396,299,550,683,1,-1,-1,-1
457,1,396,299,550,683,1,-1,-1,-1
458,1,396,299,550,683,1,-1,-1,-1
459,1,396,299,550,683,1,-1,-1,-1
460,1,396,299,550,683,1,-1,-1,-1
461,1,396,299,550,683,1,-1,-1,-1
462,1,396,299,550,683,1,-1,-1,-1
463,1,396,299,550,683,1,-1,-1,-1
464,1,396,299,550,683,1,-1,-1,-1
465,1,396,299,550,683,1,-1,-1,-1
466,1,396,299,550,683,1,-1,-1,-1
467,1,396,299,550,683,1,-1,-1,-1
468,1,396,299,550,683,1,-1,-1,-1
469,1,396,299,550,683,1,-1,-1,-1
470,1,396,299,550,683,1,-1,-1,-1
471,1,396,299,550,683,1,-1,-1,-1
472,1,396,299,550,683,1,-1,-1,-1
473,1,396,299,550,683,1,-1,-1,-1
474,1,396,299,550,683,1,-1,-1,-1
475,1,396,299,550,683,1,-1,-1,-1
476,1,396,299,550,683,1,-1,-1,-1
477,1,396,299,550,683,1,-1,-1,-1
478,1,396,299,550,683,1,-1,-1,-1
479,1,396,299,550,683,1,-1,-1,-1
480,1,396,299,550,683,1,-1,-1,-1
481,1,396,299,550,683,1,-1,-1,-1
482,1,396,299,550,683,1,-1,-1,-1
483,1,396,299,550,683,1,-1,-1,-1
484,1,396,299,550,683,1,-1,-1,-1
485,1,396,299,550,683,1,-1,-1,-1
486,1,396,299,550,683,1,-1,-1,-1
487,1,396,299,550,683,1,-1,-1,-1
488,1,396,299,550,683,1,-1,-1,-1
489,1,396,299,550,683,1,-1,-1,-1
490,1,396,299,550,683,1,-1,-1,-1
491,1,396,299,550,683,1,-1,-1,-1
492,1,396,299,550,683,1,-1,-1,-1
493,1,396,299,550,683,1,-1,-1,-1
494,1,396,299,550,683,1,-1,-1,-1
495,1,396,299,550,683,1,-1,-1,-1
496,1,396,299,550,683,1,-1,-1,-1
497,1,396,299,550,683,1,-1,-1,-1
498,1,396,299,550,683,1,-1,-1,-1
499,1,396,299,550,683,1,-1,-1,-1
500,1,396,299,550,683,1,-1,-1,-1
501,1,396,299,550,683,1,-1,-1,-1
502,1,396,299,550,683,1,-1,-1,-1
503,1,396,299,550,683,1,-1,-1,-1
504,1,396,299,550,683,1,-1,-1,-1
505,1,396,299,550,683,1,-1,-1,-1
506,1,396,299,550,683,1,-1,-1,-1
507,1,396,299,550,683,1,-1,-1,-1
508,1,396,299,550,683,1,-1,-1,-1
509,1,396,299,550,683,1,-1,-1,-1
510,1,396,299,550,683,1,-1,-1,-1
511,1,396,299,550,683,1,-1,-1,-1
512,1,396,299,550,683,1,-1,-1,-1
513,1,396,299,550,683,1,-1,-1,-1
514,1,396,299,550,683,1,-1,-1,-1
515,1,396,299,550,683,1,-1,-1,-1
516,1,396,299,550,683,1,-1,-1,-1
517,1,396,299,550,683,1,-1,-1,-1
518,1,396,299,550,683,1,-1,-1,-1
519,1,396,299,550,683,1,-1,-1,-1
520,1,396,299,550,683,1,-1,-1,-1
521,1,396,299,550,683,1,-1,-1,-1
522,1,396,299,550,683,1,-1,-1,-1
523,1,396,299,550,683,1,-1,-1,-1
524,1,396,299,550,683,1,-1,-1,-1
525,1,396,299,550,683,1,-1,-1,-1
526,1,396,299,550,683,1,-1,-1,-1
527,1,396,299,550,683,1,-1,-1,-1
528,1,396,299,550,683,1,-1,-1,-1
529,1,396,299,550,683,1,-1,-1,-1
530,1,396,299,550,683,1,-1,-1,-1
531,1,396,299,550,683,1,-1,-1,-1
532,1,396,299,550,683,1,-1,-1,-1
533,1,396,299,550,683,1,-1,-1,-1
534,1,396,299,550,683,1,-1,-1,-1
535,1,396,299,550,683,1,-1,-1,-1
536,1,396,299,550,683,1,-1,-1,-1
537,1,396,299,550,683,1,-1,-1,-1
538,1,396,299,550,683,1,-1,-1,-1
539,1,396,299,550,683,1,-1,-1,-1
540,1,396,299,550,683,1,-1,-1,-1
541,1,396,299,550,683,1,-1,-1,-1
542,1,396,299,550,683,1,-1,-1,-1
543,1,396,299,550,683,1,-1,-1,-1
544,1,396,299,550,683,1,-1,-1,-1
545,1,396,251,550,729,1,-1,-1,-1
546,1,396,254,550,729,1,-1,-1,-1
547,1,396,251,550,729,1,-1,-1,-1
548,1,396,251,550,729,1,-1,-1,-1
549,1,396,251,550,729,1,-1,-1,-1
550,1,396,251,550,729,1,-1,-1,-1
551,1,366,251,581,729,1,-1,-1,-1
552,1,366,251,581,729,1,-1,-1,-1
553,1,366,251,581,729,1,-1,-1,-1
554,1,366,251,581,729,1,-1,-1,-1
555,1,366,251,581,729,1,-1,-1,-1
556,1,366,251,581,729,1,-1,-1,-1
557,1,366,251,581,729,1,-1,-1,-1
558,1,366,251,581,729,1,-1,-1,-1
559,1,469,250,508,729,1,-1,-1,-1
560,1,469,250,508,729,1,-1,-1,-1
561,1,469,250,508,729,1,-1,-1,-1
562,1,469,250,508,729,1,-1,-1,-1
563,1,469,250,508,729,1,-1,-1,-1
564,1,469,250,508,729,1,-1,-1,-1
565,1,469,250,508,729,1,-1,-1,-1
566,1,469,250,508,729,1,-1,-1,-1
567,1,469,250,508,729,1,-1,-1,-1
568,1,469,250,508,729,1,-1,-1,-1
569,1,445,233,453,747,1,-1,-1,-1
570,1,400,170,499,809,1,-1,-1,-1
571,1,383,132,516,848,1,-1,-1,-1
572,1,383,104,485,876,1,-1,-1,-1
573,1,403,78,464,902,1,-1,-1,-1
574,1,420,60,410,919,1,-1,-1,-1
575,1,420,39,410,940,1,-1,-1,-1
576,1,420,26,395,954,1,-1,-1,-1
577,1,420,16,378,964,1,-1,-1,-1
578,1,420,16,378,964,1,-1,-1,-1
579,1,398,16,378,964,1,-1,-1,-1
580,1,385,16,378,964,1,-1,-1,-1
581,1,385,16,378,964,1,-1,-1,-1
582,1,376,5,378,975,1,-1,-1,-1
583,1,376,5,378,975,1,-1,-1,-1
584,1,376,5,378,975,1,-1,-1,-1
585,1,376,5,378,975,1,-1,-1,-1
586,1,376,5,378,975,1,-1,-1,-1
587,1,394,5,327,992,1,-1,-1,-1
588,1,394,5,327,992,1,-1,-1,-1
589,1,394,5,327,992,1,-1,-1,-1
590,1,394,5,327,992,1,-1,-1,-1
591,1,394,5,327,992,1,-1,-1,-1
592,1,394,5,327,1012,1,-1,-1,-1
593,1,394,5,327,1032,1,-1,-1,-1
594,1,363,5,327,1049,1,-1,-1,-1
595,1,363,5,327,1049,1,-1,-1,-1
596,1,343,5,344,1049,1,-1,-1,-1
597,1,343,5,344,1049,1,-1,-1,-1
598,1,322,5,364,1049,1,-1,-1,-1
599,1,290,5,396,1049,1,-1,-1,-1
600,1,231,5,455,1049,1,-1,-1,-1
601,1,231,5,455,1049,1,-1,-1,-1
602,1,199,5,487,1049,1,-1,-1,-1
603,1,199,5,487,1049,1,-1,-1,-1
604,1,174,5,512,1066,1,-1,-1,-1
605,1,174,5,512,1066,1,-1,-1,-1
606,1,174,5,512,1066,1,-1,-1,-1
607,1,174,5,512,1066,1,-1,-1,-1
608,1,174,5,468,1066,1,-1,-1,-1
609,1,174,5,468,1066,1,-1,-1,-1
610,1,174,5,468,1066,1,-1,-1,-1
611,1,174,5,485,1066,1,-1,-1,-1
612,1,174,5,485,1066,1,-1,-1,-1
613,1,174,5,501,1066,1,-1,-1,-1
614,1,174,5,542,1066,1,-1,-1,-1
615,1,174,5,542,1066,1,-1,-1,-1
616,1,174,5,600,1066,1,-1,-1,-1
617,1,174,5,600,1066,1,-1,-1,-1
618,1,174,5,644,1066,1,-1,-1,-1
619,1,174,5,644,1066,1,-1,-1,-1
620,1,241,5,644,1066,1,-1,-1,-1
621,1,241,5,701,1066,1,-1,-1,-1
622,1,309,5,701,1066,1,-1,-1,-1
623,1,308,5,845,1066,1,-1,-1,-1
624,1,462,5,845,1066,1,-1,-1,-1
625,1,462,5,845,1066,1,-1,-1,-1
626,1,534,5,845,1066,1,-1,-1,-1
627,1,648,5,845,1066,1,-1,-1,-1
628,1,648,5,845,1066,1,-1,-1,-1
629,1,648,5,845,1066,1,-1,-1,-1
630,1,824,5,669,1066,1,-1,-1,-1
631,1,824,5,738,1066,1,-1,-1,-1
632,1,824,5,738,1066,1,-1,-1,-1
633,1,824,5,738,1066,1,-1,-1,-1
634,1,890,5,738,1066,1,-1,-1,-1
635,1,944,5,738,1066,1,-1,-1,-1
636,1,974,5,738,1066,1,-1,-1,-1
637,1,1025,5,738,1066,1,-1,-1,-1
638,1,1025,5,738,1066,1,-1,-1,-1
639,1,1196,5,626,1066,1,-1,-1,-1
640,1,1196,5,626,1066,1,-1,-1,-1
641,1,1256,5,565,1066,1,-1,-1,-1
642,1,1290,5,538,1066,1,-1,-1,-1
643,1,1316,5,538,1066,1,-1,-1,-1
644,1,1315,5,538,1066,1,-1,-1,-1
645,1,1315,5,538,1066,1,-1,-1,-1
646,1,1386,5,468,1066,1,-1,-1,-1
647,1,1386,5,468,1066,1,-1,-1,-1
648,1,1386,5,468,1066,1,-1,-1,-1
649,1,1386,5,468,1066,1,-1,-1,-1
650,1,1386,5,468,1066,1,-1,-1,-1
651,1,1386,5,468,1066,1,-1,-1,-1
652,1,1386,5,468,1066,1,-1,-1,-1
653,1,1473,5,380,1066,1,-1,-1,-1
654,1,1473,5,380,1066,1,-1,-1,-1
655,1,1473,5,380,1066,1,-1,-1,-1
656,1,1473,5,380,1066,1,-1,-1,-1
657,1,1473,5,380,1066,1,-1,-1,-1
658,1,1473,5,401,1066,1,-1,-1,-1
659,1,1473,5,401,1066,1,-1,-1,-1
660,1,1547,5,327,1066,1,-1,-1,-1
661,1,1547,5,327,1066,1,-1,-1,-1
662,1,1547,5,327,1066,1,-1,-1,-1
663,1,1547,5,327,1066,1,-1,-1,-1
664,1,1547,5,327,1066,1,-1,-1,-1
665,1,1547,5,263,964,1,-1,-1,-1
666,1,1511,95,300,874,1,-1,-1,-1
667,1,1465,95,347,874,1,-1,-1,-1
668,1,1465,95,347,874,1,-1,-1,-1
669,1,1438,95,347,874,1,-1,-1,-1
670,1,1438,95,347,874,1,-1,-1,-1
671,1,1438,95,347,874,1,-1,-1,-1
672,1,1438,95,347,819,1,-1,-1,-1
673,1,1438,95,299,808,1,-1,-1,-1
674,1,1438,95,299,808,1,-1,-1,-1
675,1,1403,79,299,808,1,-1,-1,-1
676,1,1410,123,267,776,1,-1,-1,-1
677,1,1410,123,267,776,1,-1,-1,-1
678,1,1410,123,267,776,1,-1,-1,-1
679,1,1383,111,267,776,1,-1,-1,-1
680,1,1383,111,267,776,1,-1,-1,-1
681,1,1383,111,267,776,1,-1,-1,-1
682,1,1383,111,267,776,1,-1,-1,-1
683,1,1383,165,232,680,1,-1,-1,-1
684,1,1383,165,232,680,1,-1,-1,-1
685,1,1383,165,232,680,1,-1,-1,-1
686,1,1357,165,232,680,1,-1,-1,-1
687,1,1329,188,260,633,1,-1,-1,-1
688,1,1316,188,260,633,1,-1,-1,-1
689,1,1311,188,260,633,1,-1,-1,-1
690,1,1301,188,260,633,1,-1,-1,-1
691,1,1301,188,260,633,1,-1,-1,-1
692,1,1301,188,260,633,1,-1,-1,-1
693,1,1301,188,260,633,1,-1,-1,-1
694,1,1301,200,227,621,1,-1,-1,-1
695,1,1301,200,227,621,1,-1,-1,-1
696,1,1301,200,227,590,1,-1,-1,-1
697,1,1301,200,227,590,1,-1,-1,-1
698,1,1286,200,197,590,1,-1,-1,-1
699,1,1286,200,197,590,1,-1,-1,-1
700,1,1287,200,197,590,1,-1,-1,-1
701,1,1286,200,197,590,1,-1,-1,-1
702,1,1286,218,197,571,1,-1,-1,-1
703,1,1286,200,197,590,1,-1,-1,-1
704,1,1286,200,197,590,1,-1,-1,-1
705,1,1345,269,138,521,1,-1,-1,-1
717,1,1362,252,121,492,1,-1,-1,-1
718,1,1362,252,121,492,1,-1,-1,-1
719,1,1386,252,97,492,1,-1,-1,-1
720,1,1386,252,97,492,1,-1,-1,-1
803,1,1399,343,75,131,1,-1,-1,-1
804,1,1396,343,75,131,1,-1,-1,-1
805,1,1388,343,86,131,1,-1,-1,-1
806,1,1382,343,86,131,1,-1,-1,-1
807,1,1375,343,86,131,1,-1,-1,-1
808,1,1371,343,86,131,1,-1,-1,-1
809,1,1365,343,86,121,1,-1,-1,-1
810,1,1359,343,86,121,1,-1,-1,-1
811,1,1359,343,86,121,1,-1,-1,-1
812,1,1347,343,86,121,1,-1,-1,-1
813,1,1340,343,86,121,1,-1,-1,-1
814,1,1333,343,86,121,1,-1,-1,-1
815,1,1329,343,86,121,1,-1,-1,-1
817,1,1322,343,86,121,1,-1,-1,-1
821,1,1322,353,62,111,1,-1,-1,-1
822,1,1322,353,57,111,1,-1,-1,-1
823,1,1322,359,54,105,1,-1,-1,-1
1164,1,7,7,536,1060,1,-1,-1,-1
1166,1,7,7,738,1060,1,-1,-1,-1
1170,1,210,7,634,1060,1,-1,-1,-1
1171,1,210,7,718,1060,1,-1,-1,-1
1172,1,210,7,855,1060,1,-1,-1,-1
1174,1,210,7,855,1060,1,-1,-1,-1
1175,1,199,7,855,1060,1,-1,-1,-1
1176,1,166,7,855,1060,1,-1,-1,-1
1178,1,155,7,749,1060,1,-1,-1,-1
1179,1,155,7,700,1060,1,-1,-1,-1
1180,1,170,7,645,1060,1,-1,-1,-1
1181,1,170,7,645,1060,1,-1,-1,-1
1184,1,170,7,563,1060,1,-1,-1,-1
1186,1,170,7,563,1060,1,-1,-1,-1
1187,1,170,7,563,1060,1,-1,-1,-1
1189,1,170,7,505,1060,1,-1,-1,-1
1190,1,170,7,505,1060,1,-1,-1,-1
1191,1,216,7,459,1060,1,-1,-1,-1
1192,1,216,7,459,1060,1,-1,-1,-1
1193,1,216,7,436,1022,1,-1,-1,-1
1194,1,216,7,436,1022,1,-1,-1,-1
1195,1,216,7,436,1022,1,-1,-1,-1
1196,1,216,7,436,1022,1,-1,-1,-1
1197,1,216,7,436,1022,1,-1,-1,-1
1198,1,282,7,370,1022,1,-1,-1,-1
1199,1,281,7,370,1022,1,-1,-1,-1
1200,1,282,7,370,976,1,-1,-1,-1
1200,1,281,7,370,976,1,-1,-1,-1
1201,1,281,7,370,976,1,-1,-1,-1
1202,1,317,47,337,872,1,-1,-1,-1
1203,1,317,47,337,872,1,-1,-1,-1
1204,1,317,47,337,872,1,-1,-1,-1
1205,1,317,47,337,872,1,-1,-1,-1
1206,1,317,47,337,872,1,-1,-1,-1
1207,1,395,47,259,844,1,-1,-1,-1
1208,1,395,47,295,844,1,-1,-1,-1
1209,1,395,47,295,844,1,-1,-1,-1
1210,1,405,91,285,800,1,-1,-1,-1
1211,1,405,91,322,800,1,-1,-1,-1
1212,1,431,91,296,747,1,-1,-1,-1
1213,1,482,91,257,747,1,-1,-1,-1
1214,1,487,91,271,747,1,-1,-1,-1
1215,1,535,91,225,747,1,-1,-1,-1
1216,1,534,91,225,747,1,-1,-1,-1
1217,1,539,91,257,747,1,-1,-1,-1
1218,1,539,91,257,747,1,-1,-1,-1
1219,1,539,91,306,403,1,-1,-1,-1
1220,1,607,91,257,405,1,-1,-1,-1
1221,1,607,91,257,405,1,-1,-1,-1
1222,1,660,114,257,405,1,-1,-1,-1
1223,1,669,139,257,405,1,-1,-1,-1
1224,1,700,139,257,405,1,-1,-1,-1
1225,1,722,142,257,405,1,-1,-1,-1
1226,1,722,142,257,405,1,-1,-1,-1
1227,1,722,142,257,405,1,-1,-1,-1
1228,1,776,142,202,405,1,-1,-1,-1
1229,1,801,142,202,405,1,-1,-1,-1
1230,1,826,143,202,405,1,-1,-1,-1
1231,1,826,143,236,405,1,-1,-1,-1
1232,1,856,143,234,405,1,-1,-1,-1
1233,1,856,143,259,405,1,-1,-1,-1
1234,1,908,143,223,405,1,-1,-1,-1
1235,1,908,143,223,405,1,-1,-1,-1
1236,1,908,143,296,405,1,-1,-1,-1
1237,1,958,143,247,405,1,-1,-1,-1
1238,1,958,143,247,405,1,-1,-1,-1
1239,1,958,143,247,405,1,-1,-1,-1
1240,1,958,143,247,405,1,-1,-1,-1
1241,1,1019,194,185,321,1,-1,-1,-1
1242,1,1019,194,185,321,1,-1,-1,-1
1243,1,1019,194,185,321,1,-1,-1,-1
1244,1,1019,194,185,321,1,-1,-1,-1
1252,1,1267,211,106,542,1,-1,-1,-1
1253,1,1267,211,106,542,1,-1,-1,-1
1254,1,1288,211,118,542,1,-1,-1,-1
1255,1,1288,211,134,542,1,-1,-1,-1
1256,1,1280,236,164,533,1,-1,-1,-1
1257,1,1280,236,164,533,1,-1,-1,-1
1258,1,1280,236,189,533,1,-1,-1,-1
1259,1,1280,236,189,533,1,-1,-1,-1
1261,1,1280,236,189,533,1,-1,-1,-1
1262,1,1308,236,160,519,1,-1,-1,-1
1263,1,1308,236,160,519,1,-1,-1,-1
1264,1,1336,236,132,502,1,-1,-1,-1
1448,2,1310,295,90,267,1,-1,-1,-1
1449,2,1310,295,90,267,1,-1,-1,-1
1450,2,1317,295,90,267,1,-1,-1,-1
1451,2,1317,295,105,267,1,-1,-1,-1
1452,2,1317,295,111,267,1,-1,-1,-1
1453,2,1317,295,118,267,1,-1,-1,-1
1454,2,1317,295,127,267,1,-1,-1,-1
1455,2,1328,295,130,267,1,-1,-1,-1
1456,2,1339,295,130,267,1,-1,-1,-1
1457,2,1339,286,130,275,1,-1,-1,-1
1458,2,1339,285,130,276,1,-1,-1,-1
1459,2,1339,285,130,276,1,-1,-1,-1
1460,2,1356,285,112,395,1,-1,-1,-1
1461,2,1356,285,112,416,1,-1,-1,-1
1462,2,1356,285,112,416,1,-1,-1,-1
1463,2,1356,285,112,416,1,-1,-1,-1
1464,2,1356,285,112,416,1,-1,-1,-1
1465,2,1356,271,112,429,1,-1,-1,-1
1469,2,1356,259,112,442,1,-1,-1,-1
1471,2,1345,259,125,449,1,-1,-1,-1
1477,2,1333,241,136,495,1,-1,-1,-1
1478,2,1333,241,136,495,1,-1,-1,-1
1479,2,1333,241,136,495,1,-1,-1,-1
1480,2,1314,234,154,501,1,-1,-1,-1
1481,2,1294,233,174,502,1,-1,-1,-1
1482,2,1285,231,184,505,1,-1,-1,-1
1483,2,1285,231,184,521,1,-1,-1,-1
1484,2,1285,231,184,521,1,-1,-1,-1
1485,2,1285,231,184,521,1,-1,-1,-1
1486,2,1285,231,172,521,1,-1,-1,-1
1487,2,1281,231,175,528,1,-1,-1,-1
1488,2,1279,221,175,538,1,-1,-1,-1
1489,2,1281,221,159,538,1,-1,-1,-1
1490,2,1281,211,159,566,1,-1,-1,-1
1491,2,1281,211,159,566,1,-1,-1,-1
1492,2,1281,211,159,566,1,-1,-1,-1
1493,2,1281,211,159,566,1,-1,-1,-1
1494,2,1281,211,159,587,1,-1,-1,-1
1495,2,1281,201,130,597,1,-1,-1,-1
1496,2,1281,201,130,597,1,-1,-1,-1
1497,2,1281,201,130,597,1,-1,-1,-1
1498,2,1281,201,130,597,1,-1,-1,-1
1499,2,1281,201,130,597,1,-1,-1,-1
1506,2,1050,167,169,371,1,-1,-1,-1
1507,2,1023,167,196,348,1,-1,-1,-1
1508,2,970,144,249,370,1,-1,-1,-1
1509,2,970,144,249,370,1,-1,-1,-1
1510,2,957,144,249,370,1,-1,-1,-1
1511,2,928,144,279,370,1,-1,-1,-1
1512,2,901,144,279,370,1,-1,-1,-1
1513,2,901,144,279,370,1,-1,-1,-1
1514,2,874,144,306,396,1,-1,-1,-1
1515,2,855,133,296,407,1,-1,-1,-1
1516,2,855,133,296,407,1,-1,-1,-1
1517,2,855,115,280,426,1,-1,-1,-1
1518,2,855,115,280,426,1,-1,-1,-1
1519,2,831,115,280,426,1,-1,-1,-1
1520,2,831,115,280,426,1,-1,-1,-1
1521,2,817,115,280,426,1,-1,-1,-1
1522,2,793,115,304,426,1,-1,-1,-1
1523,2,760,115,337,747,1,-1,-1,-1
1524,2,760,115,328,747,1,-1,-1,-1
1525,2,744,115,328,747,1,-1,-1,-1
1526,2,731,115,328,747,1,-1,-1,-1
1527,2,680,115,401,747,1,-1,-1,-1
1528,2,680,107,401,754,1,-1,-1,-1
1529,2,680,107,401,754,1,-1,-1,-1
1530,2,680,107,401,754,1,-1,-1,-1
1531,2,680,107,420,754,1,-1,-1,-1
1532,2,681,107,431,754,1,-1,-1,-1
1533,2,938,148,234,352,1,-1,-1,-1
1534,2,956,148,234,352,1,-1,-1,-1
1535,2,996,172,217,328,1,-1,-1,-1
1536,2,1014,172,199,328,1,-1,-1,-1
1548,2,1281,215,126,539,1,-1,-1,-1
1552,2,1281,215,168,539,1,-1,-1,-1
1555,2,1281,215,190,539,1,-1,-1,-1
1556,2,1281,215,190,539,1,-1,-1,-1
1557,2,1281,215,190,539,1,-1,-1,-1
1559,2,1320,215,151,539,1,-1,-1,-1
1562,2,1320,249,151,505,1,-1,-1,-1
1563,2,1320,249,151,505,1,-1,-1,-1
1565,2,1320,249,151,505,1,-1,-1,-1
1566,2,1320,249,151,505,1,-1,-1,-1
1569,2,1320,249,151,505,1,-1,-1,-1
1572,2,1320,249,151,505,1,-1,-1,-1
1573,2,1346,249,125,480,1,-1,-1,-1
1574,2,1346,249,125,480,1,-1,-1,-1
1575,2,1346,249,125,480,1,-1,-1,-1
1576,2,1346,249,125,480,1,-1,-1,-1
1577,2,1370,249,101,480,1,-1,-1,-1
1578,2,1363,262,107,453,1,-1,-1,-1
1579,2,1363,262,107,453,1,-1,-1,-1
1580,2,1363,262,107,453,1,-1,-1,-1
1581,2,1363,262,107,453,1,-1,-1,-1
1582,2,1363,262,107,453,1,-1,-1,-1
1583,2,1363,262,107,453,1,-1,-1,-1
1584,2,1363,262,107,453,1,-1,-1,-1
1585,2,1363,262,107,453,1,-1,-1,-1
1586,2,1363,262,107,453,1,-1,-1,-1
1587,2,1363,262,107,453,1,-1,-1,-1
1588,2,1363,262,107,453,1,-1,-1,-1
1589,2,1363,262,107,453,1,-1,-1,-1
1590,2,1363,262,107,453,1,-1,-1,-1
1591,2,1363,262,107,453,1,-1,-1,-1
1592,2,1363,262,107,453,1,-1,-1,-1
1593,2,1363,262,107,453,1,-1,-1,-1
1594,2,1363,262,107,453,1,-1,-1,-1
1595,2,1363,262,107,453,1,-1,-1,-1
1596,2,1363,262,107,453,1,-1,-1,-1
1597,2,1363,262,107,453,1,-1,-1,-1
1598,2,1363,262,107,453,1,-1,-1,-1
1599,2,1363,262,107,453,1,-1,-1,-1
1600,2,1363,262,107,453,1,-1,-1,-1
1601,2,1363,262,107,453,1,-1,-1,-1
1602,2,1363,262,107,453,1,-1,-1,-1
1603,2,1363,262,107,453,1,-1,-1,-1
1604,2,1363,262,107,453,1,-1,-1,-1
1605,2,1363,262,107,453,1,-1,-1,-1
1606,2,1363,262,107,453,1,-1,-1,-1
1607,2,1363,262,107,453,1,-1,-1,-1
1608,2,1363,262,107,453,1,-1,-1,-1
1609,2,1363,262,107,453,1,-1,-1,-1
1610,2,1402,262,69,422,1,-1,-1,-1
1611,2,1402,262,69,422,1,-1,-1,-1
1612,2,1402,262,69,422,1,-1,-1,-1
1613,2,1398,262,73,422,1,-1,-1,-1
1614,2,1398,262,73,422,1,-1,-1,-1
1615,2,1398,262,73,422,1,-1,-1,-1
1616,2,1398,262,73,422,1,-1,-1,-1
1617,2,1398,262,73,422,1,-1,-1,-1
1618,2,1398,262,73,422,1,-1,-1,-1
1619,2,1398,262,73,422,1,-1,-1,-1
1620,2,1398,262,73,422,1,-1,-1,-1
1621,2,1398,262,73,422,1,-1,-1,-1
1622,2,1398,262,73,422,1,-1,-1,-1
1623,2,1398,262,73,422,1,-1,-1,-1
1624,2,1398,262,73,422,1,-1,-1,-1
1625,2,1398,262,73,422,1,-1,-1,-1
1626,2,1398,262,73,422,1,-1,-1,-1
1627,2,1398,262,73,422,1,-1,-1,-1
1628,2,1398,262,73,422,1,-1,-1,-1
1629,2,1398,262,73,422,1,-1,-1,-1
1630,2,1398,262,73,422,1,-1,-1,-1
1631,2,1398,262,73,422,1,-1,-1,-1
1632,2,1398,262,73,422,1,-1,-1,-1
1633,2,1398,262,73,422,1,-1,-1,-1
1634,2,1398,262,73,422,1,-1,-1,-1
1635,2,1398,262,73,422,1,-1,-1,-1
1636,2,1398,262,73,422,1,-1,-1,-1
1637,2,1398,262,73,422,1,-1,-1,-1
1638,2,1398,262,73,422,1,-1,-1,-1
1639,2,1398,262,73,422,1,-1,-1,-1
1640,2,1398,262,73,422,1,-1,-1,-1
1641,2,1398,262,73,422,1,-1,-1,-1
1642,2,1398,262,73,422,1,-1,-1,-1
1643,2,1398,262,73,422,1,-1,-1,-1
1644,2,1398,262,73,422,1,-1,-1,-1
1645,2,1398,262,73,422,1,-1,-1,-1
1646,2,1398,262,73,422,1,-1,-1,-1
1647,2,1398,262,73,422,1,-1,-1,-1
1648,2,1398,262,73,422,1,-1,-1,-1
1649,2,1398,262,73,422,1,-1,-1,-1
1650,2,1398,262,73,422,1,-1,-1,-1
1651,2,1398,262,73,422,1,-1,-1,-1
1652,2,1398,262,73,422,1,-1,-1,-1
1653,2,1373,262,97,443,1,-1,-1,-1
1654,2,1373,262,97,443,1,-1,-1,-1
1655,2,1373,262,97,443,1,-1,-1,-1
1656,2,1367,262,104,454,1,-1,-1,-1
1657,2,1365,262,106,455,1,-1,-1,-1
1658,2,1365,262,106,455,1,-1,-1,-1
1659,2,1365,262,106,455,1,-1,-1,-1
1660,2,1350,262,121,453,1,-1,-1,-1
1661,2,1350,262,121,453,1,-1,-1,-1
1662,2,1335,262,136,468,1,-1,-1,-1
1663,2,1335,248,136,481,1,-1,-1,-1
1664,2,1335,248,136,491,1,-1,-1,-1
1665,2,1335,248,136,491,1,-1,-1,-1
1666,2,1335,248,136,491,1,-1,-1,-1
1667,2,1335,248,136,506,1,-1,-1,-1
1668,2,1335,248,136,506,1,-1,-1,-1
1669,2,1335,242,136,512,1,-1,-1,-1
1670,2,1335,243,136,511,1,-1,-1,-1
1671,2,1335,234,136,519,1,-1,-1,-1
1672,2,1302,238,169,516,1,-1,-1,-1
1673,2,1302,238,169,516,1,-1,-1,-1
1674,2,1283,238,188,516,1,-1,-1,-1
1675,2,1283,238,188,516,1,-1,-1,-1
1676,2,1283,238,188,516,1,-1,-1,-1
1677,2,1283,238,188,516,1,-1,-1,-1
1678,2,1276,238,195,516,1,-1,-1,-1
1679,2,1276,228,195,526,1,-1,-1,-1
1680,2,1276,228,195,526,1,-1,-1,-1
1681,2,1276,228,195,526,1,-1,-1,-1
1682,2,1276,228,181,526,1,-1,-1,-1
1683,2,1276,216,181,538,1,-1,-1,-1
1684,2,1276,216,181,550,1,-1,-1,-1
1685,2,1276,216,172,550,1,-1,-1,-1
1686,2,1276,216,172,550,1,-1,-1,-1
1687,2,1276,216,172,550,1,-1,-1,-1
1688,2,1276,216,172,570,1,-1,-1,-1
1689,2,1276,216,172,570,1,-1,-1,-1
1690,2,1276,216,172,570,1,-1,-1,-1
1691,2,1276,199,172,587,1,-1,-1,-1
1692,2,1276,199,188,603,1,-1,-1,-1
1693,2,1276,199,188,603,1,-1,-1,-1
1694,2,1276,199,202,603,1,-1,-1,-1
1695,2,1276,199,210,603,1,-1,-1,-1
1696,2,1276,195,202,607,1,-1,-1,-1
1697,2,1276,185,220,617,1,-1,-1,-1
1698,2,1276,185,220,617,1,-1,-1,-1
1699,2,1276,185,220,617,1,-1,-1,-1
1700,2,1276,185,220,617,1,-1,-1,-1
1701,2,1276,185,220,633,1,-1,-1,-1
1702,2,1276,185,220,642,1,-1,-1,-1
1703,2,1276,185,220,642,1,-1,-1,-1
1704,2,1276,162,221,665,1,-1,-1,-1
1705,2,1276,162,221,665,1,-1,-1,-1
1706,2,1276,162,221,665,1,-1,-1,-1
1707,2,1276,162,221,665,1,-1,-1,-1
1708,2,1276,162,221,665,1,-1,-1,-1
1709,2,1276,162,228,691,1,-1,-1,-1
1710,2,1276,162,228,691,1,-1,-1,-1
1711,2,1276,149,258,718,1,-1,-1,-1
1712,2,1276,149,258,730,1,-1,-1,-1
1713,2,1276,149,265,730,1,-1,-1,-1
1714,2,1276,142,297,738,1,-1,-1,-1
1715,2,1276,142,297,738,1,-1,-1,-1
1716,2,1276,125,297,755,1,-1,-1,-1
1717,2,1292,125,297,755,1,-1,-1,-1
1718,2,1292,125,297,755,1,-1,-1,-1
1719,2,1292,125,297,755,1,-1,-1,-1
1720,2,1292,125,297,755,1,-1,-1,-1
1721,2,1309,125,280,755,1,-1,-1,-1
1722,2,1309,125,280,755,1,-1,-1,-1
1723,2,1309,125,280,755,1,-1,-1,-1
1724,2,1309,125,280,755,1,-1,-1,-1
1725,2,1309,125,280,755,1,-1,-1,-1
1726,2,1309,125,280,755,1,-1,-1,-1
1727,2,1309,125,280,755,1,-1,-1,-1
1728,2,1309,125,280,755,1,-1,-1,-1
1729,2,1309,125,280,755,1,-1,-1,-1
1730,2,1309,125,280,755,1,-1,-1,-1
1731,2,1309,125,280,755,1,-1,-1,-1
1732,2,1309,125,280,755,1,-1,-1,-1
1733,2,1309,125,264,755,1,-1,-1,-1
1734,2,1309,125,264,755,1,-1,-1,-1
1735,2,1309,125,264,755,1,-1,-1,-1
1736,2,1309,125,264,755,1,-1,-1,-1
1737,2,1309,125,264,755,1,-1,-1,-1
1738,2,1309,125,264,755,1,-1,-1,-1
1739,2,1309,125,264,755,1,-1,-1,-1
1740,2,1309,125,264,755,1,-1,-1,-1
1741,2,1309,125,264,755,1,-1,-1,-1
1742,2,1309,125,264,755,1,-1,-1,-1
1743,2,1309,125,264,755,1,-1,-1,-1
1744,2,1309,125,264,755,1,-1,-1,-1
1745,2,1309,125,264,755,1,-1,-1,-1
1746,2,1309,125,264,755,1,-1,-1,-1
1747,2,1309,125,264,755,1,-1,-1,-1
1748,2,1309,125,264,755,1,-1,-1,-1
1749,2,1309,125,264,755,1,-1,-1,-1
1750,2,1309,125,264,755,1,-1,-1,-1
1751,2,1309,125,264,755,1,-1,-1,-1
1752,2,1309,125,264,755,1,-1,-1,-1
1753,2,1309,125,264,755,1,-1,-1,-1
1754,2,1309,125,264,755,1,-1,-1,-1
1755,2,1309,125,264,755,1,-1,-1,-1
1756,2,1309,125,264,755,1,-1,-1,-1
1757,2,1309,125,264,755,1,-1,-1,-1
1758,2,1309,125,264,755,1,-1,-1,-1
1759,2,1309,125,264,755,1,-1,-1,-1
1760,2,1309,125,264,755,1,-1,-1,-1
1761,2,1309,125,264,755,1,-1,-1,-1
1762,2,1309,125,264,755,1,-1,-1,-1
1763,2,1309,125,264,755,1,-1,-1,-1
1764,2,1309,125,264,755,1,-1,-1,-1
1765,2,1309,125,264,755,1,-1,-1,-1
1766,2,1309,125,264,755,1,-1,-1,-1
1767,2,1309,125,304,755,1,-1,-1,-1
1768,2,1309,125,304,755,1,-1,-1,-1
1769,2,1309,125,364,755,1,-1,-1,-1
1770,2,1309,125,364,755,1,-1,-1,-1
1772,2,1310,125,385,772,1,-1,-1,-1
1773,2,1309,125,385,772,1,-1,-1,-1
1774,2,1309,114,421,784,1,-1,-1,-1
1775,2,1432,114,301,784,1,-1,-1,-1
1776,2,1473,114,296,806,1,-1,-1,-1
1777,2,1474,101,308,840,1,-1,-1,-1
1778,2,1504,101,285,855,1,-1,-1,-1
1779,2,1521,90,300,893,1,-1,-1,-1
1780,2,1525,67,297,917,1,-1,-1,-1
1781,2,1524,67,297,917,1,-1,-1,-1
1782,2,1550,67,297,917,1,-1,-1,-1
1783,2,1545,43,315,940,1,-1,-1,-1
1784,2,1536,25,323,959,1,-1,-1,-1
1785,2,1533,10,355,1054,1,-1,-1,-1
1786,2,1533,10,355,1054,1,-1,-1,-1
1787,2,1533,10,355,1054,1,-1,-1,-1
1788,2,1533,10,369,1054,1,-1,-1,-1
1789,2,1533,10,369,1054,1,-1,-1,-1
1790,2,1504,10,397,1054,1,-1,-1,-1
1791,2,1486,10,416,1054,1,-1,-1,-1
1792,2,1486,10,416,1054,1,-1,-1,-1
1793,2,1410,10,491,1054,1,-1,-1,-1
1794,2,1330,10,571,1054,1,-1,-1,-1
1795,2,1301,10,601,1054,1,-1,-1,-1
1796,2,1250,10,652,1054,1,-1,-1,-1
1797,2,1219,10,590,1060,1,-1,-1,-1
1798,2,1181,10,590,1060,1,-1,-1,-1
1799,2,1136,10,590,1060,1,-1,-1,-1
1800,2,1032,10,658,1060,1,-1,-1,-1
1801,2,897,10,792,1060,1,-1,-1,-1
1802,2,716,10,908,1060,1,-1,-1,-1
1803,2,540,10,1085,1060,1,-1,-1,-1
1804,2,348,9,1085,1060,1,-1,-1,-1
1805,2,132,9,1085,1060,1,-1,-1,-1
1806,2,16,9,1002,1060,1,-1,-1,-1
1807,2,16,9,827,1060,1,-1,-1,-1
1808,2,16,9,672,1060,1,-1,-1,-1
1809,2,16,9,508,1060,1,-1,-1,-1
774,3,14,10,550,1059,1,-1,-1,-1
775,3,14,10,550,1059,1,-1,-1,-1
776,3,87,10,550,1059,1,-1,-1,-1
777,3,88,10,642,1059,1,-1,-1,-1
778,3,109,10,642,1059,1,-1,-1,-1
779,3,261,10,642,1059,1,-1,-1,-1
780,3,352,10,642,1059,1,-1,-1,-1
781,3,352,10,642,1059,1,-1,-1,-1
782,3,480,10,642,1059,1,-1,-1,-1
783,3,480,10,642,1059,1,-1,-1,-1
784,3,586,10,642,1059,1,-1,-1,-1
785,3,665,10,642,1059,1,-1,-1,-1
786,3,665,10,829,1059,1,-1,-1,-1
787,3,763,10,829,1059,1,-1,-1,-1
788,3,807,10,866,1059,1,-1,-1,-1
789,3,858,10,866,1059,1,-1,-1,-1
790,3,911,10,866,1059,1,-1,-1,-1
791,3,1011,10,788,1059,1,-1,-1,-1
792,3,1011,10,788,1059,1,-1,-1,-1
793,3,1127,10,672,1059,1,-1,-1,-1
794,3,1127,10,672,1059,1,-1,-1,-1
795,3,1199,10,600,1059,1,-1,-1,-1
796,3,1251,10,549,1059,1,-1,-1,-1
797,3,1265,10,470,1059,1,-1,-1,-1
798,3,1313,10,422,1059,1,-1,-1,-1
799,3,1313,10,454,1059,1,-1,-1,-1
800,3,1315,10,454,1059,1,-1,-1,-1
801,3,1316,10,482,1059,1,-1,-1,-1
803,3,1315,10,528,1059,1,-1,-1,-1
804,3,1372,10,471,1059,1,-1,-1,-1
805,3,1372,10,533,1059,1,-1,-1,-1
806,3,1371,10,527,1059,1,-1,-1,-1
807,3,1479,10,418,1059,1,-1,-1,-1
808,3,1479,10,418,1059,1,-1,-1,-1
809,3,1479,10,418,1059,1,-1,-1,-1
810,3,1479,10,418,1059,1,-1,-1,-1
811,3,1537,10,360,1059,1,-1,-1,-1
812,3,1537,10,360,1059,1,-1,-1,-1
813,3,1563,10,334,1059,1,-1,-1,-1
814,3,1563,10,334,1059,1,-1,-1,-1
815,3,1597,10,301,1059,1,-1,-1,-1
817,3,1597,10,301,1059,1,-1,-1,-1
821,3,1597,10,301,1059,1,-1,-1,-1
822,3,1597,10,301,1059,1,-1,-1,-1
823,3,1597,10,301,1059,1,-1,-1,-1
827,3,1557,90,290,849,1,-1,-1,-1
830,3,1467,90,336,849,1,-1,-1,-1
831,3,1467,90,336,849,1,-1,-1,-1
832,3,1436,90,366,849,1,-1,-1,-1
833,3,1408,112,357,808,1,-1,-1,-1
834,3,1408,112,357,808,1,-1,-1,-1
835,3,1408,112,357,808,1,-1,-1,-1
836,3,1362,112,357,808,1,-1,-1,-1
837,3,1362,112,327,772,1,-1,-1,-1
838,3,1324,112,327,772,1,-1,-1,-1
839,3,1324,112,327,772,1,-1,-1,-1
840,3,1324,139,290,745,1,-1,-1,-1
841,3,1324,139,290,745,1,-1,-1,-1
842,3,1324,151,262,734,1,-1,-1,-1
843,3,1324,151,262,734,1,-1,-1,-1
844,3,1324,159,234,697,1,-1,-1,-1
845,3,1324,159,234,697,1,-1,-1,-1
846,3,1324,159,206,697,1,-1,-1,-1
847,3,1306,159,225,697,1,-1,-1,-1
848,3,1287,159,221,663,1,-1,-1,-1
849,3,1287,159,221,663,1,-1,-1,-1
850,3,1281,159,227,663,1,-1,-1,-1
851,3,1281,159,227,663,1,-1,-1,-1
852,3,1281,191,192,631,1,-1,-1,-1
853,3,1281,191,192,631,1,-1,-1,-1
854,3,1281,191,192,631,1,-1,-1,-1
855,3,1282,191,192,631,1,-1,-1,-1
856,3,1281,191,192,631,1,-1,-1,-1
857,3,1281,191,192,631,1,-1,-1,-1
858,3,1281,191,192,631,1,-1,-1,-1
859,3,1281,191,192,631,1,-1,-1,-1
860,3,1281,191,192,631,1,-1,-1,-1
861,3,1281,191,192,631,1,-1,-1,-1
863,3,1281,191,192,631,1,-1,-1,-1
870,3,1336,246,137,511,1,-1,-1,-1
956,3,1433,343,43,122,1,-1,-1,-1
957,3,1424,343,52,122,1,-1,-1,-1
958,3,1418,343,52,122,1,-1,-1,-1
959,3,1409,343,60,122,1,-1,-1,-1
960,3,1400,343,60,122,1,-1,-1,-1
961,3,1389,343,72,122,1,-1,-1,-1
962,3,1375,343,72,122,1,-1,-1,-1
963,3,1371,343,72,122,1,-1,-1,-1
964,3,1357,343,72,122,1,-1,-1,-1
965,3,1357,343,72,122,1,-1,-1,-1
966,3,1340,343,80,122,1,-1,-1,-1
967,3,1328,343,93,122,1,-1,-1,-1
968,3,1328,343,83,122,1,-1,-1,-1
969,3,1321,343,83,122,1,-1,-1,-1
970,3,1322,343,68,122,1,-1,-1,-1
971,3,1322,343,68,122,1,-1,-1,-1
972,3,1322,343,62,122,1,-1,-1,-1
973,3,1322,353,48,112,1,-1,-1,-1
974,3,1322,353,48,112,1,-1,-1,-1
693,4,16,9,547,1064,1,-1,-1,-1
694,4,60,9,547,1064,1,-1,-1,-1
695,4,104,9,547,1064,1,-1,-1,-1
696,4,131,9,697,1064,1,-1,-1,-1
697,4,193,9,697,1064,1,-1,-1,-1
698,4,267,9,697,1064,1,-1,-1,-1
699,4,351,9,697,1064,1,-1,-1,-1
700,4,442,9,697,1064,1,-1,-1,-1
701,4,531,9,697,1064,1,-1,-1,-1
702,4,656,9,697,1064,1,-1,-1,-1
703,4,741,9,697,1064,1,-1,-1,-1
704,4,823,9,653,1064,1,-1,-1,-1
705,4,891,9,653,1064,1,-1,-1,-1
706,4,935,9,653,1064,1,-1,-1,-1
707,4,987,9,653,1064,1,-1,-1,-1
708,4,1069,9,653,1064,1,-1,-1,-1
709,4,1069,9,653,1064,1,-1,-1,-1
710,4,1165,9,557,1064,1,-1,-1,-1
711,4,1252,9,557,1064,1,-1,-1,-1
712,4,1251,9,557,1064,1,-1,-1,-1
713,4,1251,9,557,1064,1,-1,-1,-1
714,4,1251,9,557,1064,1,-1,-1,-1
715,4,1251,9,557,1064,1,-1,-1,-1
716,4,1391,9,417,1064,1,-1,-1,-1
717,4,1391,9,417,1064,1,-1,-1,-1
718,4,1423,9,417,1064,1,-1,-1,-1
719,4,1423,9,417,1064,1,-1,-1,-1
720,4,1423,9,449,1064,1,-1,-1,-1
721,4,1423,9,449,1064,1,-1,-1,-1
722,4,1468,9,403,1064,1,-1,-1,-1
723,4,1468,9,403,1064,1,-1,-1,-1
724,4,1468,9,403,1064,1,-1,-1,-1
725,4,1468,9,403,1064,1,-1,-1,-1
726,4,1468,9,403,1064,1,-1,-1,-1
727,4,1575,9,297,1064,1,-1,-1,-1
728,4,1574,9,297,1064,1,-1,-1,-1
729,4,1574,9,297,1064,1,-1,-1,-1
730,4,1574,9,297,1064,1,-1,-1,-1
731,4,1574,9,297,1064,1,-1,-1,-1
732,4,1557,69,284,941,1,-1,-1,-1
733,4,1557,69,284,941,1,-1,-1,-1
734,4,1526,69,284,941,1,-1,-1,-1
735,4,1526,69,284,891,1,-1,-1,-1
736,4,1526,69,284,891,1,-1,-1,-1
737,4,1496,133,268,827,1,-1,-1,-1
738,4,1496,133,268,827,1,-1,-1,-1
739,4,1496,133,268,827,1,-1,-1,-1
740,4,1496,133,268,827,1,-1,-1,-1
741,4,1496,144,205,816,1,-1,-1,-1
742,4,1496,144,205,772,1,-1,-1,-1
743,4,1461,144,205,772,1,-1,-1,-1
744,4,1449,144,217,748,1,-1,-1,-1
745,4,1426,144,217,748,1,-1,-1,-1
746,4,1373,144,270,748,1,-1,-1,-1
747,4,1330,144,286,748,1,-1,-1,-1
748,4,1312,144,286,726,1,-1,-1,-1
749,4,1312,169,278,701,1,-1,-1,-1
750,4,1298,169,278,701,1,-1,-1,-1
751,4,1298,169,278,701,1,-1,-1,-1
752,4,1298,169,226,701,1,-1,-1,-1
753,4,1298,169,226,701,1,-1,-1,-1
754,4,1298,169,226,701,1,-1,-1,-1
755,4,1296,179,188,663,1,-1,-1,-1
756,4,1296,179,188,663,1,-1,-1,-1
757,4,1296,189,153,653,1,-1,-1,-1
758,4,1296,207,147,634,1,-1,-1,-1
759,4,1296,207,147,634,1,-1,-1,-1
760,4,1296,207,147,634,1,-1,-1,-1
761,4,1296,207,147,634,1,-1,-1,-1
762,4,1281,207,162,603,1,-1,-1,-1
763,4,1281,207,162,603,1,-1,-1,-1
764,4,1281,207,162,603,1,-1,-1,-1
765,4,1281,207,162,603,1,-1,-1,-1
766,4,1281,207,162,603,1,-1,-1,-1
767,4,1281,207,162,603,1,-1,-1,-1
768,4,1281,207,162,603,1,-1,-1,-1
769,4,1281,207,162,603,1,-1,-1,-1
770,4,1281,207,162,603,1,-1,-1,-1
771,4,1281,207,162,603,1,-1,-1,-1
772,4,1281,207,162,603,1,-1,-1,-1
773,4,1281,207,162,603,1,-1,-1,-1
774,4,1305,236,138,533,1,-1,-1,-1
774,4,1304,236,138,533,1,-1,-1,-1
775,4,1304,236,170,533,1,-1,-1,-1
776,4,1304,236,170,533,1,-1,-1,-1
777,4,1304,236,170,533,1,-1,-1,-1
778,4,1304,236,170,533,1,-1,-1,-1
779,4,1304,236,170,533,1,-1,-1,-1
780,4,1314,236,160,533,1,-1,-1,-1
781,4,1333,236,142,533,1,-1,-1,-1
782,4,1352,252,122,496,1,-1,-1,-1
783,4,1378,252,97,491,1,-1,-1,-1
854,4,1444,342,35,127,1,-1,-1,-1
855,4,1444,342,35,127,1,-1,-1,-1
856,4,1436,342,39,127,1,-1,-1,-1
857,4,1429,342,46,125,1,-1,-1,-1
858,4,1429,342,46,125,1,-1,-1,-1
859,4,1429,342,46,125,1,-1,-1,-1
491,5,4,5,337,1067,1,-1,-1,-1
492,5,4,5,337,1067,1,-1,-1,-1
493,5,4,5,337,1067,1,-1,-1,-1
494,5,4,5,337,1067,1,-1,-1,-1
495,5,4,5,352,1067,1,-1,-1,-1
496,5,4,5,352,1067,1,-1,-1,-1
497,5,4,5,352,1067,1,-1,-1,-1
498,5,44,5,323,1067,1,-1,-1,-1
499,5,44,5,323,1067,1,-1,-1,-1
500,5,44,5,369,1067,1,-1,-1,-1
501,5,107,5,337,1067,1,-1,-1,-1
502,5,107,5,337,1067,1,-1,-1,-1
503,5,107,5,366,1067,1,-1,-1,-1
504,5,161,5,366,1067,1,-1,-1,-1
505,5,184,5,369,958,1,-1,-1,-1
506,5,184,5,369,958,1,-1,-1,-1
507,5,184,5,369,958,1,-1,-1,-1
508,5,184,5,369,958,1,-1,-1,-1
509,5,184,5,369,958,1,-1,-1,-1
510,5,184,5,369,958,1,-1,-1,-1
511,5,254,5,299,958,1,-1,-1,-1
512,5,280,5,299,958,1,-1,-1,-1
513,5,280,5,299,958,1,-1,-1,-1
514,5,315,5,299,912,1,-1,-1,-1
515,5,356,5,260,914,1,-1,-1,-1
516,5,373,43,260,876,1,-1,-1,-1
517,5,373,43,264,876,1,-1,-1,-1
518,5,402,54,259,865,1,-1,-1,-1
519,5,402,65,260,854,1,-1,-1,-1
520,5,422,85,264,834,1,-1,-1,-1
521,5,425,65,288,854,1,-1,-1,-1
522,5,424,65,288,502,1,-1,-1,-1
523,5,449,65,288,502,1,-1,-1,-1
524,5,482,65,253,502,1,-1,-1,-1
525,5,505,65,241,502,1,-1,-1,-1
526,5,538,65,236,400,1,-1,-1,-1
527,5,563,105,231,374,1,-1,-1,-1
528,5,586,105,270,374,1,-1,-1,-1
529,5,617,105,270,333,1,-1,-1,-1
530,5,648,105,270,296,1,-1,-1,-1
531,5,690,105,270,291,1,-1,-1,-1
532,5,690,105,280,304,1,-1,-1,-1
533,5,728,105,280,304,1,-1,-1,-1
534,5,728,105,297,321,1,-1,-1,-1
535,5,797,105,246,386,1,-1,-1,-1
536,5,822,105,246,386,1,-1,-1,-1
537,5,839,105,246,386,1,-1,-1,-1
538,5,869,128,246,386,1,-1,-1,-1
539,5,886,133,246,386,1,-1,-1,-1
540,5,926,143,246,386,1,-1,-1,-1
541,5,926,143,246,386,1,-1,-1,-1
542,5,965,142,225,386,1,-1,-1,-1
543,5,965,142,225,386,1,-1,-1,-1
544,5,1003,139,196,386,1,-1,-1,-1
545,5,1039,139,162,386,1,-1,-1,-1
546,5,1038,139,162,386,1,-1,-1,-1
547,5,1038,139,162,386,1,-1,-1,-1
548,5,1038,139,162,386,1,-1,-1,-1
557,5,1245,196,160,596,1,-1,-1,-1
558,5,1245,196,160,596,1,-1,-1,-1
559,5,1245,196,160,596,1,-1,-1,-1
560,5,1245,196,160,596,1,-1,-1,-1
561,5,1270,196,160,570,1,-1,-1,-1
562,5,1270,196,160,570,1,-1,-1,-1
563,5,1270,196,160,570,1,-1,-1,-1
564,5,1270,196,172,570,1,-1,-1,-1
565,5,1270,196,179,570,1,-1,-1,-1
566,5,1269,196,188,570,1,-1,-1,-1
567,5,1268,226,197,540,1,-1,-1,-1
568,5,1268,226,197,540,1,-1,-1,-1
569,5,1289,226,176,540,1,-1,-1,-1
570,5,1289,226,176,540,1,-1,-1,-1
571,5,1313,226,153,540,1,-1,-1,-1
572,5,1313,226,153,540,1,-1,-1,-1
573,5,1348,226,131,540,1,-1,-1,-1
574,5,1347,226,131,540,1,-1,-1,-1
575,5,1362,226,117,540,1,-1,-1,-1
576,5,1381,226,97,540,1,-1,-1,-1
577,5,1393,246,85,495,1,-1,-1,-1
578,5,1393,246,85,495,1,-1,-1,-1
579,5,1393,246,85,495,1,-1,-1,-1
580,5,1393,246,85,495,1,-1,-1,-1
756,5,1433,289,47,285,1,-1,-1,-1
757,5,1433,289,47,290,1,-1,-1,-1
758,5,1433,289,47,281,1,-1,-1,-1
759,5,1401,289,79,386,1,-1,-1,-1
760,5,1401,289,79,386,1,-1,-1,-1
761,5,1401,289,79,386,1,-1,-1,-1
