279,0,376,429,66,505,1,-1,-1,-1
280,0,376,434,90,499,1,-1,-1,-1
281,0,376,434,110,499,1,-1,-1,-1
282,0,376,438,111,495,1,-1,-1,-1
283,0,376,438,119,502,1,-1,-1,-1
284,0,376,432,125,507,1,-1,-1,-1
285,0,389,432,125,507,1,-1,-1,-1
286,0,405,432,125,507,1,-1,-1,-1
287,0,405,435,161,505,1,-1,-1,-1
288,0,405,444,177,495,1,-1,-1,-1
289,0,405,444,177,495,1,-1,-1,-1
290,0,414,450,168,490,1,-1,-1,-1
291,0,429,450,153,490,1,-1,-1,-1
292,0,439,450,142,470,1,-1,-1,-1
293,0,481,450,100,476,1,-1,-1,-1
294,0,527,450,55,480,1,-1,-1,-1
295,0,540,450,42,478,1,-1,-1,-1
412,0,529,439,57,529,1,-1,-1,-1
413,0,523,432,62,536,1,-1,-1,-1
414,0,512,425,73,543,1,-1,-1,-1
415,0,501,418,84,551,1,-1,-1,-1
416,0,492,412,93,556,1,-1,-1,-1
417,0,474,412,111,556,1,-1,-1,-1
418,0,439,407,146,562,1,-1,-1,-1
419,0,414,407,171,574,1,-1,-1,-1
420,0,407,407,179,583,1,-1,-1,-1
421,0,397,403,188,596,1,-1,-1,-1
422,0,397,392,188,607,1,-1,-1,-1
423,0,397,392,188,607,1,-1,-1,-1
424,0,397,379,188,620,1,-1,-1,-1
425,0,385,379,199,620,1,-1,-1,-1
426,0,368,370,215,629,1,-1,-1,-1
427,0,359,370,210,671,1,-1,-1,-1
428,0,354,363,199,678,1,-1,-1,-1
429,0,350,369,199,678,1,-1,-1,-1
430,0,350,361,199,713,1,-1,-1,-1
431,0,341,352,208,722,1,-1,-1,-1
432,0,345,343,208,731,1,-1,-1,-1
433,0,345,337,217,737,1,-1,-1,-1
434,0,337,330,232,744,1,-1,-1,-1
435,0,337,323,232,751,1,-1,-1,-1
436,0,337,314,241,764,1,-1,-1,-1
437,0,333,314,241,764,1,-1,-1,-1
438,0,329,314,241,764,1,-1,-1,-1
439,0,321,308,248,769,1,-1,-1,-1
440,0,312,295,257,782,1,-1,-1,-1
441,0,303,281,266,797,1,-1,-1,-1
442,0,294,268,275,810,1,-1,-1,-1
443,0,284,252,284,826,1,-1,-1,-1
444,0,284,239,284,839,1,-1,-1,-1
445,0,270,239,299,839,1,-1,-1,-1
446,0,270,232,299,846,1,-1,-1,-1
447,0,270,232,299,846,1,-1,-1,-1
448,0,275,217,299,861,1,-1,-1,-1
449,0,275,199,317,879,1,-1,-1,-1
450,0,284,179,337,899,1,-1,-1,-1
451,0,284,162,368,915,1,-1,-1,-1
452,0,284,148,394,930,1,-1,-1,-1
453,0,284,135,418,943,1,-1,-1,-1
454,0,284,126,434,952,1,-1,-1,-1
455,0,290,115,447,963,1,-1,-1,-1
456,0,290,104,463,974,1,-1,-1,-1
457,0,290,75,463,1003,1,-1,-1,-1
458,0,290,47,469,1030,1,-1,-1,-1
459,0,286,24,476,1054,1,-1,-1,-1
460,0,292,5,483,1072,1,-1,-1,-1
461,0,310,0,523,1078,1,-1,-1,-1
462,0,335,0,538,1078,1,-1,-1,-1
463,0,366,0,562,1078,1,-1,-1,-1
464,0,425,0,569,1078,1,-1,-1,-1
465,0,483,0,587,1078,1,-1,-1,-1
466,0,551,0,602,1078,1,-1,-1,-1
467,0,605,0,631,1078,1,-1,-1,-1
468,0,658,0,647,1078,1,-1,-1,-1
469,0,722,0,666,1078,1,-1,-1,-1
470,0,796,0,666,1078,1,-1,-1,-1
471,0,864,0,666,1078,1,-1,-1,-1
472,0,930,0,666,1078,1,-1,-1,-1
473,0,1014,0,737,1078,1,-1,-1,-1
474,0,1087,0,759,1078,1,-1,-1,-1
475,0,1174,0,744,1078,1,-1,-1,-1
476,0,1273,0,645,1078,1,-1,-1,-1
477,0,1369,0,549,1078,1,-1,-1,-1
478,0,1448,0,470,1078,1,-1,-1,-1
479,0,1504,0,414,1078,1,-1,-1,-1
480,0,1568,0,350,1078,1,-1,-1,-1
481,0,1614,0,305,1078,1,-1,-1,-1
482,0,1659,0,259,1078,1,-1,-1,-1
483,0,1701,0,217,1078,1,-1,-1,-1
484,0,1749,0,170,1078,1,-1,-1,-1
485,0,1789,0,129,1078,1,-1,-1,-1
486,0,1809,0,109,1078,1,-1,-1,-1
537,0,1739,0,179,1078,1,-1,-1,-1
538,0,1685,0,233,1078,1,-1,-1,-1
539,0,1665,0,253,1078,1,-1,-1,-1
540,0,1639,0,279,1078,1,-1,-1,-1
541,0,1632,0,286,1078,1,-1,-1,-1
542,0,1510,0,408,1078,1,-1,-1,-1
543,0,1388,0,531,1078,1,-1,-1,-1
544,0,1275,0,644,1078,1,-1,-1,-1
544,4,374,414,62,523,1,-1,-1,-1
545,0,1169,0,749,1078,1,-1,-1,-1
545,4,374,414,73,523,1,-1,-1,-1
546,0,1065,0,853,1078,1,-1,-1,-1
546,4,374,414,84,523,1,-1,-1,-1
547,0,965,0,760,1078,1,-1,-1,-1
547,4,374,414,115,532,1,-1,-1,-1
548,0,890,0,722,1078,1,-1,-1,-1
548,4,374,414,135,540,1,-1,-1,-1
549,0,833,0,691,1078,1,-1,-1,-1
549,4,374,414,146,551,1,-1,-1,-1
550,0,797,0,635,1078,1,-1,-1,-1
550,4,374,412,151,556,1,-1,-1,-1
551,0,707,0,647,1078,1,-1,-1,-1
551,4,374,407,151,562,1,-1,-1,-1
552,0,622,0,680,1078,1,-1,-1,-1
552,4,374,407,166,562,1,-1,-1,-1
553,0,573,0,678,1078,1,-1,-1,-1
553,4,383,401,166,567,1,-1,-1,-1
554,0,540,0,669,1078,1,-1,-1,-1
554,4,383,401,184,567,1,-1,-1,-1
555,0,511,0,651,1078,1,-1,-1,-1
555,4,383,394,195,574,1,-1,-1,-1
556,0,480,0,635,1078,1,-1,-1,-1
556,4,383,394,195,574,1,-1,-1,-1
557,0,439,0,616,1078,1,-1,-1,-1
557,4,383,394,206,587,1,-1,-1,-1
558,0,416,0,596,1078,1,-1,-1,-1
559,0,399,0,578,1078,1,-1,-1,-1
560,0,377,29,543,1048,1,-1,-1,-1
561,0,361,46,521,1032,1,-1,-1,-1
562,0,341,69,503,1008,1,-1,-1,-1
563,0,328,84,483,994,1,-1,-1,-1
564,0,328,98,454,979,1,-1,-1,-1
565,0,328,106,438,972,1,-1,-1,-1
566,0,335,124,416,954,1,-1,-1,-1
567,0,354,133,388,945,1,-1,-1,-1
568,0,365,159,377,919,1,-1,-1,-1
568,4,294,350,219,680,1,-1,-1,-1
569,0,376,179,370,899,1,-1,-1,-1
569,4,284,350,228,680,1,-1,-1,-1
570,0,392,197,363,881,1,-1,-1,-1
570,4,279,345,233,686,1,-1,-1,-1
571,0,412,213,348,864,1,-1,-1,-1
571,4,279,339,233,709,1,-1,-1,-1
572,0,436,221,348,857,1,-1,-1,-1
572,4,283,332,222,738,1,-1,-1,-1
573,0,458,232,348,846,1,-1,-1,-1
573,4,283,334,222,744,1,-1,-1,-1
574,0,490,237,348,841,1,-1,-1,-1
574,4,283,334,222,744,1,-1,-1,-1
575,0,504,237,348,841,1,-1,-1,-1
575,4,283,321,222,757,1,-1,-1,-1
576,0,516,244,335,833,1,-1,-1,-1
576,4,283,308,228,769,1,-1,-1,-1
577,0,529,261,323,817,1,-1,-1,-1
577,4,283,295,239,782,1,-1,-1,-1
578,0,532,272,308,806,1,-1,-1,-1
578,4,283,295,239,782,1,-1,-1,-1
579,0,538,284,292,793,1,-1,-1,-1
579,4,283,283,244,795,1,-1,-1,-1
580,0,538,290,277,788,1,-1,-1,-1
580,4,274,275,253,802,1,-1,-1,-1
581,0,538,295,263,782,1,-1,-1,-1
581,4,268,268,253,810,1,-1,-1,-1
582,0,534,295,257,782,1,-1,-1,-1
582,4,239,268,283,810,1,-1,-1,-1
583,0,531,299,244,779,1,-1,-1,-1
583,4,235,257,283,821,1,-1,-1,-1
584,0,527,306,230,771,1,-1,-1,-1
584,4,226,243,292,835,1,-1,-1,-1
585,0,513,306,230,771,1,-1,-1,-1
585,4,219,224,299,853,1,-1,-1,-1
586,0,509,319,210,759,1,-1,-1,-1
586,4,208,212,310,866,1,-1,-1,-1
587,0,498,325,221,753,1,-1,-1,-1
587,4,199,201,319,877,1,-1,-1,-1
588,0,481,332,237,746,1,-1,-1,-1
588,4,199,186,319,892,1,-1,-1,-1
589,0,456,345,263,733,1,-1,-1,-1
589,4,186,181,339,897,1,-1,-1,-1
590,0,456,345,263,733,1,-1,-1,-1
590,4,179,168,357,910,1,-1,-1,-1
591,0,445,350,274,728,1,-1,-1,-1
591,4,179,168,372,910,1,-1,-1,-1
592,0,445,350,219,693,1,-1,-1,-1
592,4,171,150,388,928,1,-1,-1,-1
593,4,153,131,418,946,1,-1,-1,-1
594,4,153,109,436,968,1,-1,-1,-1
595,4,140,98,465,979,1,-1,-1,-1
596,4,140,78,465,999,1,-1,-1,-1
597,4,126,73,483,1006,1,-1,-1,-1
598,4,126,51,483,1027,1,-1,-1,-1
599,4,126,51,483,1027,1,-1,-1,-1
600,4,126,36,483,1041,1,-1,-1,-1
601,4,139,11,483,1067,1,-1,-1,-1
602,4,148,0,461,1078,1,-1,-1,-1
603,4,159,0,452,1078,1,-1,-1,-1
604,4,171,0,463,1078,1,-1,-1,-1
605,4,201,0,452,1078,1,-1,-1,-1
606,4,215,0,438,1078,1,-1,-1,-1
607,4,233,0,438,1078,1,-1,-1,-1
608,4,253,0,438,1078,1,-1,-1,-1
609,4,295,0,438,1078,1,-1,-1,-1
610,4,332,0,449,1078,1,-1,-1,-1
611,4,357,0,469,1078,1,-1,-1,-1
612,4,374,0,496,1078,1,-1,-1,-1
613,4,392,0,514,1078,1,-1,-1,-1
614,4,408,0,540,1078,1,-1,-1,-1
615,4,414,0,580,1078,1,-1,-1,-1
616,4,414,0,605,1078,1,-1,-1,-1
617,4,399,0,662,1078,1,-1,-1,-1
618,4,399,0,720,1078,1,-1,-1,-1
619,4,399,0,744,1078,1,-1,-1,-1
620,4,372,0,806,1078,1,-1,-1,-1
621,4,301,0,877,1078,1,-1,-1,-1
622,4,235,0,881,1078,1,-1,-1,-1
623,4,201,0,872,1078,1,-1,-1,-1
624,4,195,0,821,1078,1,-1,-1,-1
625,4,195,0,764,1078,1,-1,-1,-1
626,4,201,0,693,1078,1,-1,-1,-1
627,4,201,0,633,1078,1,-1,-1,-1
628,4,195,16,573,1061,1,-1,-1,-1
629,4,177,16,558,1061,1,-1,-1,-1
630,4,164,27,545,1050,1,-1,-1,-1
631,4,160,42,536,1036,1,-1,-1,-1
632,4,160,58,536,1019,1,-1,-1,-1
633,4,160,67,536,1010,1,-1,-1,-1
634,4,171,84,536,994,1,-1,-1,-1
635,4,175,97,536,981,1,-1,-1,-1
636,4,188,109,520,968,1,-1,-1,-1
637,4,195,122,500,955,1,-1,-1,-1
638,4,199,129,480,948,1,-1,-1,-1
639,4,201,142,461,935,1,-1,-1,-1
640,4,212,155,436,923,1,-1,-1,-1
641,4,219,170,421,908,1,-1,-1,-1
642,4,232,184,403,893,1,-1,-1,-1
643,4,239,197,388,881,1,-1,-1,-1
644,4,250,212,370,866,1,-1,-1,-1
645,4,263,224,348,853,1,-1,-1,-1
646,4,263,235,348,842,1,-1,-1,-1
647,4,272,239,332,839,1,-1,-1,-1
648,4,272,248,332,830,1,-1,-1,-1
649,4,283,257,326,821,1,-1,-1,-1
650,4,283,261,345,817,1,-1,-1,-1
651,4,283,270,354,808,1,-1,-1,-1
652,4,288,284,343,793,1,-1,-1,-1
653,4,295,299,334,779,1,-1,-1,-1
654,4,303,310,321,768,1,-1,-1,-1
655,4,312,319,308,759,1,-1,-1,-1
656,4,312,321,294,757,1,-1,-1,-1
657,4,312,321,294,757,1,-1,-1,-1
658,4,319,330,272,737,1,-1,-1,-1
659,4,319,339,272,728,1,-1,-1,-1
660,4,319,348,264,718,1,-1,-1,-1
661,4,332,352,250,715,1,-1,-1,-1
662,4,337,363,239,695,1,-1,-1,-1
663,4,346,363,230,695,1,-1,-1,-1
664,4,346,374,224,658,1,-1,-1,-1
665,4,357,374,217,636,1,-1,-1,-1
666,4,365,374,217,631,1,-1,-1,-1
667,4,365,381,217,624,1,-1,-1,-1
668,4,374,381,208,624,1,-1,-1,-1
669,4,385,392,197,613,1,-1,-1,-1
670,4,394,397,188,607,1,-1,-1,-1
671,4,408,397,173,607,1,-1,-1,-1
672,4,421,397,162,594,1,-1,-1,-1
673,4,427,403,157,573,1,-1,-1,-1
674,4,434,403,150,569,1,-1,-1,-1
675,4,434,408,150,563,1,-1,-1,-1
676,4,441,408,142,563,1,-1,-1,-1
677,4,441,414,142,558,1,-1,-1,-1
678,4,441,418,142,554,1,-1,-1,-1
679,4,441,418,142,554,1,-1,-1,-1
680,4,441,427,142,545,1,-1,-1,-1
681,4,454,427,129,520,1,-1,-1,-1
682,4,454,427,129,520,1,-1,-1,-1
683,4,454,427,129,520,1,-1,-1,-1
684,4,454,427,129,520,1,-1,-1,-1
685,4,454,436,129,511,1,-1,-1,-1
686,4,454,436,129,511,1,-1,-1,-1
687,4,454,441,129,505,1,-1,-1,-1
688,4,454,441,129,505,1,-1,-1,-1
689,4,454,441,129,494,1,-1,-1,-1
690,4,454,445,129,490,1,-1,-1,-1
691,4,454,445,129,480,1,-1,-1,-1
692,4,454,445,129,480,1,-1,-1,-1
693,4,454,445,129,480,1,-1,-1,-1
694,4,428,445,155,480,1,-1,-1,-1
695,4,410,445,173,472,1,-1,-1,-1
696,4,401,445,182,472,1,-1,-1,-1
697,4,401,445,182,472,1,-1,-1,-1
698,4,401,445,182,472,1,-1,-1,-1
699,4,397,445,173,472,1,-1,-1,-1
700,4,397,441,159,472,1,-1,-1,-1
701,4,385,441,159,472,1,-1,-1,-1
702,4,374,441,128,472,1,-1,-1,-1
703,4,374,441,113,472,1,-1,-1,-1
704,4,374,441,104,472,1,-1,-1,-1
705,4,374,447,104,467,1,-1,-1,-1
706,4,374,447,104,467,1,-1,-1,-1
707,4,374,447,104,467,1,-1,-1,-1
708,4,374,447,104,467,1,-1,-1,-1
709,4,374,447,97,467,1,-1,-1,-1
710,4,374,447,80,467,1,-1,-1,-1
711,4,376,472,58,441,1,-1,-1,-1
728,3,376,416,67,516,1,-1,-1,-1
729,3,376,425,80,516,1,-1,-1,-1
730,3,376,425,115,516,1,-1,-1,-1
731,3,376,425,135,512,1,-1,-1,-1
732,3,376,425,146,520,1,-1,-1,-1
733,3,376,430,159,514,1,-1,-1,-1
734,3,376,425,157,520,1,-1,-1,-1
735,3,376,425,157,520,1,-1,-1,-1
736,3,376,416,164,529,1,-1,-1,-1
737,3,376,416,175,529,1,-1,-1,-1
738,3,379,410,184,534,1,-1,-1,-1
739,3,387,410,204,534,1,-1,-1,-1
740,3,394,410,204,552,1,-1,-1,-1
741,3,396,412,204,558,1,-1,-1,-1
742,3,396,412,204,563,1,-1,-1,-1
743,3,405,405,195,571,1,-1,-1,-1
744,3,412,405,188,576,1,-1,-1,-1
745,3,412,396,188,585,1,-1,-1,-1
746,3,412,396,188,585,1,-1,-1,-1
747,3,412,388,188,605,1,-1,-1,-1
748,3,412,388,188,611,1,-1,-1,-1
749,3,412,388,188,611,1,-1,-1,-1
750,3,396,388,193,629,1,-1,-1,-1
751,3,396,388,193,636,1,-1,-1,-1
752,3,376,383,213,642,1,-1,-1,-1
753,3,363,376,226,649,1,-1,-1,-1
754,3,363,368,213,656,1,-1,-1,-1
755,3,348,363,228,662,1,-1,-1,-1
756,3,339,363,237,666,1,-1,-1,-1
757,3,332,354,244,695,1,-1,-1,-1
758,3,332,354,244,706,1,-1,-1,-1
759,3,337,354,239,717,1,-1,-1,-1
760,3,337,350,244,726,1,-1,-1,-1
761,3,349,350,244,726,1,-1,-1,-1
762,3,357,341,255,735,1,-1,-1,-1
763,3,361,341,255,735,1,-1,-1,-1
764,3,361,328,272,748,1,-1,-1,-1
765,3,370,323,272,753,1,-1,-1,-1
766,3,370,314,284,762,1,-1,-1,-1
767,3,376,314,284,762,1,-1,-1,-1
768,3,383,308,286,768,1,-1,-1,-1
769,3,383,308,297,768,1,-1,-1,-1
770,3,383,308,308,768,1,-1,-1,-1
771,3,390,299,308,777,1,-1,-1,-1
772,3,405,292,297,784,1,-1,-1,-1
773,3,414,279,297,797,1,-1,-1,-1
773,1,372,449,78,456,1,-1,-1,-1
774,3,425,268,312,808,1,-1,-1,-1
774,1,372,449,78,456,1,-1,-1,-1
775,3,439,268,312,808,1,-1,-1,-1
775,1,372,449,78,456,1,-1,-1,-1
776,3,457,268,312,808,1,-1,-1,-1
776,1,372,449,78,456,1,-1,-1,-1
777,3,477,268,312,808,1,-1,-1,-1
777,1,372,449,91,456,1,-1,-1,-1
778,3,491,268,312,808,1,-1,-1,-1
778,1,372,454,109,450,1,-1,-1,-1
779,3,505,277,306,799,1,-1,-1,-1
779,1,372,454,160,450,1,-1,-1,-1
780,3,529,277,306,799,1,-1,-1,-1
780,1,377,454,188,450,1,-1,-1,-1
781,3,547,283,290,793,1,-1,-1,-1
781,1,377,458,195,447,1,-1,-1,-1
782,3,560,283,301,793,1,-1,-1,-1
782,1,377,458,202,450,1,-1,-1,-1
783,3,568,283,301,793,1,-1,-1,-1
783,1,387,458,202,450,1,-1,-1,-1
784,3,582,288,308,788,1,-1,-1,-1
784,1,396,458,182,450,1,-1,-1,-1
785,3,596,288,303,788,1,-1,-1,-1
785,1,407,458,171,450,1,-1,-1,-1
786,3,618,288,288,788,1,-1,-1,-1
786,1,456,458,122,450,1,-1,-1,-1
787,3,618,288,288,788,1,-1,-1,-1
787,1,481,458,98,450,1,-1,-1,-1
788,3,602,288,305,788,1,-1,-1,-1
788,1,496,458,84,450,1,-1,-1,-1
789,3,598,288,308,788,1,-1,-1,-1
789,1,507,458,73,450,1,-1,-1,-1
790,3,587,288,319,788,1,-1,-1,-1
790,1,509,458,71,450,1,-1,-1,-1
791,3,576,288,330,788,1,-1,-1,-1
791,1,509,458,71,450,1,-1,-1,-1
792,3,567,288,339,788,1,-1,-1,-1
792,1,509,458,71,450,1,-1,-1,-1
793,3,567,288,346,788,1,-1,-1,-1
794,3,567,288,354,788,1,-1,-1,-1
795,3,567,288,361,788,1,-1,-1,-1
796,3,567,288,361,788,1,-1,-1,-1
797,3,567,288,361,788,1,-1,-1,-1
798,3,567,288,361,788,1,-1,-1,-1
799,3,567,283,361,793,1,-1,-1,-1
800,3,567,281,348,795,1,-1,-1,-1
800,2,375,434,86,505,1,-1,-1,-1
801,3,567,281,348,795,1,-1,-1,-1
801,2,375,434,86,505,1,-1,-1,-1
802,3,567,281,334,795,1,-1,-1,-1
802,2,375,434,86,505,1,-1,-1,-1
803,3,567,281,334,795,1,-1,-1,-1
803,2,375,434,86,505,1,-1,-1,-1
804,3,560,281,321,795,1,-1,-1,-1
804,2,376,434,93,505,1,-1,-1,-1
805,3,551,281,317,795,1,-1,-1,-1
805,2,376,434,120,505,1,-1,-1,-1
806,3,547,275,310,800,1,-1,-1,-1
806,2,376,434,160,505,1,-1,-1,-1
807,3,535,275,310,800,1,-1,-1,-1
807,2,376,434,181,505,1,-1,-1,-1
808,3,532,275,301,800,1,-1,-1,-1
808,2,376,434,181,520,1,-1,-1,-1
809,3,532,275,301,800,1,-1,-1,-1
809,2,376,434,181,520,1,-1,-1,-1
810,3,532,275,301,800,1,-1,-1,-1
810,2,388,434,168,520,1,-1,-1,-1
811,3,532,275,283,800,1,-1,-1,-1
811,2,388,434,168,520,1,-1,-1,-1
812,3,532,283,283,793,1,-1,-1,-1
812,2,403,428,153,525,1,-1,-1,-1
813,3,545,283,261,793,1,-1,-1,-1
813,2,407,428,153,525,1,-1,-1,-1
814,3,545,283,261,793,1,-1,-1,-1
814,2,407,428,164,538,1,-1,-1,-1
815,3,545,294,252,782,1,-1,-1,-1
815,2,407,428,164,547,1,-1,-1,-1
816,3,545,294,252,782,1,-1,-1,-1
816,2,407,428,164,554,1,-1,-1,-1
817,3,545,305,252,771,1,-1,-1,-1
817,2,407,428,164,562,1,-1,-1,-1
818,3,554,305,243,771,1,-1,-1,-1
818,2,401,419,170,576,1,-1,-1,-1
819,3,554,305,243,771,1,-1,-1,-1
819,2,401,419,170,585,1,-1,-1,-1
820,3,554,315,230,760,1,-1,-1,-1
820,2,393,413,170,585,1,-1,-1,-1
821,3,554,315,230,760,1,-1,-1,-1
821,2,387,405,170,598,1,-1,-1,-1
822,3,554,315,230,760,1,-1,-1,-1
822,2,375,405,170,598,1,-1,-1,-1
823,3,554,315,230,760,1,-1,-1,-1
823,2,370,392,170,611,1,-1,-1,-1
824,3,554,325,230,751,1,-1,-1,-1
824,2,370,392,170,616,1,-1,-1,-1
825,3,543,330,235,746,1,-1,-1,-1
825,2,365,383,170,647,1,-1,-1,-1
826,3,531,334,244,742,1,-1,-1,-1
826,2,361,387,162,664,1,-1,-1,-1
827,3,531,334,244,742,1,-1,-1,-1
827,2,352,387,171,673,1,-1,-1,-1
828,3,531,334,244,742,1,-1,-1,-1
828,2,343,376,171,702,1,-1,-1,-1
829,3,531,343,228,733,1,-1,-1,-1
829,2,343,376,171,702,1,-1,-1,-1
830,3,519,343,228,733,1,-1,-1,-1
830,2,339,366,171,711,1,-1,-1,-1
831,3,500,343,235,733,1,-1,-1,-1
831,2,328,350,179,728,1,-1,-1,-1
832,3,485,348,250,720,1,-1,-1,-1
832,2,319,343,188,735,1,-1,-1,-1
833,3,469,348,266,720,1,-1,-1,-1
833,2,319,332,191,746,1,-1,-1,-1
834,3,451,344,266,720,1,-1,-1,-1
834,2,314,325,202,753,1,-1,-1,-1
835,3,444,350,266,715,1,-1,-1,-1
835,2,310,317,206,760,1,-1,-1,-1
836,3,445,350,263,715,1,-1,-1,-1
836,2,310,317,206,760,1,-1,-1,-1
837,3,445,356,243,702,1,-1,-1,-1
837,2,297,308,224,769,1,-1,-1,-1
838,3,445,356,206,702,1,-1,-1,-1
838,2,297,297,224,780,1,-1,-1,-1
839,3,438,350,201,702,1,-1,-1,-1
839,2,288,288,233,790,1,-1,-1,-1
840,3,428,357,201,695,1,-1,-1,-1
840,2,288,281,239,797,1,-1,-1,-1
841,3,416,357,201,695,1,-1,-1,-1
841,2,274,264,261,813,1,-1,-1,-1
842,3,408,366,201,686,1,-1,-1,-1
842,2,277,246,261,831,1,-1,-1,-1
843,3,400,366,201,686,1,-1,-1,-1
843,2,270,239,274,839,1,-1,-1,-1
844,3,399,372,201,680,1,-1,-1,-1
844,2,264,228,286,850,1,-1,-1,-1
845,3,388,381,201,649,1,-1,-1,-1
845,2,261,219,297,859,1,-1,-1,-1
846,3,399,387,186,640,1,-1,-1,-1
846,2,255,212,295,866,1,-1,-1,-1
847,2,255,204,301,873,1,-1,-1,-1
848,2,248,195,319,883,1,-1,-1,-1
849,2,248,175,323,903,1,-1,-1,-1
850,2,243,157,332,921,1,-1,-1,-1
851,2,233,137,348,941,1,-1,-1,-1
852,2,226,117,356,961,1,-1,-1,-1
853,2,215,100,366,977,1,-1,-1,-1
854,2,204,93,377,985,1,-1,-1,-1
855,2,193,73,377,1005,1,-1,-1,-1
856,2,173,64,387,1014,1,-1,-1,-1
857,2,150,44,396,1034,1,-1,-1,-1
858,2,126,22,403,1056,1,-1,-1,-1
859,2,104,4,410,1074,1,-1,-1,-1
860,2,80,4,434,1074,1,-1,-1,-1
861,2,57,4,458,1074,1,-1,-1,-1
862,2,57,4,458,1074,1,-1,-1,-1
863,2,42,4,472,1074,1,-1,-1,-1
864,2,36,4,492,1074,1,-1,-1,-1
865,2,27,4,516,1074,1,-1,-1,-1
866,2,35,4,529,1074,1,-1,-1,-1
867,2,47,4,551,1074,1,-1,-1,-1
868,2,67,4,585,1074,1,-1,-1,-1
869,2,91,4,624,1074,1,-1,-1,-1
870,2,111,4,666,1074,1,-1,-1,-1
871,2,143,4,666,1074,1,-1,-1,-1
872,2,179,4,666,1074,1,-1,-1,-1
873,2,209,4,666,1074,1,-1,-1,-1
874,2,261,4,666,1074,1,-1,-1,-1
875,2,332,4,636,1074,1,-1,-1,-1
876,2,397,4,605,1074,1,-1,-1,-1
877,2,461,4,593,1074,1,-1,-1,-1
878,2,534,4,562,1074,1,-1,-1,-1
879,2,583,4,569,1074,1,-1,-1,-1
880,2,616,4,618,1074,1,-1,-1,-1
881,2,645,4,651,1074,1,-1,-1,-1
882,2,667,4,686,1074,1,-1,-1,-1
883,2,676,4,726,1074,1,-1,-1,-1
884,2,687,4,748,1074,1,-1,-1,-1
885,2,687,4,748,1074,1,-1,-1,-1
886,2,687,4,748,1074,1,-1,-1,-1
887,2,678,4,738,1074,1,-1,-1,-1
888,2,667,4,718,1074,1,-1,-1,-1
889,2,656,4,698,1074,1,-1,-1,-1
890,2,635,4,675,1074,1,-1,-1,-1
891,2,616,4,655,1074,1,-1,-1,-1
892,2,600,4,635,1074,1,-1,-1,-1
893,2,587,4,611,1074,1,-1,-1,-1
894,2,587,4,580,1074,1,-1,-1,-1
895,2,587,16,545,1061,1,-1,-1,-1
896,2,589,27,500,1050,1,-1,-1,-1
897,2,587,40,467,1037,1,-1,-1,-1
898,2,587,57,430,1021,1,-1,-1,-1
899,2,573,69,408,1008,1,-1,-1,-1
900,2,545,82,408,996,1,-1,-1,-1
901,2,518,98,408,979,1,-1,-1,-1
902,2,470,109,408,968,1,-1,-1,-1
903,2,430,124,416,954,1,-1,-1,-1
904,2,401,133,416,945,1,-1,-1,-1
905,2,368,142,425,935,1,-1,-1,-1
906,2,350,142,425,935,1,-1,-1,-1
907,2,332,142,425,935,1,-1,-1,-1
908,2,303,153,438,924,1,-1,-1,-1
909,2,292,162,425,915,1,-1,-1,-1
910,2,275,177,410,901,1,-1,-1,-1
911,2,261,184,396,893,1,-1,-1,-1
912,2,250,193,377,884,1,-1,-1,-1
913,2,238,193,377,884,1,-1,-1,-1
914,2,232,201,363,877,1,-1,-1,-1
915,2,228,208,356,870,1,-1,-1,-1
916,2,228,208,356,870,1,-1,-1,-1
917,2,228,221,337,857,1,-1,-1,-1
918,2,228,232,337,846,1,-1,-1,-1
919,2,235,244,319,833,1,-1,-1,-1
920,2,235,255,319,822,1,-1,-1,-1
921,2,255,264,299,813,1,-1,-1,-1
922,2,264,264,290,813,1,-1,-1,-1
923,2,274,275,281,802,1,-1,-1,-1
924,2,280,275,281,802,1,-1,-1,-1
925,2,281,284,281,793,1,-1,-1,-1
926,2,281,284,281,793,1,-1,-1,-1
927,2,281,297,281,780,1,-1,-1,-1
928,2,281,305,281,773,1,-1,-1,-1
929,2,281,314,270,764,1,-1,-1,-1
930,2,281,321,270,757,1,-1,-1,-1
931,2,281,321,255,757,1,-1,-1,-1
932,2,281,328,246,749,1,-1,-1,-1
933,2,281,328,246,749,1,-1,-1,-1
934,2,281,334,239,744,1,-1,-1,-1
935,2,281,334,239,744,1,-1,-1,-1
936,2,281,341,239,737,1,-1,-1,-1
937,2,281,341,239,737,1,-1,-1,-1
938,2,281,352,239,726,1,-1,-1,-1
939,2,281,352,239,726,1,-1,-1,-1
940,2,295,361,224,717,1,-1,-1,-1
941,2,295,361,224,717,1,-1,-1,-1
942,2,314,366,212,698,1,-1,-1,-1
943,2,320,366,212,698,1,-1,-1,-1
944,2,327,366,212,678,1,-1,-1,-1
945,2,332,372,212,662,1,-1,-1,-1
946,2,340,372,212,662,1,-1,-1,-1
947,2,340,372,212,662,1,-1,-1,-1
948,2,350,379,201,655,1,-1,-1,-1
949,2,350,379,201,655,1,-1,-1,-1
950,2,350,379,201,655,1,-1,-1,-1
951,1,476,563,104,348,1,-1,-1,-1
951,2,356,379,195,655,1,-1,-1,-1
952,1,469,523,111,396,1,-1,-1,-1
952,2,356,388,195,645,1,-1,-1,-1
953,1,458,450,122,476,1,-1,-1,-1
953,2,356,388,195,645,1,-1,-1,-1
954,1,458,450,122,483,1,-1,-1,-1
954,2,363,388,177,645,1,-1,-1,-1
955,1,458,450,122,483,1,-1,-1,-1
955,2,363,388,177,645,1,-1,-1,-1
956,1,458,450,122,483,1,-1,-1,-1
956,2,363,394,177,629,1,-1,-1,-1
957,1,458,450,122,483,1,-1,-1,-1
957,2,363,394,177,629,1,-1,-1,-1
958,1,452,445,128,489,1,-1,-1,-1
958,2,363,394,177,620,1,-1,-1,-1
959,1,452,445,128,489,1,-1,-1,-1
959,2,363,394,177,620,1,-1,-1,-1
960,1,452,445,128,489,1,-1,-1,-1
960,2,363,394,177,607,1,-1,-1,-1
961,1,452,445,128,489,1,-1,-1,-1
961,2,363,394,186,607,1,-1,-1,-1
962,1,452,445,128,489,1,-1,-1,-1
962,2,363,410,201,591,1,-1,-1,-1
963,1,452,445,128,489,1,-1,-1,-1
963,2,363,408,212,589,1,-1,-1,-1
964,2,363,408,222,589,1,-1,-1,-1
965,2,376,408,210,589,1,-1,-1,-1
966,2,383,408,202,583,1,-1,-1,-1
967,2,392,408,193,583,1,-1,-1,-1
968,2,403,408,182,583,1,-1,-1,-1
969,2,416,414,160,576,1,-1,-1,-1
969,1,405,439,115,485,1,-1,-1,-1
970,2,427,416,164,574,1,-1,-1,-1
970,1,383,439,120,496,1,-1,-1,-1
971,2,441,416,150,574,1,-1,-1,-1
971,1,383,439,120,496,1,-1,-1,-1
972,2,452,416,139,574,1,-1,-1,-1
972,1,383,439,120,496,1,-1,-1,-1
973,2,452,416,139,574,1,-1,-1,-1
973,1,383,439,120,496,1,-1,-1,-1
974,2,470,416,120,574,1,-1,-1,-1
974,1,383,439,120,496,1,-1,-1,-1
975,2,487,416,104,554,1,-1,-1,-1
975,1,383,439,120,496,1,-1,-1,-1
976,2,514,416,77,554,1,-1,-1,-1
976,1,383,432,104,503,1,-1,-1,-1
977,2,514,416,77,554,1,-1,-1,-1
977,1,376,432,95,503,1,-1,-1,-1
978,2,527,416,64,554,1,-1,-1,-1
978,1,376,432,71,503,1,-1,-1,-1
979,2,527,416,64,554,1,-1,-1,-1
979,1,376,432,58,503,1,-1,-1,-1
980,2,538,416,53,554,1,-1,-1,-1
980,1,376,432,58,503,1,-1,-1,-1
981,1,376,432,44,503,1,-1,-1,-1
982,1,376,432,44,503,1,-1,-1,-1
983,1,376,432,44,503,1,-1,-1,-1
984,1,376,432,44,503,1,-1,-1,-1
990,1,376,432,51,503,1,-1,-1,-1
991,1,376,432,67,507,1,-1,-1,-1
992,1,376,432,77,512,1,-1,-1,-1
993,1,376,432,91,520,1,-1,-1,-1
994,1,376,432,91,520,1,-1,-1,-1
995,1,376,432,91,520,1,-1,-1,-1
996,1,376,423,91,529,1,-1,-1,-1
997,1,376,423,97,529,1,-1,-1,-1
998,1,376,416,115,536,1,-1,-1,-1
999,1,376,416,133,536,1,-1,-1,-1
1000,1,376,416,144,536,1,-1,-1,-1
1001,1,376,416,155,536,1,-1,-1,-1
1002,1,376,416,155,536,1,-1,-1,-1
1003,1,376,416,155,536,1,-1,-1,-1
1004,1,376,416,148,569,1,-1,-1,-1
1005,1,376,416,148,569,1,-1,-1,-1
1006,1,378,416,148,573,1,-1,-1,-1
1007,1,376,408,153,582,1,-1,-1,-1
1008,1,372,408,168,582,1,-1,-1,-1
1009,1,372,408,173,582,1,-1,-1,-1
1009,2,520,463,64,458,1,-1,-1,-1
1010,1,372,403,181,587,1,-1,-1,-1
1010,2,520,463,64,458,1,-1,-1,-1
1011,1,372,403,181,587,1,-1,-1,-1
1011,2,520,463,64,458,1,-1,-1,-1
1012,1,372,403,193,587,1,-1,-1,-1
1012,2,505,463,78,458,1,-1,-1,-1
1013,1,372,399,193,591,1,-1,-1,-1
1013,2,492,463,91,458,1,-1,-1,-1
1014,1,372,392,193,616,1,-1,-1,-1
1014,2,480,456,104,465,1,-1,-1,-1
1015,1,372,392,193,633,1,-1,-1,-1
1015,2,480,456,104,465,1,-1,-1,-1
1016,1,372,392,193,633,1,-1,-1,-1
1016,2,480,456,104,465,1,-1,-1,-1
1017,1,372,392,193,633,1,-1,-1,-1
1017,2,463,456,120,465,1,-1,-1,-1
1018,1,372,376,193,666,1,-1,-1,-1
1019,1,372,376,193,666,1,-1,-1,-1
1020,1,372,376,204,680,1,-1,-1,-1
1021,1,372,376,204,680,1,-1,-1,-1
1022,1,365,361,212,695,1,-1,-1,-1
1023,1,352,356,233,700,1,-1,-1,-1
1024,1,352,356,233,700,1,-1,-1,-1
1025,1,352,346,233,709,1,-1,-1,-1
1026,1,341,348,244,729,1,-1,-1,-1
1027,1,341,343,244,735,1,-1,-1,-1
1028,1,332,343,259,735,1,-1,-1,-1
1029,1,332,337,259,740,1,-1,-1,-1
1030,1,332,328,259,749,1,-1,-1,-1
1031,1,321,321,279,757,1,-1,-1,-1
1032,1,321,312,292,766,1,-1,-1,-1
1033,1,321,299,312,779,1,-1,-1,-1
1034,1,321,299,325,779,1,-1,-1,-1
1035,1,321,284,325,793,1,-1,-1,-1
1036,1,321,284,325,793,1,-1,-1,-1
1037,1,321,274,325,804,1,-1,-1,-1
1038,1,321,274,325,804,1,-1,-1,-1
1039,1,321,261,325,817,1,-1,-1,-1
1040,1,321,250,325,828,1,-1,-1,-1
1041,1,314,239,356,839,1,-1,-1,-1
1042,1,295,219,387,859,1,-1,-1,-1
1043,1,295,219,399,859,1,-1,-1,-1
1044,1,295,199,418,879,1,-1,-1,-1
1045,1,295,188,430,890,1,-1,-1,-1
1046,1,295,188,430,890,1,-1,-1,-1
1047,1,308,175,425,903,1,-1,-1,-1
1048,1,308,164,425,914,1,-1,-1,-1
1049,1,308,153,425,924,1,-1,-1,-1
