0,0,1736,142,181,742,1,-1,-1,-1
0,2,700,503,224,290,1,-1,-1,-1
0,3,1315,474,290,418,1,-1,-1,-1
1,3,1307,472,301,421,1,-1,-1,-1
1,2,720,505,206,294,1,-1,-1,-1
1,0,1747,142,171,746,1,-1,-1,-1
2,0,1754,146,162,742,1,-1,-1,-1
2,2,713,498,212,297,1,-1,-1,-1
2,3,1306,470,303,419,1,-1,-1,-1
3,3,1307,474,312,419,1,-1,-1,-1
3,2,715,500,208,303,1,-1,-1,-1
3,0,1749,139,164,744,1,-1,-1,-1
4,3,1307,474,312,419,1,-1,-1,-1
4,2,715,500,208,303,1,-1,-1,-1
4,0,1749,139,164,744,1,-1,-1,-1
5,3,1307,474,312,419,1,-1,-1,-1
5,2,715,500,208,303,1,-1,-1,-1
5,0,1749,139,164,744,1,-1,-1,-1
6,3,1307,474,312,419,1,-1,-1,-1
6,2,715,500,208,303,1,-1,-1,-1
6,0,1749,139,164,744,1,-1,-1,-1
7,3,1307,474,312,419,1,-1,-1,-1
7,2,715,500,208,303,1,-1,-1,-1
7,0,1749,139,164,744,1,-1,-1,-1
8,3,1307,474,312,419,1,-1,-1,-1
8,2,715,500,208,303,1,-1,-1,-1
8,0,1749,139,164,744,1,-1,-1,-1
9,3,1307,474,312,419,1,-1,-1,-1
9,2,715,500,208,303,1,-1,-1,-1
9,0,1749,139,164,744,1,-1,-1,-1
10,3,1307,474,312,419,1,-1,-1,-1
10,2,715,500,208,303,1,-1,-1,-1
10,0,1749,139,164,744,1,-1,-1,-1
11,3,1307,474,312,419,1,-1,-1,-1
11,2,715,500,208,303,1,-1,-1,-1
11,0,1749,139,164,744,1,-1,-1,-1
12,3,1307,474,312,419,1,-1,-1,-1
12,2,715,500,208,303,1,-1,-1,-1
12,0,1749,139,164,744,1,-1,-1,-1
13,3,1307,474,312,419,1,-1,-1,-1
13,2,715,500,208,303,1,-1,-1,-1
13,0,1749,139,164,744,1,-1,-1,-1
14,3,1307,474,312,419,1,-1,-1,-1
14,2,715,500,208,303,1,-1,-1,-1
14,0,1749,139,164,744,1,-1,-1,-1
15,3,1307,474,312,419,1,-1,-1,-1
15,2,715,500,208,303,1,-1,-1,-1
15,0,1749,139,164,744,1,-1,-1,-1
16,3,1307,474,312,419,1,-1,-1,-1
16,2,715,500,208,303,1,-1,-1,-1
16,0,1749,139,164,744,1,-1,-1,-1
17,3,1307,474,312,419,1,-1,-1,-1
17,2,715,500,208,303,1,-1,-1,-1
17,0,1749,139,164,744,1,-1,-1,-1
18,3,1307,474,312,419,1,-1,-1,-1
18,2,715,500,208,303,1,-1,-1,-1
18,0,1749,139,164,744,1,-1,-1,-1
19,3,1307,474,312,419,1,-1,-1,-1
19,2,715,500,208,303,1,-1,-1,-1
19,0,1749,139,164,744,1,-1,-1,-1
20,3,1307,474,312,419,1,-1,-1,-1
20,2,715,500,208,303,1,-1,-1,-1
20,0,1749,139,164,744,1,-1,-1,-1
21,3,1307,474,312,419,1,-1,-1,-1
21,2,715,500,208,303,1,-1,-1,-1
21,0,1749,139,164,744,1,-1,-1,-1
22,3,1307,474,312,419,1,-1,-1,-1
22,2,715,500,208,303,1,-1,-1,-1
22,0,1749,139,164,744,1,-1,-1,-1
23,3,1307,456,312,438,1,-1,-1,-1
23,2,715,500,208,303,1,-1,-1,-1
23,0,1749,139,164,744,1,-1,-1,-1
24,3,1307,456,312,438,1,-1,-1,-1
24,2,715,500,208,303,1,-1,-1,-1
24,0,1749,139,164,744,1,-1,-1,-1
25,3,1307,456,312,438,1,-1,-1,-1
25,2,715,500,208,303,1,-1,-1,-1
25,0,1749,139,164,744,1,-1,-1,-1
26,3,1307,456,312,438,1,-1,-1,-1
26,2,715,500,208,303,1,-1,-1,-1
26,0,1749,139,164,744,1,-1,-1,-1
27,3,1307,456,312,438,1,-1,-1,-1
27,2,715,500,208,303,1,-1,-1,-1
27,0,1749,139,164,744,1,-1,-1,-1
28,3,1307,456,312,438,1,-1,-1,-1
28,2,715,500,208,303,1,-1,-1,-1
28,0,1749,139,164,744,1,-1,-1,-1
29,3,1307,456,312,438,1,-1,-1,-1
29,2,715,489,208,314,1,-1,-1,-1
29,0,1749,139,164,744,1,-1,-1,-1
30,3,1307,456,312,438,1,-1,-1,-1
30,2,715,489,208,314,1,-1,-1,-1
30,0,1749,139,164,744,1,-1,-1,-1
31,3,1307,456,312,438,1,-1,-1,-1
31,2,715,489,208,314,1,-1,-1,-1
31,0,1749,139,164,744,1,-1,-1,-1
32,3,1307,456,312,438,1,-1,-1,-1
32,2,715,489,208,314,1,-1,-1,-1
32,0,1749,139,164,744,1,-1,-1,-1
33,3,1307,443,312,450,1,-1,-1,-1
33,2,715,489,208,314,1,-1,-1,-1
33,0,1749,139,164,744,1,-1,-1,-1
34,3,1307,443,312,450,1,-1,-1,-1
34,2,715,489,208,314,1,-1,-1,-1
34,0,1749,139,164,744,1,-1,-1,-1
35,3,1307,443,312,450,1,-1,-1,-1
35,2,715,489,208,314,1,-1,-1,-1
35,0,1749,139,164,744,1,-1,-1,-1
36,3,1307,443,312,450,1,-1,-1,-1
36,2,715,489,208,314,1,-1,-1,-1
36,0,1749,139,164,744,1,-1,-1,-1
37,3,1307,443,297,450,1,-1,-1,-1
37,2,715,489,208,314,1,-1,-1,-1
37,0,1749,139,164,744,1,-1,-1,-1
38,3,1307,443,301,450,1,-1,-1,-1
38,2,715,489,208,314,1,-1,-1,-1
38,0,1749,139,164,744,1,-1,-1,-1
39,3,1307,443,306,450,1,-1,-1,-1
39,2,715,489,208,314,1,-1,-1,-1
39,0,1749,139,164,744,1,-1,-1,-1
40,3,1307,443,295,450,1,-1,-1,-1
40,2,715,489,208,314,1,-1,-1,-1
40,0,1749,139,164,744,1,-1,-1,-1
41,3,1307,443,294,450,1,-1,-1,-1
41,2,715,489,208,314,1,-1,-1,-1
41,0,1749,139,164,744,1,-1,-1,-1
42,3,1307,443,297,450,1,-1,-1,-1
42,2,715,489,208,314,1,-1,-1,-1
42,0,1749,139,164,744,1,-1,-1,-1
43,3,1300,443,301,450,1,-1,-1,-1
43,2,715,489,208,314,1,-1,-1,-1
43,0,1749,139,164,744,1,-1,-1,-1
44,3,1289,443,312,450,1,-1,-1,-1
44,2,706,489,230,314,1,-1,-1,-1
44,0,1749,139,164,744,1,-1,-1,-1
45,3,1289,443,312,450,1,-1,-1,-1
45,2,706,489,237,314,1,-1,-1,-1
45,0,1749,139,164,744,1,-1,-1,-1
46,3,1285,443,297,450,1,-1,-1,-1
46,2,698,489,244,314,1,-1,-1,-1
46,0,1745,139,168,744,1,-1,-1,-1
47,3,1285,443,297,450,1,-1,-1,-1
47,2,698,489,244,314,1,-1,-1,-1
47,0,1745,139,168,744,1,-1,-1,-1
48,3,1278,443,275,450,1,-1,-1,-1
48,2,686,489,264,314,1,-1,-1,-1
48,0,1745,139,168,744,1,-1,-1,-1
49,3,1278,443,275,450,1,-1,-1,-1
49,2,686,489,264,314,1,-1,-1,-1
49,0,1745,139,168,744,1,-1,-1,-1
50,3,1278,443,275,450,1,-1,-1,-1
50,2,686,489,264,314,1,-1,-1,-1
50,0,1745,139,168,744,1,-1,-1,-1
51,3,1278,454,275,439,1,-1,-1,-1
51,2,660,489,290,314,1,-1,-1,-1
51,0,1745,139,168,744,1,-1,-1,-1
52,3,1278,456,275,438,1,-1,-1,-1
52,2,644,480,306,323,1,-1,-1,-1
52,0,1745,139,168,744,1,-1,-1,-1
53,3,1278,456,275,438,1,-1,-1,-1
53,2,636,480,314,323,1,-1,-1,-1
53,0,1745,139,168,744,1,-1,-1,-1
54,3,1278,456,275,438,1,-1,-1,-1
54,2,633,480,317,323,1,-1,-1,-1
54,0,1745,139,168,744,1,-1,-1,-1
55,3,1278,456,275,438,1,-1,-1,-1
55,2,631,480,319,323,1,-1,-1,-1
55,0,1745,139,168,744,1,-1,-1,-1
56,3,1278,456,286,438,1,-1,-1,-1
56,2,633,480,317,323,1,-1,-1,-1
56,0,1745,139,168,744,1,-1,-1,-1
57,3,1278,456,286,438,1,-1,-1,-1
57,2,633,480,317,323,1,-1,-1,-1
57,0,1738,139,175,744,1,-1,-1,-1
58,3,1278,456,286,438,1,-1,-1,-1
58,2,625,474,325,328,1,-1,-1,-1
58,0,1738,139,175,744,1,-1,-1,-1
59,3,1278,456,286,438,1,-1,-1,-1
59,2,618,465,332,337,1,-1,-1,-1
59,0,1738,139,175,744,1,-1,-1,-1
60,3,1278,456,286,438,1,-1,-1,-1
60,2,618,443,317,359,1,-1,-1,-1
60,0,1738,139,175,744,1,-1,-1,-1
61,3,1278,456,286,438,1,-1,-1,-1
61,2,618,430,317,372,1,-1,-1,-1
61,0,1738,139,175,744,1,-1,-1,-1
62,3,1278,456,286,438,1,-1,-1,-1
62,2,618,421,317,381,1,-1,-1,-1
62,0,1738,139,175,744,1,-1,-1,-1
63,3,1278,456,286,438,1,-1,-1,-1
63,2,618,421,317,381,1,-1,-1,-1
63,0,1738,139,175,744,1,-1,-1,-1
64,3,1278,456,286,438,1,-1,-1,-1
64,2,618,421,317,381,1,-1,-1,-1
64,0,1738,139,175,744,1,-1,-1,-1
65,3,1278,456,286,438,1,-1,-1,-1
65,2,618,421,303,381,1,-1,-1,-1
65,0,1738,139,175,744,1,-1,-1,-1
66,3,1278,456,286,438,1,-1,-1,-1
66,2,629,430,275,372,1,-1,-1,-1
66,0,1738,139,175,744,1,-1,-1,-1
67,3,1278,456,306,438,1,-1,-1,-1
67,2,629,430,275,372,1,-1,-1,-1
67,0,1738,139,175,744,1,-1,-1,-1
68,3,1278,456,306,438,1,-1,-1,-1
68,2,629,430,275,372,1,-1,-1,-1
68,0,1738,139,175,744,1,-1,-1,-1
69,3,1278,456,306,438,1,-1,-1,-1
69,2,649,427,246,376,1,-1,-1,-1
69,0,1738,139,175,744,1,-1,-1,-1
70,3,1278,456,306,438,1,-1,-1,-1
70,2,649,427,246,376,1,-1,-1,-1
70,0,1738,139,175,744,1,-1,-1,-1
71,3,1278,456,306,438,1,-1,-1,-1
71,2,673,427,222,376,1,-1,-1,-1
71,0,1738,139,175,744,1,-1,-1,-1
72,3,1278,456,306,438,1,-1,-1,-1
72,2,649,427,246,376,1,-1,-1,-1
72,0,1738,139,175,744,1,-1,-1,-1
73,3,1278,456,306,438,1,-1,-1,-1
73,2,669,427,226,376,1,-1,-1,-1
73,0,1738,139,175,744,1,-1,-1,-1
74,3,1278,456,306,438,1,-1,-1,-1
74,2,669,427,226,376,1,-1,-1,-1
74,0,1738,139,175,744,1,-1,-1,-1
75,3,1278,456,306,438,1,-1,-1,-1
75,2,669,427,226,376,1,-1,-1,-1
75,0,1738,139,175,744,1,-1,-1,-1
76,3,1278,456,306,438,1,-1,-1,-1
76,2,669,427,226,376,1,-1,-1,-1
76,0,1738,139,175,744,1,-1,-1,-1
77,3,1278,456,306,438,1,-1,-1,-1
77,2,669,427,226,376,1,-1,-1,-1
77,0,1738,139,175,744,1,-1,-1,-1
78,3,1278,472,306,421,1,-1,-1,-1
78,2,669,436,226,366,1,-1,-1,-1
78,0,1738,139,175,744,1,-1,-1,-1
79,3,1278,472,306,421,1,-1,-1,-1
79,2,669,436,226,366,1,-1,-1,-1
79,0,1738,139,175,744,1,-1,-1,-1
80,3,1278,472,306,421,1,-1,-1,-1
80,2,669,436,226,366,1,-1,-1,-1
80,0,1738,139,175,744,1,-1,-1,-1
81,3,1278,472,306,421,1,-1,-1,-1
81,2,669,436,226,366,1,-1,-1,-1
81,0,1738,139,175,744,1,-1,-1,-1
82,3,1278,472,306,421,1,-1,-1,-1
82,2,669,436,226,366,1,-1,-1,-1
82,0,1738,139,175,744,1,-1,-1,-1
83,3,1278,472,306,421,1,-1,-1,-1
83,2,669,436,226,366,1,-1,-1,-1
83,0,1738,139,175,744,1,-1,-1,-1
84,3,1278,472,306,421,1,-1,-1,-1
84,2,669,436,235,366,1,-1,-1,-1
84,0,1738,139,175,744,1,-1,-1,-1
85,3,1278,472,306,421,1,-1,-1,-1
85,2,669,436,235,366,1,-1,-1,-1
85,0,1738,139,175,744,1,-1,-1,-1
86,3,1278,472,306,421,1,-1,-1,-1
86,2,669,436,235,366,1,-1,-1,-1
86,0,1738,139,175,744,1,-1,-1,-1
87,3,1278,472,306,421,1,-1,-1,-1
87,2,669,436,235,366,1,-1,-1,-1
87,0,1738,139,175,744,1,-1,-1,-1
88,3,1278,472,306,421,1,-1,-1,-1
88,2,669,436,235,366,1,-1,-1,-1
88,0,1738,139,175,744,1,-1,-1,-1
89,3,1278,472,306,421,1,-1,-1,-1
89,2,669,456,235,346,1,-1,-1,-1
89,0,1738,139,175,744,1,-1,-1,-1
90,3,1278,472,306,421,1,-1,-1,-1
90,2,669,456,235,346,1,-1,-1,-1
90,0,1738,139,175,744,1,-1,-1,-1
91,3,1278,472,306,421,1,-1,-1,-1
91,2,669,456,235,346,1,-1,-1,-1
91,0,1738,139,175,744,1,-1,-1,-1
92,3,1278,472,306,421,1,-1,-1,-1
92,2,669,456,235,346,1,-1,-1,-1
92,0,1738,139,175,744,1,-1,-1,-1
93,3,1278,472,306,421,1,-1,-1,-1
93,2,655,414,272,388,1,-1,-1,-1
93,0,1738,139,175,744,1,-1,-1,-1
94,3,1278,472,306,421,1,-1,-1,-1
94,2,655,414,272,388,1,-1,-1,-1
94,0,1738,139,175,744,1,-1,-1,-1
95,3,1278,472,306,421,1,-1,-1,-1
95,2,655,414,272,388,1,-1,-1,-1
95,0,1738,139,175,744,1,-1,-1,-1
96,3,1278,472,306,421,1,-1,-1,-1
96,2,660,425,266,377,1,-1,-1,-1
96,0,1738,139,175,744,1,-1,-1,-1
97,3,1278,472,306,421,1,-1,-1,-1
97,2,660,425,266,377,1,-1,-1,-1
97,0,1738,139,175,744,1,-1,-1,-1
98,3,1278,472,306,421,1,-1,-1,-1
98,2,660,425,277,377,1,-1,-1,-1
98,0,1738,139,175,744,1,-1,-1,-1
99,3,1278,472,306,421,1,-1,-1,-1
99,2,667,447,270,356,1,-1,-1,-1
99,0,1738,139,175,744,1,-1,-1,-1
100,3,1278,472,306,421,1,-1,-1,-1
100,2,655,452,292,350,1,-1,-1,-1
100,0,1738,139,175,744,1,-1,-1,-1
101,3,1278,472,306,421,1,-1,-1,-1
101,2,655,452,292,350,1,-1,-1,-1
101,0,1738,139,175,744,1,-1,-1,-1
102,3,1278,472,306,421,1,-1,-1,-1
102,2,655,452,303,350,1,-1,-1,-1
102,0,1738,139,175,744,1,-1,-1,-1
103,3,1278,472,306,421,1,-1,-1,-1
103,2,655,452,303,350,1,-1,-1,-1
103,0,1738,139,175,744,1,-1,-1,-1
104,3,1278,472,306,421,1,-1,-1,-1
104,2,655,452,303,350,1,-1,-1,-1
104,0,1738,139,175,744,1,-1,-1,-1
105,3,1278,472,306,421,1,-1,-1,-1
105,2,655,452,303,350,1,-1,-1,-1
105,0,1738,139,175,744,1,-1,-1,-1
106,3,1278,472,306,421,1,-1,-1,-1
106,2,655,445,303,357,1,-1,-1,-1
106,0,1738,139,175,744,1,-1,-1,-1
107,3,1278,472,306,421,1,-1,-1,-1
107,2,676,445,281,357,1,-1,-1,-1
107,0,1738,139,175,744,1,-1,-1,-1
108,3,1278,472,306,421,1,-1,-1,-1
108,2,676,445,281,357,1,-1,-1,-1
108,0,1738,139,175,744,1,-1,-1,-1
109,3,1278,472,306,421,1,-1,-1,-1
109,2,691,445,252,357,1,-1,-1,-1
109,0,1738,139,175,744,1,-1,-1,-1
110,3,1278,472,306,421,1,-1,-1,-1
110,2,691,445,252,357,1,-1,-1,-1
110,0,1738,139,175,744,1,-1,-1,-1
111,3,1278,472,306,421,1,-1,-1,-1
111,2,691,445,252,357,1,-1,-1,-1
111,0,1738,139,175,744,1,-1,-1,-1
112,3,1278,472,306,421,1,-1,-1,-1
112,2,687,459,255,343,1,-1,-1,-1
112,0,1738,139,175,744,1,-1,-1,-1
113,3,1278,472,306,421,1,-1,-1,-1
113,2,691,445,252,357,1,-1,-1,-1
113,0,1738,139,175,744,1,-1,-1,-1
114,3,1278,472,306,421,1,-1,-1,-1
114,2,698,467,244,335,1,-1,-1,-1
114,0,1738,139,175,744,1,-1,-1,-1
115,3,1278,472,306,421,1,-1,-1,-1
115,2,691,469,252,334,1,-1,-1,-1
115,0,1738,139,175,744,1,-1,-1,-1
116,3,1278,472,306,421,1,-1,-1,-1
116,2,689,469,263,334,1,-1,-1,-1
116,0,1738,139,175,744,1,-1,-1,-1
117,3,1278,472,306,421,1,-1,-1,-1
117,2,693,465,263,337,1,-1,-1,-1
117,0,1738,139,175,744,1,-1,-1,-1
118,3,1278,472,306,421,1,-1,-1,-1
118,2,693,476,264,326,1,-1,-1,-1
118,0,1738,139,175,744,1,-1,-1,-1
119,3,1278,472,306,421,1,-1,-1,-1
119,2,693,476,274,326,1,-1,-1,-1
119,0,1738,139,175,744,1,-1,-1,-1
120,3,1278,472,306,421,1,-1,-1,-1
120,2,693,476,274,326,1,-1,-1,-1
120,0,1738,139,175,744,1,-1,-1,-1
121,3,1278,472,306,421,1,-1,-1,-1
121,2,693,476,277,326,1,-1,-1,-1
121,0,1738,139,175,744,1,-1,-1,-1
122,3,1278,472,306,421,1,-1,-1,-1
122,2,693,476,277,326,1,-1,-1,-1
122,0,1738,139,175,744,1,-1,-1,-1
123,3,1278,472,306,421,1,-1,-1,-1
123,2,693,476,277,326,1,-1,-1,-1
123,0,1738,139,175,744,1,-1,-1,-1
124,3,1278,472,306,421,1,-1,-1,-1
124,2,693,476,277,326,1,-1,-1,-1
124,0,1738,139,175,744,1,-1,-1,-1
125,3,1278,472,306,421,1,-1,-1,-1
125,2,693,476,277,326,1,-1,-1,-1
125,0,1738,139,175,744,1,-1,-1,-1
126,3,1278,472,306,421,1,-1,-1,-1
126,2,693,476,277,326,1,-1,-1,-1
126,0,1738,139,175,744,1,-1,-1,-1
127,3,1278,472,306,421,1,-1,-1,-1
127,2,693,476,277,326,1,-1,-1,-1
127,0,1738,139,175,744,1,-1,-1,-1
128,3,1278,472,306,421,1,-1,-1,-1
128,2,693,377,277,425,1,-1,-1,-1
128,0,1738,139,175,744,1,-1,-1,-1
129,3,1278,472,306,421,1,-1,-1,-1
129,2,693,377,277,425,1,-1,-1,-1
129,0,1738,139,175,744,1,-1,-1,-1
130,3,1278,472,306,421,1,-1,-1,-1
130,2,693,377,277,425,1,-1,-1,-1
130,0,1738,139,175,744,1,-1,-1,-1
131,3,1278,472,306,421,1,-1,-1,-1
131,2,693,377,277,425,1,-1,-1,-1
131,0,1738,139,175,744,1,-1,-1,-1
132,3,1278,472,306,421,1,-1,-1,-1
132,2,693,377,277,425,1,-1,-1,-1
132,0,1738,139,175,744,1,-1,-1,-1
133,3,1278,472,306,421,1,-1,-1,-1
133,2,693,377,277,425,1,-1,-1,-1
133,0,1738,139,175,744,1,-1,-1,-1
134,3,1278,472,306,421,1,-1,-1,-1
134,2,693,377,277,425,1,-1,-1,-1
134,0,1738,139,175,744,1,-1,-1,-1
135,3,1278,472,306,421,1,-1,-1,-1
135,2,693,377,277,425,1,-1,-1,-1
135,0,1738,139,175,744,1,-1,-1,-1
136,3,1278,472,306,421,1,-1,-1,-1
136,2,693,377,277,425,1,-1,-1,-1
136,0,1738,139,175,744,1,-1,-1,-1
137,3,1278,472,306,421,1,-1,-1,-1
137,2,693,377,277,425,1,-1,-1,-1
137,0,1738,139,175,744,1,-1,-1,-1
138,3,1278,472,306,421,1,-1,-1,-1
138,2,693,377,277,425,1,-1,-1,-1
138,0,1738,139,175,744,1,-1,-1,-1
139,3,1278,472,306,421,1,-1,-1,-1
139,2,693,377,277,425,1,-1,-1,-1
139,0,1738,139,175,744,1,-1,-1,-1
140,3,1278,472,306,421,1,-1,-1,-1
140,2,693,377,277,425,1,-1,-1,-1
140,0,1738,139,175,744,1,-1,-1,-1
141,3,1278,472,306,421,1,-1,-1,-1
141,2,693,394,277,408,1,-1,-1,-1
141,0,1738,139,175,744,1,-1,-1,-1
142,3,1278,472,306,421,1,-1,-1,-1
142,2,693,394,277,408,1,-1,-1,-1
142,0,1738,139,175,744,1,-1,-1,-1
143,3,1278,472,306,421,1,-1,-1,-1
143,2,693,434,277,368,1,-1,-1,-1
143,0,1738,139,175,744,1,-1,-1,-1
144,3,1278,472,306,421,1,-1,-1,-1
144,2,693,461,277,341,1,-1,-1,-1
144,0,1738,139,175,744,1,-1,-1,-1
145,3,1278,472,306,421,1,-1,-1,-1
145,2,693,461,277,341,1,-1,-1,-1
145,0,1738,139,175,744,1,-1,-1,-1
146,3,1278,472,306,421,1,-1,-1,-1
146,2,693,461,277,341,1,-1,-1,-1
146,0,1738,139,175,744,1,-1,-1,-1
147,3,1278,472,306,421,1,-1,-1,-1
147,2,693,461,277,341,1,-1,-1,-1
147,0,1738,139,175,744,1,-1,-1,-1
148,3,1278,472,306,421,1,-1,-1,-1
148,2,693,461,277,341,1,-1,-1,-1
148,0,1738,139,175,744,1,-1,-1,-1
149,3,1278,472,306,421,1,-1,-1,-1
149,2,693,461,277,341,1,-1,-1,-1
149,0,1738,139,175,744,1,-1,-1,-1
150,3,1278,472,306,421,1,-1,-1,-1
150,2,693,461,277,341,1,-1,-1,-1
150,0,1738,139,175,744,1,-1,-1,-1
151,3,1278,472,306,421,1,-1,-1,-1
151,2,693,461,277,341,1,-1,-1,-1
151,0,1738,139,175,744,1,-1,-1,-1
152,3,1278,472,306,421,1,-1,-1,-1
152,2,693,461,277,341,1,-1,-1,-1
152,0,1738,139,175,744,1,-1,-1,-1
153,3,1278,472,306,421,1,-1,-1,-1
153,2,693,461,277,341,1,-1,-1,-1
153,0,1738,139,175,744,1,-1,-1,-1
154,3,1278,472,306,421,1,-1,-1,-1
154,2,693,461,277,341,1,-1,-1,-1
154,0,1738,139,175,744,1,-1,-1,-1
155,3,1278,472,306,421,1,-1,-1,-1
155,2,693,461,277,341,1,-1,-1,-1
155,0,1738,139,175,744,1,-1,-1,-1
156,3,1278,472,306,421,1,-1,-1,-1
156,2,693,461,277,341,1,-1,-1,-1
156,0,1738,139,175,744,1,-1,-1,-1
157,3,1278,472,306,421,1,-1,-1,-1
157,2,693,461,277,341,1,-1,-1,-1
157,0,1738,139,175,744,1,-1,-1,-1
158,3,1278,472,306,421,1,-1,-1,-1
158,2,693,461,277,341,1,-1,-1,-1
158,0,1738,139,175,744,1,-1,-1,-1
159,3,1278,472,306,421,1,-1,-1,-1
159,2,693,461,277,341,1,-1,-1,-1
159,0,1738,139,175,744,1,-1,-1,-1
160,3,1278,472,306,421,1,-1,-1,-1
160,2,693,461,277,341,1,-1,-1,-1
160,0,1738,139,175,744,1,-1,-1,-1
161,3,1278,472,306,421,1,-1,-1,-1
161,2,693,461,277,341,1,-1,-1,-1
161,0,1738,139,175,744,1,-1,-1,-1
162,3,1278,472,306,421,1,-1,-1,-1
162,2,693,461,257,341,1,-1,-1,-1
162,0,1738,139,175,744,1,-1,-1,-1
163,3,1278,472,306,421,1,-1,-1,-1
163,2,693,461,257,341,1,-1,-1,-1
163,0,1738,139,175,744,1,-1,-1,-1
164,3,1278,472,306,421,1,-1,-1,-1
164,2,693,461,257,341,1,-1,-1,-1
164,0,1738,139,175,744,1,-1,-1,-1
165,3,1278,472,306,421,1,-1,-1,-1
165,2,693,461,257,341,1,-1,-1,-1
165,0,1738,139,175,744,1,-1,-1,-1
166,3,1278,472,306,421,1,-1,-1,-1
166,2,693,461,257,341,1,-1,-1,-1
166,0,1738,139,175,744,1,-1,-1,-1
167,3,1278,472,306,421,1,-1,-1,-1
167,2,693,461,266,341,1,-1,-1,-1
167,0,1738,139,175,744,1,-1,-1,-1
168,3,1278,472,306,421,1,-1,-1,-1
168,2,693,461,277,341,1,-1,-1,-1
168,0,1738,128,175,755,1,-1,-1,-1
169,3,1278,472,306,421,1,-1,-1,-1
169,2,693,461,277,341,1,-1,-1,-1
169,0,1738,128,175,755,1,-1,-1,-1
170,3,1278,472,306,421,1,-1,-1,-1
170,2,693,461,277,341,1,-1,-1,-1
170,0,1738,128,175,755,1,-1,-1,-1
171,3,1278,472,306,421,1,-1,-1,-1
171,2,693,461,277,341,1,-1,-1,-1
171,0,1738,128,175,755,1,-1,-1,-1
172,3,1278,472,306,421,1,-1,-1,-1
172,2,693,461,277,341,1,-1,-1,-1
172,0,1738,128,175,755,1,-1,-1,-1
173,3,1278,472,306,421,1,-1,-1,-1
173,2,693,461,277,341,1,-1,-1,-1
173,0,1738,128,175,755,1,-1,-1,-1
174,3,1278,472,306,421,1,-1,-1,-1
174,2,693,461,277,341,1,-1,-1,-1
174,0,1738,128,175,755,1,-1,-1,-1
175,3,1278,472,306,421,1,-1,-1,-1
175,2,693,461,277,341,1,-1,-1,-1
175,0,1738,128,175,755,1,-1,-1,-1
176,3,1278,472,306,421,1,-1,-1,-1
176,2,693,461,277,341,1,-1,-1,-1
176,0,1738,128,175,755,1,-1,-1,-1
177,3,1278,472,306,421,1,-1,-1,-1
177,2,693,461,277,341,1,-1,-1,-1
177,0,1738,128,175,755,1,-1,-1,-1
178,3,1278,472,306,421,1,-1,-1,-1
178,2,693,461,277,341,1,-1,-1,-1
178,0,1738,128,175,755,1,-1,-1,-1
179,3,1278,472,306,421,1,-1,-1,-1
179,2,693,461,277,341,1,-1,-1,-1
179,0,1738,128,175,755,1,-1,-1,-1
180,3,1278,472,306,421,1,-1,-1,-1
180,2,693,461,277,341,1,-1,-1,-1
180,0,1738,128,175,755,1,-1,-1,-1
181,3,1278,472,306,421,1,-1,-1,-1
181,2,693,461,277,341,1,-1,-1,-1
181,0,1738,128,175,755,1,-1,-1,-1
182,3,1278,472,306,421,1,-1,-1,-1
182,2,707,461,274,341,1,-1,-1,-1
182,0,1738,128,175,755,1,-1,-1,-1
183,3,1278,472,306,421,1,-1,-1,-1
183,2,707,461,274,341,1,-1,-1,-1
183,0,1738,128,175,755,1,-1,-1,-1
184,3,1278,472,306,421,1,-1,-1,-1
184,2,707,461,284,341,1,-1,-1,-1
184,0,1738,128,175,755,1,-1,-1,-1
185,3,1278,472,306,421,1,-1,-1,-1
185,2,707,461,284,341,1,-1,-1,-1
185,0,1738,128,175,755,1,-1,-1,-1
186,3,1278,472,306,421,1,-1,-1,-1
186,2,707,461,290,341,1,-1,-1,-1
186,0,1738,128,175,755,1,-1,-1,-1
187,3,1278,472,306,421,1,-1,-1,-1
187,2,707,461,290,341,1,-1,-1,-1
187,0,1738,128,175,755,1,-1,-1,-1
188,3,1278,472,306,421,1,-1,-1,-1
188,2,707,461,299,341,1,-1,-1,-1
188,0,1738,128,175,755,1,-1,-1,-1
189,3,1278,472,306,421,1,-1,-1,-1
189,2,707,461,299,341,1,-1,-1,-1
189,0,1738,128,175,755,1,-1,-1,-1
190,3,1278,472,306,421,1,-1,-1,-1
190,2,707,461,299,341,1,-1,-1,-1
190,0,1738,128,175,755,1,-1,-1,-1
191,3,1278,472,306,421,1,-1,-1,-1
191,2,707,461,299,341,1,-1,-1,-1
191,0,1738,128,175,755,1,-1,-1,-1
192,3,1278,472,306,421,1,-1,-1,-1
192,2,707,461,306,341,1,-1,-1,-1
192,0,1738,128,175,755,1,-1,-1,-1
193,3,1278,472,306,421,1,-1,-1,-1
193,2,707,461,306,341,1,-1,-1,-1
193,0,1738,128,175,755,1,-1,-1,-1
194,3,1278,472,306,421,1,-1,-1,-1
194,2,707,461,306,341,1,-1,-1,-1
194,0,1738,128,175,755,1,-1,-1,-1
195,3,1278,472,306,421,1,-1,-1,-1
195,2,707,461,306,341,1,-1,-1,-1
195,0,1738,128,175,755,1,-1,-1,-1
196,3,1278,472,306,421,1,-1,-1,-1
196,2,707,461,306,341,1,-1,-1,-1
196,0,1738,128,175,755,1,-1,-1,-1
197,3,1278,472,306,421,1,-1,-1,-1
197,2,707,461,306,341,1,-1,-1,-1
197,0,1738,128,175,755,1,-1,-1,-1
197,4,1760,0,155,883,1,-1,-1,-1
198,3,1278,472,306,421,1,-1,-1,-1
198,2,707,461,306,341,1,-1,-1,-1
198,0,1738,128,175,755,1,-1,-1,-1
198,4,1743,4,171,872,1,-1,-1,-1
199,3,1278,472,306,421,1,-1,-1,-1
199,2,707,461,306,341,1,-1,-1,-1
199,0,1738,128,175,755,1,-1,-1,-1
199,4,1727,4,188,872,1,-1,-1,-1
200,3,1278,472,306,421,1,-1,-1,-1
200,2,707,461,306,341,1,-1,-1,-1
200,4,1703,4,212,872,1,-1,-1,-1
201,3,1278,472,306,421,1,-1,-1,-1
201,2,707,461,306,341,1,-1,-1,-1
201,4,1692,4,222,888,1,-1,-1,-1
202,3,1278,472,306,421,1,-1,-1,-1
202,2,707,474,306,328,1,-1,-1,-1
202,4,1668,4,246,888,1,-1,-1,-1
203,3,1278,472,306,421,1,-1,-1,-1
203,2,707,474,306,328,1,-1,-1,-1
203,4,1668,4,246,888,1,-1,-1,-1
204,3,1278,472,306,421,1,-1,-1,-1
204,2,707,474,306,328,1,-1,-1,-1
204,4,1668,4,246,888,1,-1,-1,-1
205,3,1278,472,306,421,1,-1,-1,-1
205,2,707,474,306,328,1,-1,-1,-1
205,4,1652,4,263,888,1,-1,-1,-1
206,3,1278,472,306,421,1,-1,-1,-1
206,2,707,474,306,328,1,-1,-1,-1
206,4,1634,4,281,888,1,-1,-1,-1
207,3,1278,472,306,421,1,-1,-1,-1
207,2,707,474,306,328,1,-1,-1,-1
207,4,1634,4,281,888,1,-1,-1,-1
208,3,1278,472,306,421,1,-1,-1,-1
208,2,707,474,306,328,1,-1,-1,-1
208,4,1617,4,297,888,1,-1,-1,-1
209,3,1278,472,306,421,1,-1,-1,-1
209,2,707,474,306,328,1,-1,-1,-1
209,4,1617,4,297,888,1,-1,-1,-1
210,3,1278,472,306,421,1,-1,-1,-1
210,2,707,474,306,328,1,-1,-1,-1
210,4,1617,4,297,888,1,-1,-1,-1
211,3,1278,472,306,421,1,-1,-1,-1
211,2,707,474,306,328,1,-1,-1,-1
211,4,1606,4,308,888,1,-1,-1,-1
212,3,1278,472,306,421,1,-1,-1,-1
212,2,707,474,306,328,1,-1,-1,-1
212,4,1606,4,308,888,1,-1,-1,-1
213,3,1278,472,306,421,1,-1,-1,-1
213,2,707,474,306,328,1,-1,-1,-1
213,4,1623,4,292,888,1,-1,-1,-1
214,3,1278,472,306,421,1,-1,-1,-1
214,2,707,474,306,328,1,-1,-1,-1
214,4,1623,4,292,888,1,-1,-1,-1
215,3,1278,472,306,421,1,-1,-1,-1
215,2,707,474,306,328,1,-1,-1,-1
215,4,1623,4,292,888,1,-1,-1,-1
216,3,1278,472,306,421,1,-1,-1,-1
216,2,707,474,306,328,1,-1,-1,-1
216,4,1643,4,272,888,1,-1,-1,-1
217,3,1278,472,306,421,1,-1,-1,-1
217,2,707,474,306,328,1,-1,-1,-1
217,4,1643,4,272,888,1,-1,-1,-1
218,3,1278,472,306,421,1,-1,-1,-1
218,2,707,474,306,328,1,-1,-1,-1
218,4,1667,4,248,888,1,-1,-1,-1
219,3,1278,472,306,421,1,-1,-1,-1
219,2,707,474,306,328,1,-1,-1,-1
219,4,1667,4,248,888,1,-1,-1,-1
220,3,1278,472,306,421,1,-1,-1,-1
220,2,707,474,306,328,1,-1,-1,-1
220,4,1699,4,215,888,1,-1,-1,-1
221,3,1278,472,306,421,1,-1,-1,-1
221,2,707,474,306,328,1,-1,-1,-1
221,4,1699,4,215,888,1,-1,-1,-1
222,3,1278,472,306,421,1,-1,-1,-1
222,2,707,474,306,328,1,-1,-1,-1
222,4,1699,4,215,888,1,-1,-1,-1
223,3,1278,472,306,421,1,-1,-1,-1
223,2,707,474,306,328,1,-1,-1,-1
223,4,1699,4,215,888,1,-1,-1,-1
224,3,1278,472,306,421,1,-1,-1,-1
224,2,707,474,306,328,1,-1,-1,-1
224,4,1699,4,215,888,1,-1,-1,-1
225,3,1278,472,306,421,1,-1,-1,-1
225,2,707,474,306,328,1,-1,-1,-1
225,4,1699,4,215,888,1,-1,-1,-1
226,3,1278,472,306,421,1,-1,-1,-1
226,2,707,474,306,328,1,-1,-1,-1
226,4,1699,4,215,888,1,-1,-1,-1
226,0,1747,126,164,764,1,-1,-1,-1
227,3,1278,472,306,421,1,-1,-1,-1
227,2,707,474,306,328,1,-1,-1,-1
227,4,1699,4,215,888,1,-1,-1,-1
227,0,1747,126,164,764,1,-1,-1,-1
228,3,1278,472,306,421,1,-1,-1,-1
228,2,707,474,306,328,1,-1,-1,-1
228,4,1699,4,215,888,1,-1,-1,-1
228,0,1747,126,164,764,1,-1,-1,-1
229,3,1278,472,306,421,1,-1,-1,-1
229,2,707,474,306,328,1,-1,-1,-1
229,4,1699,4,215,888,1,-1,-1,-1
229,0,1747,126,164,764,1,-1,-1,-1
230,3,1278,472,306,421,1,-1,-1,-1
230,2,707,474,306,328,1,-1,-1,-1
230,4,1699,4,215,888,1,-1,-1,-1
230,0,1747,126,164,764,1,-1,-1,-1
231,3,1278,472,306,421,1,-1,-1,-1
231,2,707,474,306,328,1,-1,-1,-1
231,4,1714,4,201,888,1,-1,-1,-1
231,0,1747,126,164,764,1,-1,-1,-1
232,3,1278,472,306,421,1,-1,-1,-1
232,2,707,474,306,328,1,-1,-1,-1
232,4,1699,4,215,888,1,-1,-1,-1
232,0,1747,126,164,764,1,-1,-1,-1
233,3,1278,472,306,421,1,-1,-1,-1
233,2,707,474,306,328,1,-1,-1,-1
233,4,1718,4,197,888,1,-1,-1,-1
233,0,1747,126,164,764,1,-1,-1,-1
234,3,1278,472,306,421,1,-1,-1,-1
234,2,707,474,306,328,1,-1,-1,-1
234,4,1721,4,193,888,1,-1,-1,-1
234,0,1747,126,164,764,1,-1,-1,-1
235,3,1278,472,306,421,1,-1,-1,-1
235,2,707,474,306,328,1,-1,-1,-1
235,4,1730,4,184,888,1,-1,-1,-1
235,0,1747,126,164,764,1,-1,-1,-1
236,3,1278,472,306,421,1,-1,-1,-1
236,2,707,474,306,328,1,-1,-1,-1
236,4,1730,4,184,888,1,-1,-1,-1
236,0,1747,126,164,764,1,-1,-1,-1
237,3,1278,472,306,421,1,-1,-1,-1
237,2,707,474,306,328,1,-1,-1,-1
237,4,1730,4,184,888,1,-1,-1,-1
237,0,1747,126,164,764,1,-1,-1,-1
238,3,1278,472,306,421,1,-1,-1,-1
238,2,707,474,306,328,1,-1,-1,-1
238,0,1747,126,164,764,1,-1,-1,-1
239,3,1278,472,306,421,1,-1,-1,-1
239,2,707,474,306,328,1,-1,-1,-1
239,0,1747,126,164,764,1,-1,-1,-1
240,3,1278,472,306,421,1,-1,-1,-1
240,2,707,474,306,328,1,-1,-1,-1
240,0,1747,126,164,764,1,-1,-1,-1
241,3,1278,472,306,421,1,-1,-1,-1
241,2,707,474,306,328,1,-1,-1,-1
241,0,1747,126,164,764,1,-1,-1,-1
242,3,1278,472,306,421,1,-1,-1,-1
242,2,707,474,306,328,1,-1,-1,-1
242,0,1747,126,164,764,1,-1,-1,-1
243,3,1278,472,306,421,1,-1,-1,-1
243,2,707,474,306,328,1,-1,-1,-1
243,0,1747,126,164,764,1,-1,-1,-1
244,3,1278,472,306,421,1,-1,-1,-1
244,2,707,474,306,328,1,-1,-1,-1
244,0,1747,126,164,764,1,-1,-1,-1
245,3,1278,472,306,421,1,-1,-1,-1
245,2,707,474,306,328,1,-1,-1,-1
245,0,1747,126,164,764,1,-1,-1,-1
246,3,1278,472,306,421,1,-1,-1,-1
246,2,707,474,306,328,1,-1,-1,-1
246,0,1747,126,164,764,1,-1,-1,-1
247,3,1278,472,306,421,1,-1,-1,-1
247,2,707,474,306,328,1,-1,-1,-1
247,0,1747,126,164,764,1,-1,-1,-1
248,3,1278,472,306,421,1,-1,-1,-1
248,2,707,474,306,328,1,-1,-1,-1
248,0,1747,126,164,764,1,-1,-1,-1
249,3,1278,472,306,421,1,-1,-1,-1
249,2,707,474,306,328,1,-1,-1,-1
249,0,1747,126,164,764,1,-1,-1,-1
250,3,1278,472,306,421,1,-1,-1,-1
250,2,707,474,306,328,1,-1,-1,-1
250,0,1747,126,164,764,1,-1,-1,-1
251,3,1278,472,306,421,1,-1,-1,-1
251,2,707,474,306,328,1,-1,-1,-1
251,0,1747,126,164,764,1,-1,-1,-1
252,3,1278,463,306,430,1,-1,-1,-1
252,2,707,474,306,328,1,-1,-1,-1
252,0,1747,126,164,764,1,-1,-1,-1
253,3,1278,463,306,430,1,-1,-1,-1
253,2,707,474,306,328,1,-1,-1,-1
253,0,1747,126,164,764,1,-1,-1,-1
254,3,1278,456,306,438,1,-1,-1,-1
254,2,707,474,306,328,1,-1,-1,-1
254,0,1747,126,164,764,1,-1,-1,-1
255,3,1278,456,306,438,1,-1,-1,-1
255,2,707,474,306,328,1,-1,-1,-1
255,0,1747,126,164,764,1,-1,-1,-1
256,3,1278,456,306,438,1,-1,-1,-1
256,2,707,474,306,328,1,-1,-1,-1
256,0,1747,126,164,764,1,-1,-1,-1
257,3,1278,456,306,438,1,-1,-1,-1
257,2,707,474,306,328,1,-1,-1,-1
257,0,1747,126,164,764,1,-1,-1,-1
258,3,1278,456,315,438,1,-1,-1,-1
258,2,707,474,306,328,1,-1,-1,-1
258,0,1747,126,164,764,1,-1,-1,-1
259,3,1278,456,315,438,1,-1,-1,-1
259,2,707,474,306,328,1,-1,-1,-1
259,0,1747,126,164,764,1,-1,-1,-1
260,3,1278,456,315,438,1,-1,-1,-1
260,2,707,474,306,328,1,-1,-1,-1
260,0,1747,126,164,764,1,-1,-1,-1
261,3,1278,456,315,438,1,-1,-1,-1
261,2,707,474,306,328,1,-1,-1,-1
261,0,1747,126,164,764,1,-1,-1,-1
262,3,1278,456,315,438,1,-1,-1,-1
262,2,707,474,306,328,1,-1,-1,-1
262,0,1747,126,164,764,1,-1,-1,-1
263,3,1278,456,315,438,1,-1,-1,-1
263,2,707,474,306,328,1,-1,-1,-1
263,0,1747,126,164,764,1,-1,-1,-1
264,3,1278,456,315,438,1,-1,-1,-1
264,2,707,474,306,328,1,-1,-1,-1
264,0,1747,126,164,764,1,-1,-1,-1
265,3,1278,456,315,438,1,-1,-1,-1
265,2,707,474,306,328,1,-1,-1,-1
265,0,1747,126,164,764,1,-1,-1,-1
266,3,1278,456,315,438,1,-1,-1,-1
266,2,707,474,306,328,1,-1,-1,-1
266,0,1747,126,164,764,1,-1,-1,-1
267,3,1278,456,315,438,1,-1,-1,-1
267,2,707,474,306,328,1,-1,-1,-1
267,0,1747,126,164,764,1,-1,-1,-1
268,3,1278,456,330,438,1,-1,-1,-1
268,2,707,474,306,328,1,-1,-1,-1
268,0,1747,126,164,764,1,-1,-1,-1
269,3,1278,456,328,438,1,-1,-1,-1
269,2,707,474,306,328,1,-1,-1,-1
269,0,1747,126,164,764,1,-1,-1,-1
270,3,1278,456,328,438,1,-1,-1,-1
270,2,707,474,306,328,1,-1,-1,-1
270,0,1747,126,164,764,1,-1,-1,-1
271,3,1278,456,328,438,1,-1,-1,-1
271,2,707,474,306,328,1,-1,-1,-1
271,0,1747,126,164,764,1,-1,-1,-1
272,3,1278,456,328,438,1,-1,-1,-1
272,2,707,474,306,328,1,-1,-1,-1
272,0,1747,126,164,764,1,-1,-1,-1
273,3,1278,456,328,438,1,-1,-1,-1
273,2,707,474,306,328,1,-1,-1,-1
273,0,1747,126,164,764,1,-1,-1,-1
274,3,1278,456,328,438,1,-1,-1,-1
274,2,707,474,306,328,1,-1,-1,-1
274,0,1747,126,164,764,1,-1,-1,-1
275,3,1278,456,328,438,1,-1,-1,-1
275,2,707,474,306,328,1,-1,-1,-1
275,0,1747,126,164,764,1,-1,-1,-1
276,3,1278,456,328,438,1,-1,-1,-1
276,2,707,474,306,328,1,-1,-1,-1
276,0,1741,126,170,764,1,-1,-1,-1
277,3,1278,456,328,438,1,-1,-1,-1
277,2,707,474,306,328,1,-1,-1,-1
277,0,1741,126,170,764,1,-1,-1,-1
278,3,1278,456,328,438,1,-1,-1,-1
278,2,707,474,306,328,1,-1,-1,-1
278,0,1741,126,170,764,1,-1,-1,-1
279,3,1278,456,328,438,1,-1,-1,-1
279,2,707,474,306,328,1,-1,-1,-1
279,0,1741,126,170,764,1,-1,-1,-1
280,3,1278,439,328,454,1,-1,-1,-1
280,2,707,474,306,328,1,-1,-1,-1
280,0,1741,126,170,764,1,-1,-1,-1
281,3,1278,421,328,472,1,-1,-1,-1
281,2,707,474,306,328,1,-1,-1,-1
281,0,1741,126,170,764,1,-1,-1,-1
282,3,1264,385,328,509,1,-1,-1,-1
282,2,707,474,306,328,1,-1,-1,-1
282,0,1741,126,170,764,1,-1,-1,-1
283,3,1256,356,335,538,1,-1,-1,-1
283,2,707,474,306,328,1,-1,-1,-1
283,0,1741,126,170,764,1,-1,-1,-1
284,3,1247,319,345,574,1,-1,-1,-1
284,2,707,474,306,328,1,-1,-1,-1
284,0,1741,126,170,764,1,-1,-1,-1
285,3,1229,283,350,611,1,-1,-1,-1
285,2,707,474,306,328,1,-1,-1,-1
285,0,1741,126,170,764,1,-1,-1,-1
286,3,1220,259,359,635,1,-1,-1,-1
286,2,707,474,306,328,1,-1,-1,-1
286,0,1729,126,182,764,1,-1,-1,-1
287,3,1220,232,359,662,1,-1,-1,-1
287,2,707,463,306,339,1,-1,-1,-1
287,0,1725,135,186,755,1,-1,-1,-1
288,3,1220,197,359,697,1,-1,-1,-1
288,2,707,463,306,339,1,-1,-1,-1
288,0,1725,135,186,755,1,-1,-1,-1
289,3,1220,179,359,715,1,-1,-1,-1
289,2,707,463,306,339,1,-1,-1,-1
289,0,1725,135,186,755,1,-1,-1,-1
290,3,1220,164,359,729,1,-1,-1,-1
290,2,707,463,306,339,1,-1,-1,-1
290,0,1725,135,186,755,1,-1,-1,-1
291,3,1214,151,354,742,1,-1,-1,-1
291,2,707,463,306,339,1,-1,-1,-1
291,0,1725,135,186,755,1,-1,-1,-1
292,3,1214,151,354,742,1,-1,-1,-1
292,2,707,463,306,339,1,-1,-1,-1
292,0,1725,135,186,755,1,-1,-1,-1
293,3,1214,144,354,749,1,-1,-1,-1
293,2,707,463,306,339,1,-1,-1,-1
293,0,1716,135,197,755,1,-1,-1,-1
294,3,1214,139,354,755,1,-1,-1,-1
294,2,707,463,306,339,1,-1,-1,-1
294,0,1716,135,195,755,1,-1,-1,-1
295,3,1214,140,354,753,1,-1,-1,-1
295,2,707,463,306,339,1,-1,-1,-1
295,0,1716,135,195,755,1,-1,-1,-1
296,3,1214,139,354,755,1,-1,-1,-1
296,2,707,463,306,339,1,-1,-1,-1
296,0,1710,135,201,755,1,-1,-1,-1
297,3,1214,131,354,762,1,-1,-1,-1
297,2,707,463,306,339,1,-1,-1,-1
297,0,1703,135,208,755,1,-1,-1,-1
298,3,1214,133,354,760,1,-1,-1,-1
298,2,707,463,306,339,1,-1,-1,-1
298,0,1707,135,204,755,1,-1,-1,-1
299,3,1214,131,354,762,1,-1,-1,-1
299,2,707,463,306,339,1,-1,-1,-1
299,0,1699,135,212,755,1,-1,-1,-1
300,3,1214,129,354,764,1,-1,-1,-1
300,2,707,463,306,339,1,-1,-1,-1
300,0,1708,135,202,755,1,-1,-1,-1
301,3,1214,129,354,764,1,-1,-1,-1
301,2,707,463,306,339,1,-1,-1,-1
301,0,1708,135,202,755,1,-1,-1,-1
302,3,1214,129,354,764,1,-1,-1,-1
302,2,707,463,306,339,1,-1,-1,-1
302,0,1708,135,202,755,1,-1,-1,-1
303,3,1200,129,337,764,1,-1,-1,-1
303,2,707,463,306,339,1,-1,-1,-1
303,0,1708,124,202,766,1,-1,-1,-1
304,3,1200,129,337,764,1,-1,-1,-1
304,2,707,463,306,339,1,-1,-1,-1
304,0,1708,124,202,766,1,-1,-1,-1
305,3,1200,129,337,764,1,-1,-1,-1
305,2,707,463,306,339,1,-1,-1,-1
305,0,1708,117,202,773,1,-1,-1,-1
306,3,1200,129,337,764,1,-1,-1,-1
306,2,682,463,332,339,1,-1,-1,-1
306,0,1721,102,190,788,1,-1,-1,-1
307,3,1200,129,337,764,1,-1,-1,-1
307,2,656,463,357,339,1,-1,-1,-1
307,0,1721,102,190,788,1,-1,-1,-1
308,3,1200,129,337,764,1,-1,-1,-1
308,2,656,463,357,339,1,-1,-1,-1
308,0,1721,102,190,788,1,-1,-1,-1
309,3,1200,129,337,764,1,-1,-1,-1
309,2,656,463,339,339,1,-1,-1,-1
309,0,1721,102,190,788,1,-1,-1,-1
310,3,1200,129,337,764,1,-1,-1,-1
310,2,656,463,357,339,1,-1,-1,-1
310,0,1745,88,166,802,1,-1,-1,-1
311,3,1200,129,337,764,1,-1,-1,-1
311,2,644,463,337,339,1,-1,-1,-1
311,0,1745,88,166,802,1,-1,-1,-1
312,3,1200,129,337,764,1,-1,-1,-1
312,2,644,463,337,339,1,-1,-1,-1
312,0,1745,88,166,802,1,-1,-1,-1
313,3,1200,129,337,764,1,-1,-1,-1
313,2,644,463,337,339,1,-1,-1,-1
313,0,1745,78,166,811,1,-1,-1,-1
314,3,1200,129,337,764,1,-1,-1,-1
314,2,644,463,337,339,1,-1,-1,-1
314,0,1745,78,166,811,1,-1,-1,-1
315,3,1200,129,337,764,1,-1,-1,-1
315,2,644,463,337,339,1,-1,-1,-1
315,0,1745,78,166,811,1,-1,-1,-1
316,3,1200,129,337,764,1,-1,-1,-1
316,2,644,463,337,339,1,-1,-1,-1
316,0,1745,67,166,822,1,-1,-1,-1
317,3,1200,129,337,764,1,-1,-1,-1
317,2,644,463,337,339,1,-1,-1,-1
317,0,1745,67,166,822,1,-1,-1,-1
318,3,1200,129,337,764,1,-1,-1,-1
318,2,644,463,323,339,1,-1,-1,-1
318,0,1745,67,166,822,1,-1,-1,-1
319,3,1200,129,337,764,1,-1,-1,-1
319,2,644,463,308,339,1,-1,-1,-1
319,0,1745,67,166,822,1,-1,-1,-1
320,3,1200,129,337,764,1,-1,-1,-1
320,2,644,463,308,339,1,-1,-1,-1
320,0,1732,53,179,837,1,-1,-1,-1
321,3,1200,129,337,764,1,-1,-1,-1
321,2,644,463,308,339,1,-1,-1,-1
321,0,1732,53,179,837,1,-1,-1,-1
322,3,1200,129,337,764,1,-1,-1,-1
322,2,625,463,305,339,1,-1,-1,-1
322,0,1732,53,179,837,1,-1,-1,-1
323,3,1200,129,337,764,1,-1,-1,-1
323,2,625,463,305,339,1,-1,-1,-1
323,0,1732,53,179,837,1,-1,-1,-1
324,3,1200,129,337,764,1,-1,-1,-1
324,2,611,449,299,354,1,-1,-1,-1
324,0,1732,53,179,837,1,-1,-1,-1
325,3,1200,129,337,764,1,-1,-1,-1
325,2,598,439,312,363,1,-1,-1,-1
325,0,1732,53,179,837,1,-1,-1,-1
326,3,1200,129,337,764,1,-1,-1,-1
326,2,582,418,328,385,1,-1,-1,-1
326,0,1732,53,179,837,1,-1,-1,-1
327,3,1200,129,337,764,1,-1,-1,-1
327,2,582,418,328,385,1,-1,-1,-1
327,0,1732,53,179,837,1,-1,-1,-1
328,3,1200,129,337,764,1,-1,-1,-1
328,2,582,418,328,385,1,-1,-1,-1
328,0,1732,53,179,837,1,-1,-1,-1
329,3,1200,129,337,764,1,-1,-1,-1
329,2,551,403,345,399,1,-1,-1,-1
329,0,1732,53,179,837,1,-1,-1,-1
330,3,1200,129,337,764,1,-1,-1,-1
330,2,551,403,345,399,1,-1,-1,-1
330,0,1732,53,179,837,1,-1,-1,-1
331,3,1200,129,337,764,1,-1,-1,-1
331,2,545,372,321,430,1,-1,-1,-1
331,0,1756,53,155,837,1,-1,-1,-1
332,3,1200,129,337,764,1,-1,-1,-1
332,2,545,372,321,430,1,-1,-1,-1
332,0,1756,53,155,837,1,-1,-1,-1
333,3,1200,129,337,764,1,-1,-1,-1
333,2,543,352,323,450,1,-1,-1,-1
333,0,1756,53,155,837,1,-1,-1,-1
334,3,1200,129,337,764,1,-1,-1,-1
334,2,545,326,301,476,1,-1,-1,-1
334,0,1794,53,117,837,1,-1,-1,-1
335,3,1200,129,337,764,1,-1,-1,-1
335,2,545,326,301,476,1,-1,-1,-1
335,0,1794,53,117,837,1,-1,-1,-1
336,3,1200,129,337,764,1,-1,-1,-1
336,2,545,314,283,489,1,-1,-1,-1
336,0,1814,53,97,837,1,-1,-1,-1
337,3,1200,129,337,764,1,-1,-1,-1
337,2,545,314,283,489,1,-1,-1,-1
337,0,1814,53,97,837,1,-1,-1,-1
338,3,1200,129,337,764,1,-1,-1,-1
338,2,545,301,283,501,1,-1,-1,-1
338,0,1803,53,108,837,1,-1,-1,-1
339,3,1200,129,337,764,1,-1,-1,-1
339,2,545,288,283,514,1,-1,-1,-1
339,0,1789,53,122,837,1,-1,-1,-1
340,3,1200,129,337,764,1,-1,-1,-1
340,2,545,288,259,514,1,-1,-1,-1
340,0,1781,53,129,837,1,-1,-1,-1
341,3,1200,129,337,764,1,-1,-1,-1
341,2,545,288,248,514,1,-1,-1,-1
341,0,1767,53,144,837,1,-1,-1,-1
342,3,1200,129,337,764,1,-1,-1,-1
342,2,545,288,235,514,1,-1,-1,-1
342,0,1756,53,155,837,1,-1,-1,-1
343,3,1200,129,337,764,1,-1,-1,-1
343,2,545,288,235,514,1,-1,-1,-1
343,0,1747,53,164,837,1,-1,-1,-1
344,3,1200,129,337,764,1,-1,-1,-1
344,2,529,274,224,529,1,-1,-1,-1
344,0,1743,53,168,837,1,-1,-1,-1
345,3,1200,129,337,764,1,-1,-1,-1
345,2,516,274,226,529,1,-1,-1,-1
345,0,1743,53,168,837,1,-1,-1,-1
346,3,1200,129,337,764,1,-1,-1,-1
346,2,516,274,226,529,1,-1,-1,-1
346,0,1743,53,168,837,1,-1,-1,-1
347,3,1200,129,337,764,1,-1,-1,-1
347,2,498,255,222,594,1,-1,-1,-1
347,0,1763,53,148,837,1,-1,-1,-1
348,3,1200,129,337,764,1,-1,-1,-1
348,2,474,255,235,593,1,-1,-1,-1
348,0,1765,53,146,837,1,-1,-1,-1
349,3,1200,129,337,764,1,-1,-1,-1
349,2,459,255,241,614,1,-1,-1,-1
349,0,1776,67,135,822,1,-1,-1,-1
350,3,1200,129,337,764,1,-1,-1,-1
350,2,459,255,241,614,1,-1,-1,-1
350,0,1776,67,135,822,1,-1,-1,-1
351,3,1200,129,337,764,1,-1,-1,-1
351,2,441,255,241,614,1,-1,-1,-1
351,0,1776,67,135,822,1,-1,-1,-1
352,3,1200,129,337,764,1,-1,-1,-1
352,2,441,255,241,614,1,-1,-1,-1
352,0,1776,67,135,822,1,-1,-1,-1
353,3,1200,129,350,764,1,-1,-1,-1
353,2,411,255,241,614,1,-1,-1,-1
353,0,1776,67,135,822,1,-1,-1,-1
354,3,1200,129,350,764,1,-1,-1,-1
354,2,411,255,241,614,1,-1,-1,-1
354,0,1776,67,135,822,1,-1,-1,-1
355,3,1200,129,350,764,1,-1,-1,-1
355,2,391,255,241,614,1,-1,-1,-1
355,0,1791,67,120,822,1,-1,-1,-1
356,3,1200,129,350,764,1,-1,-1,-1
356,2,379,255,241,614,1,-1,-1,-1
356,0,1791,67,120,822,1,-1,-1,-1
357,3,1200,129,350,764,1,-1,-1,-1
357,2,363,255,241,614,1,-1,-1,-1
357,0,1791,67,120,822,1,-1,-1,-1
358,3,1200,129,350,764,1,-1,-1,-1
358,2,350,255,253,614,1,-1,-1,-1
358,0,1791,67,120,822,1,-1,-1,-1
359,3,1200,129,350,764,1,-1,-1,-1
359,2,340,255,253,614,1,-1,-1,-1
359,0,1791,67,120,822,1,-1,-1,-1
360,3,1200,129,350,764,1,-1,-1,-1
360,2,340,255,253,614,1,-1,-1,-1
360,0,1791,67,120,822,1,-1,-1,-1
361,3,1200,129,350,764,1,-1,-1,-1
361,2,337,255,243,614,1,-1,-1,-1
361,0,1791,67,120,822,1,-1,-1,-1
362,3,1200,129,350,764,1,-1,-1,-1
362,2,337,255,243,614,1,-1,-1,-1
362,0,1791,67,120,822,1,-1,-1,-1
363,3,1200,129,350,764,1,-1,-1,-1
363,2,337,255,243,614,1,-1,-1,-1
363,0,1791,67,120,822,1,-1,-1,-1
364,3,1200,129,350,764,1,-1,-1,-1
364,2,337,255,243,614,1,-1,-1,-1
364,0,1791,67,120,822,1,-1,-1,-1
365,3,1200,129,350,764,1,-1,-1,-1
365,2,337,255,243,614,1,-1,-1,-1
365,0,1791,67,120,822,1,-1,-1,-1
366,3,1200,129,350,764,1,-1,-1,-1
366,2,337,255,243,614,1,-1,-1,-1
366,0,1791,67,120,822,1,-1,-1,-1
367,3,1200,129,350,764,1,-1,-1,-1
367,2,337,255,243,614,1,-1,-1,-1
367,0,1791,67,120,822,1,-1,-1,-1
368,3,1200,129,350,764,1,-1,-1,-1
368,2,353,255,243,614,1,-1,-1,-1
368,0,1791,67,120,822,1,-1,-1,-1
369,3,1200,129,350,764,1,-1,-1,-1
369,2,353,255,243,614,1,-1,-1,-1
369,0,1791,67,120,822,1,-1,-1,-1
370,3,1200,129,350,764,1,-1,-1,-1
370,2,353,255,243,614,1,-1,-1,-1
370,0,1791,67,120,822,1,-1,-1,-1
371,3,1200,129,350,764,1,-1,-1,-1
371,2,367,255,243,614,1,-1,-1,-1
371,0,1791,67,120,822,1,-1,-1,-1
372,3,1208,129,350,764,1,-1,-1,-1
372,2,367,255,243,614,1,-1,-1,-1
372,0,1791,67,120,822,1,-1,-1,-1
373,3,1208,129,350,764,1,-1,-1,-1
373,2,377,255,243,614,1,-1,-1,-1
373,0,1791,67,120,822,1,-1,-1,-1
374,3,1216,129,350,764,1,-1,-1,-1
374,2,377,255,243,614,1,-1,-1,-1
374,0,1791,67,120,822,1,-1,-1,-1
375,3,1216,129,350,764,1,-1,-1,-1
375,2,385,255,243,614,1,-1,-1,-1
375,0,1781,67,129,822,1,-1,-1,-1
376,3,1216,129,350,764,1,-1,-1,-1
376,2,385,255,243,614,1,-1,-1,-1
376,0,1781,67,129,822,1,-1,-1,-1
377,3,1216,129,350,764,1,-1,-1,-1
377,2,393,255,243,614,1,-1,-1,-1
377,0,1781,67,129,822,1,-1,-1,-1
378,3,1216,129,350,764,1,-1,-1,-1
378,2,393,255,243,614,1,-1,-1,-1
378,0,1767,67,144,822,1,-1,-1,-1
379,3,1216,129,350,764,1,-1,-1,-1
379,2,393,255,243,614,1,-1,-1,-1
379,0,1758,67,153,822,1,-1,-1,-1
380,3,1216,129,350,764,1,-1,-1,-1
380,2,393,255,243,614,1,-1,-1,-1
380,0,1745,67,166,822,1,-1,-1,-1
381,3,1216,129,350,764,1,-1,-1,-1
381,2,393,255,243,614,1,-1,-1,-1
381,0,1745,67,166,822,1,-1,-1,-1
382,3,1216,129,350,764,1,-1,-1,-1
382,2,393,255,243,614,1,-1,-1,-1
382,0,1732,67,182,822,1,-1,-1,-1
383,3,1216,129,332,764,1,-1,-1,-1
383,2,393,255,243,614,1,-1,-1,-1
383,0,1718,67,197,822,1,-1,-1,-1
384,3,1216,129,332,764,1,-1,-1,-1
384,2,394,255,228,614,1,-1,-1,-1
384,0,1718,67,197,822,1,-1,-1,-1
385,3,1216,129,332,764,1,-1,-1,-1
385,2,394,255,228,614,1,-1,-1,-1
385,0,1698,57,217,833,1,-1,-1,-1
386,3,1216,129,332,764,1,-1,-1,-1
386,2,394,255,228,614,1,-1,-1,-1
386,0,1698,57,217,833,1,-1,-1,-1
387,3,1216,129,332,764,1,-1,-1,-1
387,2,394,255,228,614,1,-1,-1,-1
387,0,1698,57,217,833,1,-1,-1,-1
388,3,1216,129,332,764,1,-1,-1,-1
388,2,394,255,228,614,1,-1,-1,-1
388,0,1683,46,232,844,1,-1,-1,-1
389,3,1216,129,332,764,1,-1,-1,-1
389,2,394,255,228,614,1,-1,-1,-1
389,0,1665,35,250,855,1,-1,-1,-1
390,3,1216,129,343,764,1,-1,-1,-1
390,2,394,255,228,614,1,-1,-1,-1
390,0,1652,13,263,877,1,-1,-1,-1
391,3,1216,129,343,764,1,-1,-1,-1
391,2,407,277,201,593,1,-1,-1,-1
391,0,1643,5,272,884,1,-1,-1,-1
392,3,1216,129,343,764,1,-1,-1,-1
392,2,407,277,201,593,1,-1,-1,-1
392,0,1643,5,272,884,1,-1,-1,-1
393,3,1216,129,343,764,1,-1,-1,-1
393,2,407,277,201,593,1,-1,-1,-1
393,0,1630,5,284,884,1,-1,-1,-1
394,3,1216,135,315,759,1,-1,-1,-1
394,2,407,277,201,593,1,-1,-1,-1
394,0,1601,5,314,884,1,-1,-1,-1
395,3,1202,135,343,759,1,-1,-1,-1
395,2,407,277,201,593,1,-1,-1,-1
395,0,1574,5,341,884,1,-1,-1,-1
396,3,1202,135,343,759,1,-1,-1,-1
396,2,407,277,201,593,1,-1,-1,-1
396,0,1555,5,359,884,1,-1,-1,-1
397,3,1202,135,343,759,1,-1,-1,-1
397,2,407,277,201,593,1,-1,-1,-1
397,0,1537,5,377,884,1,-1,-1,-1
398,3,1202,135,343,759,1,-1,-1,-1
398,2,407,277,201,593,1,-1,-1,-1
398,0,1517,5,397,884,1,-1,-1,-1
399,3,1202,135,343,759,1,-1,-1,-1
399,2,407,277,201,593,1,-1,-1,-1
399,0,1471,5,430,884,1,-1,-1,-1
400,3,1202,135,343,759,1,-1,-1,-1
400,2,407,277,201,593,1,-1,-1,-1
400,0,1384,5,496,884,1,-1,-1,-1
401,3,1202,135,343,759,1,-1,-1,-1
401,2,407,277,201,593,1,-1,-1,-1
401,0,1306,5,545,884,1,-1,-1,-1
402,3,1202,135,343,759,1,-1,-1,-1
402,2,407,277,201,593,1,-1,-1,-1
402,0,1267,5,574,884,1,-1,-1,-1
403,3,1202,135,343,759,1,-1,-1,-1
403,2,407,277,201,593,1,-1,-1,-1
403,0,1233,5,574,884,1,-1,-1,-1
404,3,1202,135,343,759,1,-1,-1,-1
404,2,407,277,201,593,1,-1,-1,-1
404,0,1149,5,607,884,1,-1,-1,-1
405,2,407,277,201,593,1,-1,-1,-1
405,0,1070,5,658,884,1,-1,-1,-1
406,2,407,277,201,593,1,-1,-1,-1
406,0,1016,5,658,884,1,-1,-1,-1
407,2,407,277,201,593,1,-1,-1,-1
407,0,946,5,676,884,1,-1,-1,-1
408,2,407,277,201,593,1,-1,-1,-1
408,0,877,5,704,884,1,-1,-1,-1
409,2,407,277,201,593,1,-1,-1,-1
409,0,795,5,737,884,1,-1,-1,-1
410,2,407,277,201,593,1,-1,-1,-1
410,0,724,5,755,884,1,-1,-1,-1
411,2,407,277,201,593,1,-1,-1,-1
411,0,649,5,777,884,1,-1,-1,-1
412,2,407,277,201,593,1,-1,-1,-1
412,0,576,5,786,884,1,-1,-1,-1
412,3,1182,142,346,751,1,-1,-1,-1
413,2,407,277,201,593,1,-1,-1,-1
413,0,502,5,786,884,1,-1,-1,-1
413,3,1182,142,346,751,1,-1,-1,-1
414,2,407,277,201,593,1,-1,-1,-1
414,0,434,5,786,884,1,-1,-1,-1
414,3,1182,142,346,751,1,-1,-1,-1
415,2,407,277,201,593,1,-1,-1,-1
415,0,377,5,722,884,1,-1,-1,-1
415,3,1182,142,346,751,1,-1,-1,-1
416,2,407,277,201,593,1,-1,-1,-1
416,0,307,5,722,884,1,-1,-1,-1
416,3,1182,142,346,751,1,-1,-1,-1
417,0,215,5,722,884,1,-1,-1,-1
417,3,1182,142,346,751,1,-1,-1,-1
418,0,151,5,673,884,1,-1,-1,-1
418,3,1182,142,346,751,1,-1,-1,-1
419,0,91,5,638,884,1,-1,-1,-1
419,3,1182,142,346,751,1,-1,-1,-1
420,0,49,5,594,884,1,-1,-1,-1
420,3,1182,142,346,751,1,-1,-1,-1
420,2,443,286,193,587,1,-1,-1,-1
421,0,1,5,594,884,1,-1,-1,-1
421,3,1182,142,346,751,1,-1,-1,-1
421,2,443,286,193,587,1,-1,-1,-1
422,0,2,5,531,884,1,-1,-1,-1
422,3,1182,142,346,751,1,-1,-1,-1
422,2,443,286,193,587,1,-1,-1,-1
423,0,2,5,481,884,1,-1,-1,-1
423,3,1182,142,346,751,1,-1,-1,-1
423,2,443,286,204,587,1,-1,-1,-1
424,0,2,5,452,884,1,-1,-1,-1
424,3,1182,142,346,751,1,-1,-1,-1
424,2,443,286,204,587,1,-1,-1,-1
425,0,2,5,396,884,1,-1,-1,-1
425,3,1182,142,346,751,1,-1,-1,-1
425,2,467,286,190,587,1,-1,-1,-1
426,0,2,5,343,884,1,-1,-1,-1
426,3,1182,142,346,751,1,-1,-1,-1
426,2,473,286,190,587,1,-1,-1,-1
427,3,1182,142,346,751,1,-1,-1,-1
427,2,491,286,190,587,1,-1,-1,-1
428,3,1182,142,346,751,1,-1,-1,-1
428,2,491,286,190,587,1,-1,-1,-1
429,3,1182,142,346,751,1,-1,-1,-1
429,2,491,286,190,587,1,-1,-1,-1
430,3,1182,142,346,751,1,-1,-1,-1
430,2,491,286,190,587,1,-1,-1,-1
431,3,1182,142,346,751,1,-1,-1,-1
431,2,491,286,190,587,1,-1,-1,-1
432,3,1182,142,346,751,1,-1,-1,-1
432,2,505,286,175,587,1,-1,-1,-1
433,3,1182,142,346,751,1,-1,-1,-1
433,2,507,286,179,587,1,-1,-1,-1
434,3,1182,142,346,751,1,-1,-1,-1
434,2,507,286,179,587,1,-1,-1,-1
435,3,1182,142,335,751,1,-1,-1,-1
435,2,507,275,179,598,1,-1,-1,-1
436,3,1182,142,335,751,1,-1,-1,-1
436,2,507,275,179,598,1,-1,-1,-1
437,3,1182,142,335,751,1,-1,-1,-1
437,2,507,275,179,598,1,-1,-1,-1
438,3,1182,142,335,751,1,-1,-1,-1
438,2,507,275,190,598,1,-1,-1,-1
439,3,1182,142,335,751,1,-1,-1,-1
439,2,507,275,190,598,1,-1,-1,-1
440,3,1182,142,335,751,1,-1,-1,-1
440,2,507,275,195,598,1,-1,-1,-1
441,3,1182,142,335,751,1,-1,-1,-1
441,2,507,275,197,598,1,-1,-1,-1
442,3,1182,142,335,751,1,-1,-1,-1
442,2,507,275,193,598,1,-1,-1,-1
442,4,1729,1,190,893,1,-1,-1,-1
443,3,1182,142,335,751,1,-1,-1,-1
443,2,507,275,202,598,1,-1,-1,-1
443,4,1729,1,190,893,1,-1,-1,-1
444,3,1182,142,335,751,1,-1,-1,-1
444,2,507,275,202,598,1,-1,-1,-1
444,4,1729,1,190,893,1,-1,-1,-1
445,3,1182,142,335,751,1,-1,-1,-1
445,2,507,275,202,598,1,-1,-1,-1
445,4,1729,1,190,893,1,-1,-1,-1
446,3,1182,142,335,751,1,-1,-1,-1
446,2,507,275,202,598,1,-1,-1,-1
446,4,1729,1,190,893,1,-1,-1,-1
447,3,1182,142,335,751,1,-1,-1,-1
447,2,507,275,202,598,1,-1,-1,-1
447,4,1729,1,190,893,1,-1,-1,-1
448,3,1182,142,335,751,1,-1,-1,-1
448,2,507,275,202,598,1,-1,-1,-1
448,4,1712,2,206,893,1,-1,-1,-1
449,3,1182,142,335,751,1,-1,-1,-1
449,2,507,275,202,598,1,-1,-1,-1
449,4,1687,2,232,893,1,-1,-1,-1
450,3,1182,142,335,751,1,-1,-1,-1
450,2,507,275,202,598,1,-1,-1,-1
450,4,1676,2,243,893,1,-1,-1,-1
451,3,1182,142,335,751,1,-1,-1,-1
451,2,507,275,202,598,1,-1,-1,-1
451,4,1667,2,252,893,1,-1,-1,-1
452,3,1182,142,335,751,1,-1,-1,-1
452,2,507,275,202,598,1,-1,-1,-1
452,4,1639,2,279,893,1,-1,-1,-1
453,3,1182,142,335,751,1,-1,-1,-1
453,2,507,275,202,598,1,-1,-1,-1
453,4,1621,2,297,893,1,-1,-1,-1
454,3,1182,142,335,751,1,-1,-1,-1
454,2,507,275,202,598,1,-1,-1,-1
454,4,1612,2,306,893,1,-1,-1,-1
455,3,1182,142,335,751,1,-1,-1,-1
455,2,507,275,202,598,1,-1,-1,-1
455,4,1561,2,357,893,1,-1,-1,-1
456,3,1182,142,335,751,1,-1,-1,-1
456,2,507,275,202,598,1,-1,-1,-1
456,4,1528,2,390,893,1,-1,-1,-1
457,3,1182,142,335,751,1,-1,-1,-1
457,2,507,275,202,598,1,-1,-1,-1
457,4,1528,2,390,893,1,-1,-1,-1
458,3,1182,142,335,751,1,-1,-1,-1
458,2,507,275,202,598,1,-1,-1,-1
458,4,1484,2,434,893,1,-1,-1,-1
459,3,1182,142,335,751,1,-1,-1,-1
459,2,507,275,202,598,1,-1,-1,-1
459,4,1484,2,434,893,1,-1,-1,-1
460,3,1182,142,335,751,1,-1,-1,-1
460,2,507,275,202,598,1,-1,-1,-1
460,4,1426,2,492,893,1,-1,-1,-1
461,3,1182,142,335,751,1,-1,-1,-1
461,2,507,275,202,598,1,-1,-1,-1
461,4,1371,2,547,893,1,-1,-1,-1
462,3,1194,142,323,751,1,-1,-1,-1
462,2,507,275,202,598,1,-1,-1,-1
462,4,1327,2,591,893,1,-1,-1,-1
463,3,1194,142,323,751,1,-1,-1,-1
463,2,494,275,215,598,1,-1,-1,-1
463,4,1287,2,631,893,1,-1,-1,-1
464,2,494,275,215,598,1,-1,-1,-1
464,4,1254,2,647,893,1,-1,-1,-1
465,2,494,275,210,598,1,-1,-1,-1
465,4,1204,2,647,893,1,-1,-1,-1
466,2,494,275,210,598,1,-1,-1,-1
466,4,1180,2,647,893,1,-1,-1,-1
467,2,494,275,210,598,1,-1,-1,-1
467,4,1160,2,647,893,1,-1,-1,-1
468,2,494,275,210,598,1,-1,-1,-1
468,4,1138,0,647,893,1,-1,-1,-1
469,2,494,275,210,598,1,-1,-1,-1
469,4,1118,0,647,893,1,-1,-1,-1
470,2,494,275,210,598,1,-1,-1,-1
470,4,1108,0,647,893,1,-1,-1,-1
471,2,494,275,210,598,1,-1,-1,-1
471,4,1100,0,647,893,1,-1,-1,-1
472,2,494,275,210,598,1,-1,-1,-1
472,4,1100,0,647,893,1,-1,-1,-1
473,2,494,275,210,598,1,-1,-1,-1
473,4,1100,0,647,893,1,-1,-1,-1
474,2,494,275,210,598,1,-1,-1,-1
474,4,1100,0,647,893,1,-1,-1,-1
475,2,494,275,210,598,1,-1,-1,-1
475,4,1100,0,647,893,1,-1,-1,-1
476,2,494,275,210,598,1,-1,-1,-1
476,4,1106,0,647,893,1,-1,-1,-1
477,2,494,275,210,598,1,-1,-1,-1
477,4,1118,0,647,893,1,-1,-1,-1
477,2,494,275,210,598,1,-1,-1,-1
478,2,494,275,210,598,1,-1,-1,-1
478,4,1128,0,647,893,1,-1,-1,-1
479,2,494,275,210,598,1,-1,-1,-1
479,4,1132,0,666,893,1,-1,-1,-1
480,2,494,275,210,598,1,-1,-1,-1
480,4,1140,0,666,893,1,-1,-1,-1
481,2,494,275,210,598,1,-1,-1,-1
481,4,1148,0,666,893,1,-1,-1,-1
482,2,494,275,210,598,1,-1,-1,-1
482,4,1154,0,666,893,1,-1,-1,-1
483,2,494,275,210,598,1,-1,-1,-1
483,4,1154,0,689,893,1,-1,-1,-1
484,2,494,275,210,598,1,-1,-1,-1
484,4,1154,0,689,893,1,-1,-1,-1
485,2,494,275,210,598,1,-1,-1,-1
485,4,1162,0,689,893,1,-1,-1,-1
486,2,494,275,210,598,1,-1,-1,-1
486,4,1162,0,689,893,1,-1,-1,-1
487,2,494,275,210,598,1,-1,-1,-1
487,4,1168,0,689,893,1,-1,-1,-1
488,2,494,275,210,598,1,-1,-1,-1
488,4,1168,0,689,893,1,-1,-1,-1
489,2,494,275,210,598,1,-1,-1,-1
489,4,1168,0,689,893,1,-1,-1,-1
490,2,494,275,210,598,1,-1,-1,-1
490,4,1168,0,689,893,1,-1,-1,-1
491,2,494,275,210,598,1,-1,-1,-1
491,4,1168,0,689,893,1,-1,-1,-1
492,2,494,275,210,598,1,-1,-1,-1
492,4,1168,0,689,893,1,-1,-1,-1
493,2,494,275,210,598,1,-1,-1,-1
493,4,1168,0,689,893,1,-1,-1,-1
494,2,494,275,210,598,1,-1,-1,-1
494,4,1168,0,689,893,1,-1,-1,-1
495,2,494,275,210,598,1,-1,-1,-1
495,4,1152,0,706,893,1,-1,-1,-1
496,2,494,275,210,598,1,-1,-1,-1
496,4,1152,0,706,893,1,-1,-1,-1
497,2,494,275,210,598,1,-1,-1,-1
497,4,1152,0,706,893,1,-1,-1,-1
498,2,494,275,210,598,1,-1,-1,-1
498,4,1152,0,706,893,1,-1,-1,-1
499,2,494,275,210,598,1,-1,-1,-1
499,4,1152,0,706,893,1,-1,-1,-1
500,2,494,275,210,598,1,-1,-1,-1
500,4,1152,0,706,893,1,-1,-1,-1
501,2,494,275,210,598,1,-1,-1,-1
501,4,1152,0,706,893,1,-1,-1,-1
502,2,494,275,210,598,1,-1,-1,-1
502,4,1152,0,706,893,1,-1,-1,-1
503,2,494,275,210,598,1,-1,-1,-1
503,4,1152,0,706,893,1,-1,-1,-1
504,2,494,275,210,598,1,-1,-1,-1
504,4,1152,0,706,893,1,-1,-1,-1
505,2,494,275,210,598,1,-1,-1,-1
505,4,1152,0,706,893,1,-1,-1,-1
506,2,494,275,210,598,1,-1,-1,-1
506,4,1152,0,706,893,1,-1,-1,-1
507,2,494,275,210,598,1,-1,-1,-1
507,4,1152,0,706,893,1,-1,-1,-1
508,2,494,275,210,598,1,-1,-1,-1
508,4,1142,0,706,893,1,-1,-1,-1
509,2,494,275,210,598,1,-1,-1,-1
509,4,1142,0,706,893,1,-1,-1,-1
510,2,494,275,210,598,1,-1,-1,-1
510,4,1124,0,706,893,1,-1,-1,-1
511,2,494,275,210,598,1,-1,-1,-1
511,4,1124,0,706,893,1,-1,-1,-1
512,2,494,275,210,598,1,-1,-1,-1
512,4,1108,0,706,893,1,-1,-1,-1
513,2,494,275,210,598,1,-1,-1,-1
513,4,1104,0,706,893,1,-1,-1,-1
514,2,494,275,210,598,1,-1,-1,-1
514,4,1088,0,706,893,1,-1,-1,-1
515,2,494,275,210,598,1,-1,-1,-1
515,4,1089,0,676,893,1,-1,-1,-1
516,2,494,275,210,598,1,-1,-1,-1
516,4,1089,0,676,893,1,-1,-1,-1
517,2,494,275,210,598,1,-1,-1,-1
517,4,1071,0,676,893,1,-1,-1,-1
518,2,494,275,210,598,1,-1,-1,-1
518,4,1070,0,645,893,1,-1,-1,-1
519,2,494,275,210,598,1,-1,-1,-1
519,4,1070,0,622,893,1,-1,-1,-1
520,2,494,275,210,598,1,-1,-1,-1
520,4,1070,0,596,893,1,-1,-1,-1
521,2,494,275,210,598,1,-1,-1,-1
521,4,1060,0,596,893,1,-1,-1,-1
522,2,494,275,210,598,1,-1,-1,-1
522,4,1059,0,580,893,1,-1,-1,-1
523,2,494,275,210,598,1,-1,-1,-1
523,4,1014,0,625,893,1,-1,-1,-1
524,2,494,275,210,598,1,-1,-1,-1
524,4,981,0,642,893,1,-1,-1,-1
525,2,494,275,210,598,1,-1,-1,-1
525,4,965,0,642,893,1,-1,-1,-1
526,2,494,275,210,598,1,-1,-1,-1
526,4,965,0,642,893,1,-1,-1,-1
527,2,494,275,210,598,1,-1,-1,-1
527,4,965,0,642,893,1,-1,-1,-1
528,2,494,275,210,598,1,-1,-1,-1
528,4,996,0,611,893,1,-1,-1,-1
529,2,494,275,210,598,1,-1,-1,-1
529,4,996,0,611,893,1,-1,-1,-1
530,2,494,275,210,598,1,-1,-1,-1
530,4,1014,0,611,893,1,-1,-1,-1
531,2,494,275,210,598,1,-1,-1,-1
531,4,966,0,684,893,1,-1,-1,-1
532,2,494,275,210,598,1,-1,-1,-1
532,4,985,0,691,893,1,-1,-1,-1
533,4,1017,0,691,893,1,-1,-1,-1
533,2,494,275,210,598,1,-1,-1,-1
534,4,1017,0,722,893,1,-1,-1,-1
534,2,494,275,210,598,1,-1,-1,-1
535,4,1029,0,722,893,1,-1,-1,-1
535,2,494,275,210,598,1,-1,-1,-1
536,4,1003,0,762,893,1,-1,-1,-1
536,2,494,275,210,598,1,-1,-1,-1
537,4,946,0,934,893,1,-1,-1,-1
537,2,494,275,210,598,1,-1,-1,-1
538,4,908,0,1005,893,1,-1,-1,-1
538,2,494,275,210,598,1,-1,-1,-1
539,4,883,0,1030,893,1,-1,-1,-1
539,2,494,275,210,598,1,-1,-1,-1
540,4,883,0,999,893,1,-1,-1,-1
540,2,494,275,210,598,1,-1,-1,-1
541,4,883,0,917,893,1,-1,-1,-1
541,2,494,275,219,598,1,-1,-1,-1
542,4,910,0,779,893,1,-1,-1,-1
542,2,494,275,224,598,1,-1,-1,-1
543,4,910,0,731,893,1,-1,-1,-1
543,2,501,275,222,598,1,-1,-1,-1
544,4,910,0,731,893,1,-1,-1,-1
544,2,507,275,210,598,1,-1,-1,-1
545,4,893,0,660,893,1,-1,-1,-1
545,2,517,270,210,598,1,-1,-1,-1
546,4,883,0,620,893,1,-1,-1,-1
546,2,523,277,210,598,1,-1,-1,-1
546,3,1335,111,277,780,1,-1,-1,-1
547,4,833,0,636,893,1,-1,-1,-1
547,2,532,275,210,598,1,-1,-1,-1
547,3,1335,111,277,780,1,-1,-1,-1
548,4,762,0,707,893,1,-1,-1,-1
548,2,544,275,210,598,1,-1,-1,-1
548,3,1335,111,277,780,1,-1,-1,-1
549,4,762,0,707,893,1,-1,-1,-1
549,2,542,275,210,598,1,-1,-1,-1
549,3,1335,111,277,780,1,-1,-1,-1
550,4,651,0,786,893,1,-1,-1,-1
550,2,556,275,210,598,1,-1,-1,-1
550,3,1335,111,277,780,1,-1,-1,-1
551,4,651,0,786,893,1,-1,-1,-1
551,2,568,275,210,598,1,-1,-1,-1
551,3,1335,111,277,780,1,-1,-1,-1
552,4,651,0,786,893,1,-1,-1,-1
552,2,588,275,210,598,1,-1,-1,-1
552,3,1335,111,277,780,1,-1,-1,-1
553,4,651,0,762,893,1,-1,-1,-1
553,2,591,263,210,611,1,-1,-1,-1
553,3,1335,111,277,780,1,-1,-1,-1
554,4,651,0,762,893,1,-1,-1,-1
554,2,591,263,210,611,1,-1,-1,-1
554,3,1335,111,277,780,1,-1,-1,-1
555,4,651,0,762,893,1,-1,-1,-1
555,2,591,263,210,611,1,-1,-1,-1
555,3,1335,111,277,780,1,-1,-1,-1
556,4,651,0,762,893,1,-1,-1,-1
556,2,591,263,210,611,1,-1,-1,-1
556,3,1335,111,277,780,1,-1,-1,-1
557,4,651,0,749,893,1,-1,-1,-1
557,2,607,263,210,611,1,-1,-1,-1
557,3,1335,111,277,780,1,-1,-1,-1
558,4,651,0,749,893,1,-1,-1,-1
558,2,607,263,210,611,1,-1,-1,-1
558,3,1335,111,277,780,1,-1,-1,-1
559,4,651,0,749,893,1,-1,-1,-1
559,2,607,263,210,611,1,-1,-1,-1
559,3,1335,111,277,780,1,-1,-1,-1
560,4,669,0,731,893,1,-1,-1,-1
560,2,607,263,210,611,1,-1,-1,-1
560,3,1335,111,277,780,1,-1,-1,-1
561,4,697,0,680,893,1,-1,-1,-1
561,2,607,263,210,611,1,-1,-1,-1
561,3,1335,111,277,780,1,-1,-1,-1
562,4,676,0,700,893,1,-1,-1,-1
562,2,607,263,210,611,1,-1,-1,-1
562,3,1313,111,299,780,1,-1,-1,-1
563,4,676,0,673,893,1,-1,-1,-1
563,2,607,263,210,611,1,-1,-1,-1
563,3,1313,111,299,780,1,-1,-1,-1
564,4,664,0,673,893,1,-1,-1,-1
564,2,607,263,210,611,1,-1,-1,-1
564,3,1284,111,328,780,1,-1,-1,-1
565,4,666,2,642,893,1,-1,-1,-1
565,2,615,263,210,611,1,-1,-1,-1
565,3,1260,111,352,780,1,-1,-1,-1
566,4,634,2,642,893,1,-1,-1,-1
566,2,615,263,210,611,1,-1,-1,-1
566,3,1260,111,352,780,1,-1,-1,-1
567,4,614,2,622,893,1,-1,-1,-1
567,3,1253,111,330,780,1,-1,-1,-1
568,4,568,2,622,893,1,-1,-1,-1
568,3,1241,111,330,780,1,-1,-1,-1
569,4,459,2,704,893,1,-1,-1,-1
569,3,1231,111,330,780,1,-1,-1,-1
570,4,341,2,795,893,1,-1,-1,-1
570,3,1231,111,330,780,1,-1,-1,-1
571,4,284,2,826,893,1,-1,-1,-1
571,3,1225,111,330,780,1,-1,-1,-1
572,4,184,0,886,893,1,-1,-1,-1
572,3,1225,111,330,780,1,-1,-1,-1
573,4,162,0,886,893,1,-1,-1,-1
573,3,1225,111,339,780,1,-1,-1,-1
574,4,137,0,886,893,1,-1,-1,-1
574,3,1238,113,330,780,1,-1,-1,-1
575,4,137,0,886,893,1,-1,-1,-1
575,3,1254,113,330,780,1,-1,-1,-1
576,4,137,0,819,893,1,-1,-1,-1
576,3,1276,131,330,760,1,-1,-1,-1
577,4,137,0,819,893,1,-1,-1,-1
577,3,1284,131,330,760,1,-1,-1,-1
578,4,107,0,819,893,1,-1,-1,-1
578,3,1302,131,330,760,1,-1,-1,-1
579,4,108,0,799,893,1,-1,-1,-1
579,3,1337,131,319,760,1,-1,-1,-1
580,4,108,0,786,893,1,-1,-1,-1
580,3,1353,131,319,760,1,-1,-1,-1
581,4,82,0,786,893,1,-1,-1,-1
581,3,1371,124,319,768,1,-1,-1,-1
582,4,41,1,786,893,1,-1,-1,-1
582,3,1389,119,319,773,1,-1,-1,-1
583,4,41,1,786,893,1,-1,-1,-1
583,3,1405,119,319,773,1,-1,-1,-1
584,4,15,2,766,893,1,-1,-1,-1
584,3,1423,119,319,773,1,-1,-1,-1
585,4,1,2,766,893,1,-1,-1,-1
585,3,1440,119,301,773,1,-1,-1,-1
586,4,2,2,706,893,1,-1,-1,-1
586,3,1440,119,301,773,1,-1,-1,-1
587,4,2,2,678,864,1,-1,-1,-1
587,3,1479,111,272,780,1,-1,-1,-1
588,4,2,2,678,864,1,-1,-1,-1
588,3,1479,111,272,780,1,-1,-1,-1
589,4,2,2,678,864,1,-1,-1,-1
589,3,1479,111,272,780,1,-1,-1,-1
590,4,2,2,678,864,1,-1,-1,-1
590,3,1515,89,292,806,1,-1,-1,-1
590,2,419,248,252,625,1,-1,-1,-1
591,4,2,2,678,864,1,-1,-1,-1
591,3,1548,82,286,813,1,-1,-1,-1
591,2,419,248,252,625,1,-1,-1,-1
592,4,2,2,635,866,1,-1,-1,-1
592,3,1561,64,286,831,1,-1,-1,-1
592,2,403,235,252,638,1,-1,-1,-1
593,4,2,2,656,866,1,-1,-1,-1
593,3,1639,64,246,831,1,-1,-1,-1
593,2,403,235,252,638,1,-1,-1,-1
594,4,2,2,666,866,1,-1,-1,-1
594,3,1663,47,246,848,1,-1,-1,-1
595,4,2,2,691,866,1,-1,-1,-1
595,3,1673,47,246,848,1,-1,-1,-1
596,4,2,2,722,866,1,-1,-1,-1
596,3,1727,42,191,853,1,-1,-1,-1
597,4,2,2,762,866,1,-1,-1,-1
597,3,1750,42,168,853,1,-1,-1,-1
598,4,2,2,793,866,1,-1,-1,-1
598,3,1765,42,153,853,1,-1,-1,-1
599,4,2,2,828,866,1,-1,-1,-1
599,3,1776,42,142,853,1,-1,-1,-1
600,4,2,2,945,866,1,-1,-1,-1
601,4,2,2,1037,884,1,-1,-1,-1
602,4,2,2,1063,893,1,-1,-1,-1
603,4,2,2,1063,893,1,-1,-1,-1
604,4,2,2,1005,893,1,-1,-1,-1
605,4,42,2,941,893,1,-1,-1,-1
606,4,182,2,800,893,1,-1,-1,-1
607,4,261,2,733,893,1,-1,-1,-1
608,4,289,2,733,893,1,-1,-1,-1
608,2,190,122,224,735,1,-1,-1,-1
609,4,288,2,764,893,1,-1,-1,-1
609,2,174,120,224,735,1,-1,-1,-1
610,4,320,2,764,893,1,-1,-1,-1
610,2,151,120,235,735,1,-1,-1,-1
611,4,348,2,737,893,1,-1,-1,-1
611,2,135,111,235,753,1,-1,-1,-1
612,4,360,2,737,893,1,-1,-1,-1
612,2,115,100,235,764,1,-1,-1,-1
613,4,376,2,764,893,1,-1,-1,-1
613,2,93,100,235,764,1,-1,-1,-1
614,4,376,2,861,893,1,-1,-1,-1
614,2,44,73,250,791,1,-1,-1,-1
615,4,386,2,861,893,1,-1,-1,-1
615,2,22,51,250,813,1,-1,-1,-1
616,4,386,2,861,893,1,-1,-1,-1
616,2,5,36,248,828,1,-1,-1,-1
617,4,386,2,861,893,1,-1,-1,-1
617,2,2,22,248,842,1,-1,-1,-1
618,4,356,2,819,893,1,-1,-1,-1
618,2,2,22,212,842,1,-1,-1,-1
619,4,334,2,791,893,1,-1,-1,-1
619,2,2,13,188,852,1,-1,-1,-1
620,4,314,2,762,893,1,-1,-1,-1
620,2,2,13,166,852,1,-1,-1,-1
621,4,292,2,749,893,1,-1,-1,-1
621,2,2,13,142,852,1,-1,-1,-1
622,4,264,2,738,893,1,-1,-1,-1
622,2,2,13,98,852,1,-1,-1,-1
623,4,244,2,702,893,1,-1,-1,-1
624,4,224,2,680,893,1,-1,-1,-1
625,4,215,2,649,893,1,-1,-1,-1
626,4,208,2,618,893,1,-1,-1,-1
627,4,191,2,600,893,1,-1,-1,-1
628,4,173,2,585,893,1,-1,-1,-1
629,4,159,2,585,893,1,-1,-1,-1
630,4,151,0,585,893,1,-1,-1,-1
631,4,155,2,554,893,1,-1,-1,-1
632,4,141,2,554,893,1,-1,-1,-1
633,4,141,2,554,893,1,-1,-1,-1
634,4,150,2,531,893,1,-1,-1,-1
635,4,150,2,531,893,1,-1,-1,-1
636,4,150,2,531,893,1,-1,-1,-1
637,4,150,2,531,893,1,-1,-1,-1
638,4,160,2,500,893,1,-1,-1,-1
639,4,160,2,500,893,1,-1,-1,-1
640,4,166,2,467,893,1,-1,-1,-1
641,4,188,16,445,879,1,-1,-1,-1
642,4,204,29,428,866,1,-1,-1,-1
643,4,215,38,403,857,1,-1,-1,-1
644,4,215,38,403,857,1,-1,-1,-1
645,4,221,60,385,835,1,-1,-1,-1
646,4,221,60,385,835,1,-1,-1,-1
647,4,221,73,366,822,1,-1,-1,-1
648,4,207,73,366,822,1,-1,-1,-1
649,4,195,89,365,806,1,-1,-1,-1
650,4,181,100,365,795,1,-1,-1,-1
651,4,181,100,365,795,1,-1,-1,-1
652,4,181,100,365,795,1,-1,-1,-1
653,4,164,100,381,795,1,-1,-1,-1
654,4,164,100,381,795,1,-1,-1,-1
655,4,164,120,381,775,1,-1,-1,-1
656,4,164,131,381,764,1,-1,-1,-1
657,4,164,133,357,762,1,-1,-1,-1
658,4,164,142,357,753,1,-1,-1,-1
659,4,164,142,341,753,1,-1,-1,-1
660,4,173,151,314,744,1,-1,-1,-1
661,4,173,162,314,733,1,-1,-1,-1
662,4,173,175,314,720,1,-1,-1,-1
663,4,173,175,314,720,1,-1,-1,-1
664,4,204,175,266,720,1,-1,-1,-1
665,4,228,175,243,720,1,-1,-1,-1
666,4,248,175,222,720,1,-1,-1,-1
667,4,248,175,222,720,1,-1,-1,-1
668,4,248,162,222,733,1,-1,-1,-1
669,4,248,162,222,733,1,-1,-1,-1
670,4,232,146,224,749,1,-1,-1,-1
671,4,213,146,243,749,1,-1,-1,-1
672,4,197,137,259,759,1,-1,-1,-1
673,4,179,119,259,777,1,-1,-1,-1
674,4,157,111,281,784,1,-1,-1,-1
675,4,142,102,295,793,1,-1,-1,-1
676,4,128,88,295,808,1,-1,-1,-1
677,4,117,80,295,815,1,-1,-1,-1
678,4,117,69,295,826,1,-1,-1,-1
679,4,117,69,274,826,1,-1,-1,-1
680,4,106,58,274,837,1,-1,-1,-1
681,4,80,54,274,837,1,-1,-1,-1
682,4,66,54,274,837,1,-1,-1,-1
683,4,46,48,274,837,1,-1,-1,-1
684,4,26,40,274,837,1,-1,-1,-1
685,4,6,24,274,837,1,-1,-1,-1
686,4,0,18,274,837,1,-1,-1,-1
687,4,0,7,252,848,1,-1,-1,-1
688,4,0,7,252,848,1,-1,-1,-1
689,4,0,2,241,861,1,-1,-1,-1
690,4,0,2,241,861,1,-1,-1,-1
691,4,0,2,226,861,1,-1,-1,-1
692,4,0,2,226,861,1,-1,-1,-1
693,4,0,2,197,861,1,-1,-1,-1
694,4,0,2,188,861,1,-1,-1,-1
695,4,0,2,181,861,1,-1,-1,-1
696,4,0,2,160,861,1,-1,-1,-1
697,4,0,2,150,861,1,-1,-1,-1
698,4,0,2,124,861,1,-1,-1,-1
699,4,0,2,115,861,1,-1,-1,-1
1008,1,1805,42,113,850,1,-1,-1,-1
1009,1,1787,42,133,850,1,-1,-1,-1
1010,1,1760,42,159,850,1,-1,-1,-1
1011,1,1725,42,195,850,1,-1,-1,-1
1012,1,1699,58,219,833,1,-1,-1,-1
1013,1,1643,58,263,833,1,-1,-1,-1
1014,1,1610,69,284,822,1,-1,-1,-1
1015,1,1582,69,284,822,1,-1,-1,-1
1016,1,1555,91,284,800,1,-1,-1,-1
1017,1,1537,91,284,800,1,-1,-1,-1
1018,1,1523,91,284,800,1,-1,-1,-1
1019,1,1499,91,284,800,1,-1,-1,-1
1020,1,1475,91,274,800,1,-1,-1,-1
1021,1,1448,102,274,790,1,-1,-1,-1
1022,1,1380,102,274,790,1,-1,-1,-1
1023,1,1318,113,297,779,1,-1,-1,-1
1024,1,1280,122,310,769,1,-1,-1,-1
1025,1,1254,122,310,769,1,-1,-1,-1
1026,1,1227,139,310,753,1,-1,-1,-1
1027,1,1211,150,310,742,1,-1,-1,-1
1028,1,1202,164,286,728,1,-1,-1,-1
1029,1,1202,164,255,728,1,-1,-1,-1
1030,1,1178,164,255,728,1,-1,-1,-1
1031,1,1169,177,237,715,1,-1,-1,-1
1032,1,1120,177,268,715,1,-1,-1,-1
1033,1,1099,186,268,706,1,-1,-1,-1
1034,1,1078,186,274,706,1,-1,-1,-1
1035,1,1058,186,274,706,1,-1,-1,-1
1036,1,1052,197,259,695,1,-1,-1,-1
1037,1,1047,208,248,684,1,-1,-1,-1
1038,1,1023,208,261,684,1,-1,-1,-1
1039,1,1009,208,261,684,1,-1,-1,-1
1040,1,985,208,261,684,1,-1,-1,-1
1041,1,950,208,253,684,1,-1,-1,-1
1042,1,920,208,253,684,1,-1,-1,-1
1043,1,886,208,261,684,1,-1,-1,-1
1044,1,856,208,261,684,1,-1,-1,-1
1045,1,830,208,261,684,1,-1,-1,-1
1046,1,812,208,261,684,1,-1,-1,-1
1047,1,797,213,248,678,1,-1,-1,-1
1048,1,790,213,232,678,1,-1,-1,-1
1049,1,784,213,213,678,1,-1,-1,-1
1050,1,775,221,201,671,1,-1,-1,-1
1051,1,762,221,177,671,1,-1,-1,-1
1052,1,734,221,177,671,1,-1,-1,-1
1053,1,712,221,177,671,1,-1,-1,-1
1054,1,696,221,177,671,1,-1,-1,-1
1055,1,684,221,177,671,1,-1,-1,-1
1056,1,658,212,193,680,1,-1,-1,-1
1057,1,627,212,212,680,1,-1,-1,-1
1058,1,585,212,243,680,1,-1,-1,-1
1059,1,542,212,272,680,1,-1,-1,-1
1060,1,528,212,272,680,1,-1,-1,-1
1061,1,512,202,272,689,1,-1,-1,-1
1062,1,495,195,279,697,1,-1,-1,-1
1063,1,472,184,279,707,1,-1,-1,-1
1064,1,458,184,279,707,1,-1,-1,-1
1065,1,438,171,279,720,1,-1,-1,-1
1066,1,424,171,279,720,1,-1,-1,-1
1067,1,407,162,279,729,1,-1,-1,-1
1068,1,405,162,268,729,1,-1,-1,-1
1069,1,379,150,268,742,1,-1,-1,-1
1070,1,379,150,268,742,1,-1,-1,-1
1071,1,346,139,268,753,1,-1,-1,-1
1072,1,325,133,268,759,1,-1,-1,-1
1073,1,297,122,279,769,1,-1,-1,-1
1074,1,270,109,294,782,1,-1,-1,-1
1075,1,233,108,321,784,1,-1,-1,-1
1076,1,201,95,341,797,1,-1,-1,-1
1077,1,155,82,374,810,1,-1,-1,-1
1078,1,111,77,396,815,1,-1,-1,-1
1079,1,80,73,396,819,1,-1,-1,-1
1080,1,80,73,376,819,1,-1,-1,-1
1081,1,47,58,376,833,1,-1,-1,-1
1082,1,47,51,348,841,1,-1,-1,-1
1083,1,47,36,317,855,1,-1,-1,-1
1084,1,39,28,317,855,1,-1,-1,-1
1085,1,13,14,317,855,1,-1,-1,-1
1086,1,13,15,281,855,1,-1,-1,-1
1087,1,1,1,281,855,1,-1,-1,-1
1088,1,2,2,239,855,1,-1,-1,-1
1089,1,2,2,212,855,1,-1,-1,-1
1090,1,2,2,179,855,1,-1,-1,-1
1091,1,2,2,159,855,1,-1,-1,-1
1092,1,2,2,119,855,1,-1,-1,-1
1478,2,396,146,306,729,1,-1,-1,-1
1478,0,1296,100,350,797,1,-1,-1,-1
1479,2,386,146,306,729,1,-1,-1,-1
1479,0,1296,100,350,797,1,-1,-1,-1
1480,2,368,131,306,744,1,-1,-1,-1
1480,0,1296,100,350,797,1,-1,-1,-1
1481,2,357,117,317,759,1,-1,-1,-1
1481,0,1296,100,350,797,1,-1,-1,-1
1482,2,339,106,317,769,1,-1,-1,-1
1482,0,1296,100,350,797,1,-1,-1,-1
1483,2,325,82,317,793,1,-1,-1,-1
1483,0,1296,100,350,797,1,-1,-1,-1
1484,2,312,82,330,793,1,-1,-1,-1
1484,0,1296,100,350,797,1,-1,-1,-1
1485,2,297,67,345,808,1,-1,-1,-1
1485,0,1296,100,350,797,1,-1,-1,-1
1486,2,297,67,345,808,1,-1,-1,-1
1486,0,1296,100,350,797,1,-1,-1,-1
1487,2,284,51,377,824,1,-1,-1,-1
1487,0,1333,100,314,797,1,-1,-1,-1
1488,2,284,46,405,830,1,-1,-1,-1
1488,0,1333,100,314,797,1,-1,-1,-1
1489,2,301,18,432,857,1,-1,-1,-1
1489,0,1341,100,314,797,1,-1,-1,-1
1490,2,319,7,450,868,1,-1,-1,-1
1490,0,1345,100,314,797,1,-1,-1,-1
1491,2,346,1,450,886,1,-1,-1,-1
1491,0,1345,100,314,797,1,-1,-1,-1
1492,2,364,1,450,886,1,-1,-1,-1
1492,0,1345,100,314,797,1,-1,-1,-1
1493,2,376,2,480,886,1,-1,-1,-1
1493,0,1345,100,314,797,1,-1,-1,-1
1494,2,398,2,480,886,1,-1,-1,-1
1494,0,1345,100,314,797,1,-1,-1,-1
1495,2,416,2,505,886,1,-1,-1,-1
1495,0,1345,100,314,797,1,-1,-1,-1
1496,2,446,2,505,886,1,-1,-1,-1
1496,0,1345,100,314,797,1,-1,-1,-1
1497,2,490,2,505,886,1,-1,-1,-1
1497,0,1345,100,314,797,1,-1,-1,-1
1498,2,523,2,485,886,1,-1,-1,-1
1498,0,1345,100,314,797,1,-1,-1,-1
1499,2,613,2,454,886,1,-1,-1,-1
1499,0,1345,100,314,797,1,-1,-1,-1
1500,2,673,2,454,886,1,-1,-1,-1
1500,0,1347,100,314,797,1,-1,-1,-1
1501,2,729,2,454,886,1,-1,-1,-1
1501,0,1345,100,314,797,1,-1,-1,-1
1502,2,793,2,428,886,1,-1,-1,-1
1502,0,1345,100,314,797,1,-1,-1,-1
1503,2,855,2,428,886,1,-1,-1,-1
1503,0,1345,100,314,797,1,-1,-1,-1
1504,2,897,2,428,886,1,-1,-1,-1
1504,0,1345,100,314,797,1,-1,-1,-1
1505,2,965,2,428,886,1,-1,-1,-1
1505,0,1345,100,314,797,1,-1,-1,-1
1506,2,1021,2,428,886,1,-1,-1,-1
1506,0,1345,100,314,797,1,-1,-1,-1
1507,2,1099,2,428,886,1,-1,-1,-1
1507,0,1345,100,314,797,1,-1,-1,-1
1508,2,1163,2,428,892,1,-1,-1,-1
1508,0,1345,100,314,797,1,-1,-1,-1
1509,2,1213,2,428,892,1,-1,-1,-1
1510,2,1284,2,408,892,1,-1,-1,-1
1511,2,1327,2,383,892,1,-1,-1,-1
1512,2,1371,2,363,892,1,-1,-1,-1
1513,2,1413,2,363,892,1,-1,-1,-1
1514,2,1443,2,363,892,1,-1,-1,-1
1514,0,1329,113,325,779,1,-1,-1,-1
1515,2,1484,2,350,892,1,-1,-1,-1
1515,0,1329,113,325,779,1,-1,-1,-1
1516,2,1519,2,335,892,1,-1,-1,-1
1516,0,1329,113,325,779,1,-1,-1,-1
1517,2,1545,2,335,892,1,-1,-1,-1
1517,0,1339,113,325,779,1,-1,-1,-1
1518,2,1601,2,317,892,1,-1,-1,-1
1518,0,1339,113,325,779,1,-1,-1,-1
1519,2,1639,2,279,892,1,-1,-1,-1
1519,0,1339,113,325,779,1,-1,-1,-1
1520,2,1677,2,241,892,1,-1,-1,-1
1520,0,1338,113,312,779,1,-1,-1,-1
1521,2,1714,2,204,892,1,-1,-1,-1
1521,0,1338,113,312,779,1,-1,-1,-1
1522,2,1754,2,164,892,1,-1,-1,-1
1522,0,1338,113,312,779,1,-1,-1,-1
1523,2,1778,2,140,892,1,-1,-1,-1
1523,0,1338,113,312,779,1,-1,-1,-1
1524,2,1778,2,140,892,1,-1,-1,-1
1524,0,1338,113,312,779,1,-1,-1,-1
1525,0,1338,113,312,779,1,-1,-1,-1
1526,0,1338,113,312,779,1,-1,-1,-1
1527,0,1338,113,312,779,1,-1,-1,-1
1528,0,1338,113,312,779,1,-1,-1,-1
1529,0,1338,113,312,779,1,-1,-1,-1
1530,0,1338,113,312,779,1,-1,-1,-1
1531,0,1338,113,312,779,1,-1,-1,-1
1532,0,1338,113,312,779,1,-1,-1,-1
1533,0,1338,113,312,779,1,-1,-1,-1
1534,0,1338,113,312,779,1,-1,-1,-1
1535,0,1338,113,312,779,1,-1,-1,-1
1536,0,1338,113,312,779,1,-1,-1,-1
1537,0,1338,113,312,779,1,-1,-1,-1
1538,0,1338,113,312,779,1,-1,-1,-1
1539,0,1338,113,312,779,1,-1,-1,-1
1540,0,1338,113,312,779,1,-1,-1,-1
1541,0,1338,113,312,779,1,-1,-1,-1
1542,0,1338,113,312,779,1,-1,-1,-1
1543,0,1338,113,312,779,1,-1,-1,-1
1544,0,1338,113,312,779,1,-1,-1,-1
1545,0,1338,113,312,779,1,-1,-1,-1
1546,0,1338,113,323,779,1,-1,-1,-1
1547,0,1338,113,323,779,1,-1,-1,-1
1548,0,1338,106,323,786,1,-1,-1,-1
1549,0,1338,106,323,786,1,-1,-1,-1
1550,0,1338,106,323,786,1,-1,-1,-1
1551,0,1338,106,323,786,1,-1,-1,-1
1552,0,1338,106,323,786,1,-1,-1,-1
1553,0,1338,106,323,786,1,-1,-1,-1
1554,0,1338,106,323,786,1,-1,-1,-1
1555,0,1338,106,323,786,1,-1,-1,-1
1556,0,1338,106,323,786,1,-1,-1,-1
1557,0,1338,106,323,786,1,-1,-1,-1
1558,0,1338,106,323,786,1,-1,-1,-1
1559,0,1338,106,323,786,1,-1,-1,-1
1560,0,1338,106,323,786,1,-1,-1,-1
1561,0,1338,106,323,786,1,-1,-1,-1
1562,0,1338,106,323,786,1,-1,-1,-1
1563,0,1338,106,323,786,1,-1,-1,-1
1564,0,1338,106,323,786,1,-1,-1,-1
1565,0,1338,106,323,786,1,-1,-1,-1
1566,0,1338,106,323,786,1,-1,-1,-1
1567,0,1338,106,323,786,1,-1,-1,-1
1568,0,1338,106,323,786,1,-1,-1,-1
1569,0,1338,106,323,786,1,-1,-1,-1
1570,0,1338,106,323,786,1,-1,-1,-1
1571,0,1338,106,323,786,1,-1,-1,-1
1572,0,1338,106,323,786,1,-1,-1,-1
1573,0,1338,106,323,786,1,-1,-1,-1
1574,0,1338,106,323,786,1,-1,-1,-1
1575,0,1338,106,323,786,1,-1,-1,-1
1576,0,1338,106,323,786,1,-1,-1,-1
1577,0,1338,106,323,786,1,-1,-1,-1
1578,0,1338,106,323,786,1,-1,-1,-1
1579,0,1338,106,323,786,1,-1,-1,-1
1580,0,1338,106,323,786,1,-1,-1,-1
1581,0,1338,106,323,786,1,-1,-1,-1
1582,0,1338,106,323,786,1,-1,-1,-1
1583,0,1338,106,323,786,1,-1,-1,-1
1584,0,1338,106,323,786,1,-1,-1,-1
1585,0,1338,106,323,786,1,-1,-1,-1
1586,0,1338,106,323,786,1,-1,-1,-1
1587,0,1338,106,323,786,1,-1,-1,-1
1588,0,1338,106,323,786,1,-1,-1,-1
1589,0,1338,106,323,786,1,-1,-1,-1
1590,0,1338,106,323,786,1,-1,-1,-1
1591,0,1338,106,323,786,1,-1,-1,-1
1592,0,1338,106,323,786,1,-1,-1,-1
1593,0,1338,106,323,786,1,-1,-1,-1
1594,0,1338,106,323,786,1,-1,-1,-1
1595,0,1338,106,323,786,1,-1,-1,-1
1596,0,1338,106,323,786,1,-1,-1,-1
1597,0,1338,106,323,786,1,-1,-1,-1
1598,0,1338,106,323,786,1,-1,-1,-1
1599,0,1338,106,323,786,1,-1,-1,-1
1600,0,1338,106,323,786,1,-1,-1,-1
1601,0,1338,106,323,786,1,-1,-1,-1
1602,0,1327,106,334,786,1,-1,-1,-1
1603,0,1327,106,334,786,1,-1,-1,-1
1604,0,1327,106,334,786,1,-1,-1,-1
1605,0,1327,106,334,786,1,-1,-1,-1
1606,0,1327,106,334,786,1,-1,-1,-1
1607,0,1327,100,334,791,1,-1,-1,-1
1608,0,1320,100,328,791,1,-1,-1,-1
1609,0,1320,100,328,791,1,-1,-1,-1
1610,0,1311,100,337,791,1,-1,-1,-1
1611,0,1311,100,337,791,1,-1,-1,-1
1612,0,1311,100,337,791,1,-1,-1,-1
1613,0,1311,100,337,791,1,-1,-1,-1
1614,0,1311,100,337,791,1,-1,-1,-1
1615,0,1311,100,337,791,1,-1,-1,-1
1616,0,1311,100,337,791,1,-1,-1,-1
1617,0,1311,100,337,791,1,-1,-1,-1
1618,0,1311,100,350,791,1,-1,-1,-1
1619,0,1311,100,350,791,1,-1,-1,-1
1620,0,1311,100,350,791,1,-1,-1,-1
1621,0,1311,100,350,791,1,-1,-1,-1
1622,0,1311,100,350,791,1,-1,-1,-1
1623,0,1311,100,350,791,1,-1,-1,-1
1624,0,1311,100,350,791,1,-1,-1,-1
1625,0,1311,100,350,791,1,-1,-1,-1
1626,0,1311,100,350,791,1,-1,-1,-1
1627,0,1311,100,350,791,1,-1,-1,-1
1628,0,1311,100,350,791,1,-1,-1,-1
1629,0,1311,100,350,791,1,-1,-1,-1
1630,0,1311,100,350,791,1,-1,-1,-1
1631,0,1311,100,350,791,1,-1,-1,-1
1632,0,1311,100,350,791,1,-1,-1,-1
1633,0,1311,100,350,791,1,-1,-1,-1
1634,0,1311,100,350,791,1,-1,-1,-1
1635,0,1311,100,350,791,1,-1,-1,-1
1636,0,1311,100,350,791,1,-1,-1,-1
1637,0,1311,100,350,791,1,-1,-1,-1
1638,0,1311,100,350,791,1,-1,-1,-1
1639,0,1311,100,350,791,1,-1,-1,-1
1640,0,1311,100,350,791,1,-1,-1,-1
1641,0,1311,100,350,791,1,-1,-1,-1
1642,0,1311,108,350,784,1,-1,-1,-1
1643,0,1311,108,350,784,1,-1,-1,-1
1644,0,1311,108,350,784,1,-1,-1,-1
1645,0,1311,108,350,784,1,-1,-1,-1
1646,0,1311,108,350,784,1,-1,-1,-1
1647,0,1311,108,350,784,1,-1,-1,-1
1648,0,1311,108,350,784,1,-1,-1,-1
1649,0,1311,108,350,784,1,-1,-1,-1
1650,0,1311,100,350,791,1,-1,-1,-1
1651,0,1311,100,350,791,1,-1,-1,-1
1652,0,1311,100,350,791,1,-1,-1,-1
1653,0,1333,100,319,791,1,-1,-1,-1
1654,0,1333,100,319,791,1,-1,-1,-1
1655,0,1333,100,319,791,1,-1,-1,-1
1656,0,1333,100,319,791,1,-1,-1,-1
1657,0,1333,100,319,791,1,-1,-1,-1
1658,0,1333,100,319,791,1,-1,-1,-1
1659,0,1333,100,319,791,1,-1,-1,-1
1660,0,1333,100,319,791,1,-1,-1,-1
1661,0,1333,100,319,791,1,-1,-1,-1
1662,0,1333,100,319,791,1,-1,-1,-1
1663,0,1333,100,319,791,1,-1,-1,-1
1664,0,1333,100,319,791,1,-1,-1,-1
1665,0,1333,100,319,791,1,-1,-1,-1
1666,0,1333,100,319,791,1,-1,-1,-1
1667,0,1333,100,319,791,1,-1,-1,-1
1668,0,1333,100,319,791,1,-1,-1,-1
1669,0,1333,100,319,791,1,-1,-1,-1
1670,0,1333,100,323,791,1,-1,-1,-1
1671,0,1333,100,323,791,1,-1,-1,-1
1672,0,1333,100,323,791,1,-1,-1,-1
1673,0,1333,100,323,791,1,-1,-1,-1
1674,0,1333,100,323,791,1,-1,-1,-1
1675,0,1333,100,323,791,1,-1,-1,-1
1676,0,1333,100,323,791,1,-1,-1,-1
1677,0,1333,100,323,791,1,-1,-1,-1
1678,0,1333,100,323,791,1,-1,-1,-1
1679,0,1333,100,323,791,1,-1,-1,-1
1680,0,1333,100,323,791,1,-1,-1,-1
1681,0,1333,100,323,791,1,-1,-1,-1
1682,0,1333,100,323,791,1,-1,-1,-1
1683,0,1347,100,308,791,1,-1,-1,-1
1684,0,1347,100,308,791,1,-1,-1,-1
1685,0,1347,100,308,791,1,-1,-1,-1
1686,0,1347,100,308,791,1,-1,-1,-1
1687,0,1347,100,308,791,1,-1,-1,-1
1688,0,1347,100,308,791,1,-1,-1,-1
1689,0,1347,100,308,791,1,-1,-1,-1
1690,0,1347,100,308,791,1,-1,-1,-1
1691,0,1347,100,308,791,1,-1,-1,-1
1692,0,1347,100,308,791,1,-1,-1,-1
1693,0,1347,100,308,791,1,-1,-1,-1
1694,0,1347,100,308,791,1,-1,-1,-1
1695,0,1347,100,308,791,1,-1,-1,-1
1696,0,1347,100,308,791,1,-1,-1,-1
1697,0,1347,100,308,791,1,-1,-1,-1
1698,0,1347,100,308,791,1,-1,-1,-1
1699,0,1347,100,308,791,1,-1,-1,-1
1700,0,1347,100,308,791,1,-1,-1,-1
1701,0,1347,100,308,791,1,-1,-1,-1
1702,0,1347,100,308,791,1,-1,-1,-1
1703,0,1347,100,308,791,1,-1,-1,-1
1704,0,1347,100,308,791,1,-1,-1,-1
1705,0,1347,100,308,791,1,-1,-1,-1
1706,0,1347,100,308,791,1,-1,-1,-1
1707,0,1347,100,308,791,1,-1,-1,-1
1708,0,1347,100,308,791,1,-1,-1,-1
1709,0,1347,100,308,791,1,-1,-1,-1
1710,0,1347,100,308,791,1,-1,-1,-1
1711,0,1347,100,308,791,1,-1,-1,-1
1712,0,1347,100,308,791,1,-1,-1,-1
1713,0,1347,100,308,791,1,-1,-1,-1
1714,0,1347,100,308,791,1,-1,-1,-1
1715,0,1347,100,308,791,1,-1,-1,-1
1716,0,1347,100,308,791,1,-1,-1,-1
1717,0,1347,100,308,791,1,-1,-1,-1
1718,0,1347,100,308,791,1,-1,-1,-1
1719,0,1347,100,308,791,1,-1,-1,-1
1720,0,1347,100,308,791,1,-1,-1,-1
1721,0,1347,100,308,791,1,-1,-1,-1
1722,0,1347,100,308,791,1,-1,-1,-1
1723,0,1347,100,308,791,1,-1,-1,-1
1724,0,1347,100,308,791,1,-1,-1,-1
1725,0,1347,100,308,791,1,-1,-1,-1
1726,0,1347,100,308,791,1,-1,-1,-1
1727,0,1347,100,308,791,1,-1,-1,-1
1728,0,1347,100,308,791,1,-1,-1,-1
1729,0,1347,100,308,791,1,-1,-1,-1
1730,0,1347,100,308,791,1,-1,-1,-1
1731,0,1347,100,308,791,1,-1,-1,-1
1732,0,1347,100,308,791,1,-1,-1,-1
1733,0,1347,100,308,791,1,-1,-1,-1
1734,0,1347,100,308,791,1,-1,-1,-1
1735,0,1347,100,308,791,1,-1,-1,-1
1736,0,1347,100,308,791,1,-1,-1,-1
1737,0,1347,100,308,791,1,-1,-1,-1
1738,0,1347,100,308,791,1,-1,-1,-1
1739,0,1347,100,308,791,1,-1,-1,-1
1740,0,1347,100,308,791,1,-1,-1,-1
1741,0,1347,100,308,791,1,-1,-1,-1
1742,0,1347,100,308,791,1,-1,-1,-1
1743,0,1347,100,308,791,1,-1,-1,-1
1744,0,1347,100,308,791,1,-1,-1,-1
1745,0,1347,100,308,791,1,-1,-1,-1
1746,0,1347,100,308,791,1,-1,-1,-1
1747,0,1347,100,308,791,1,-1,-1,-1
1748,0,1347,100,308,791,1,-1,-1,-1
1749,0,1347,100,308,791,1,-1,-1,-1
1750,0,1347,100,308,791,1,-1,-1,-1
1751,0,1347,100,308,791,1,-1,-1,-1
1752,0,1347,100,308,791,1,-1,-1,-1
1753,0,1347,100,308,791,1,-1,-1,-1
1754,0,1347,100,308,791,1,-1,-1,-1
1755,0,1347,100,308,791,1,-1,-1,-1
1756,0,1347,100,308,791,1,-1,-1,-1
1757,0,1347,100,308,791,1,-1,-1,-1
1758,0,1347,100,308,791,1,-1,-1,-1
1759,0,1347,100,308,791,1,-1,-1,-1
1760,0,1347,100,308,791,1,-1,-1,-1
1761,0,1349,100,308,791,1,-1,-1,-1
1761,3,2,2,274,852,1,-1,-1,-1
1762,0,1347,100,308,791,1,-1,-1,-1
1762,3,0,2,374,852,1,-1,-1,-1
1763,0,1347,100,308,791,1,-1,-1,-1
1763,3,22,53,374,819,1,-1,-1,-1
1764,0,1347,100,308,791,1,-1,-1,-1
1764,3,46,55,374,819,1,-1,-1,-1
1765,0,1347,100,308,791,1,-1,-1,-1
1765,3,80,69,339,804,1,-1,-1,-1
1766,0,1347,100,308,791,1,-1,-1,-1
1766,3,137,69,308,804,1,-1,-1,-1
1767,0,1347,100,308,791,1,-1,-1,-1
1767,3,190,78,288,795,1,-1,-1,-1
1768,0,1349,100,308,791,1,-1,-1,-1
1768,3,232,93,288,780,1,-1,-1,-1
1769,0,1347,100,308,791,1,-1,-1,-1
1769,3,274,111,288,762,1,-1,-1,-1
1770,0,1347,100,308,791,1,-1,-1,-1
1770,3,312,124,288,749,1,-1,-1,-1
1771,0,1347,100,308,791,1,-1,-1,-1
1771,3,357,135,288,744,1,-1,-1,-1
1772,0,1347,100,308,791,1,-1,-1,-1
1772,3,393,135,288,744,1,-1,-1,-1
1773,0,1347,100,308,791,1,-1,-1,-1
1773,3,430,148,288,731,1,-1,-1,-1
1774,0,1347,100,308,791,1,-1,-1,-1
1774,3,470,148,325,731,1,-1,-1,-1
1775,0,1347,100,308,791,1,-1,-1,-1
1775,3,511,157,335,722,1,-1,-1,-1
1776,0,1347,100,308,791,1,-1,-1,-1
1776,3,538,170,335,709,1,-1,-1,-1
1777,0,1347,100,308,791,1,-1,-1,-1
1777,3,593,181,319,698,1,-1,-1,-1
1778,0,1347,100,308,791,1,-1,-1,-1
1778,3,625,201,319,678,1,-1,-1,-1
1779,0,1347,100,308,791,1,-1,-1,-1
1779,3,667,201,281,678,1,-1,-1,-1
1780,0,1347,100,308,791,1,-1,-1,-1
1780,3,691,219,233,660,1,-1,-1,-1
1781,0,1347,100,308,791,1,-1,-1,-1
1781,3,713,219,233,660,1,-1,-1,-1
1782,0,1347,100,308,791,1,-1,-1,-1
1782,3,739,219,233,660,1,-1,-1,-1
1783,0,1347,100,308,791,1,-1,-1,-1
1783,3,769,219,233,660,1,-1,-1,-1
1784,0,1347,100,308,791,1,-1,-1,-1
1784,3,802,232,233,647,1,-1,-1,-1
1785,0,1347,100,308,791,1,-1,-1,-1
1785,3,824,239,233,640,1,-1,-1,-1
1786,0,1347,100,308,791,1,-1,-1,-1
1786,3,838,239,233,640,1,-1,-1,-1
1787,0,1347,100,308,791,1,-1,-1,-1
1787,3,859,250,243,629,1,-1,-1,-1
1788,0,1347,100,308,791,1,-1,-1,-1
1788,3,881,260,243,629,1,-1,-1,-1
1789,0,1347,100,308,791,1,-1,-1,-1
1789,3,901,264,286,629,1,-1,-1,-1
1790,0,1347,100,308,791,1,-1,-1,-1
1790,3,921,277,286,616,1,-1,-1,-1
1791,0,1347,100,308,791,1,-1,-1,-1
1791,3,957,290,286,604,1,-1,-1,-1
1792,0,1347,100,308,791,1,-1,-1,-1
1792,3,979,312,312,582,1,-1,-1,-1
1793,0,1347,100,308,791,1,-1,-1,-1
1793,3,1001,330,328,563,1,-1,-1,-1
1794,0,1347,100,308,791,1,-1,-1,-1
1794,3,1016,348,357,545,1,-1,-1,-1
1795,0,1347,100,308,791,1,-1,-1,-1
1795,3,1030,376,377,518,1,-1,-1,-1
1796,0,1347,100,308,791,1,-1,-1,-1
1796,3,1030,376,377,518,1,-1,-1,-1
1797,0,1347,100,308,791,1,-1,-1,-1
1797,3,1037,392,381,501,1,-1,-1,-1
1798,0,1347,100,308,791,1,-1,-1,-1
1798,3,1037,408,381,485,1,-1,-1,-1
1799,0,1347,100,308,791,1,-1,-1,-1
1799,3,1037,408,381,485,1,-1,-1,-1
1800,0,1347,100,308,791,1,-1,-1,-1
1800,3,1037,430,381,463,1,-1,-1,-1
1801,0,1347,100,308,791,1,-1,-1,-1
1801,3,1037,449,381,445,1,-1,-1,-1
1802,0,1347,100,308,791,1,-1,-1,-1
1802,3,1037,470,381,423,1,-1,-1,-1
1803,0,1347,100,308,791,1,-1,-1,-1
1803,3,1058,487,361,407,1,-1,-1,-1
1804,0,1347,100,308,791,1,-1,-1,-1
1804,3,1058,487,361,407,1,-1,-1,-1
1805,0,1347,100,308,791,1,-1,-1,-1
1805,3,1058,487,361,407,1,-1,-1,-1
1806,0,1347,100,308,791,1,-1,-1,-1
1806,3,1058,463,361,430,1,-1,-1,-1
1807,0,1347,100,308,791,1,-1,-1,-1
1807,3,1058,447,361,447,1,-1,-1,-1
