124,1,1802,69,117,821,1,-1,-1,-1
125,1,1802,69,117,821,1,-1,-1,-1
126,1,1792,69,126,821,1,-1,-1,-1
127,1,1767,69,151,821,1,-1,-1,-1
128,1,1718,69,201,821,1,-1,-1,-1
129,1,1687,78,232,811,1,-1,-1,-1
130,1,1687,78,232,811,1,-1,-1,-1
131,1,1679,89,239,800,1,-1,-1,-1
132,1,1661,89,255,800,1,-1,-1,-1
133,1,1615,89,283,800,1,-1,-1,-1
134,1,1573,89,283,800,1,-1,-1,-1
135,1,1543,89,283,800,1,-1,-1,-1
136,1,1517,89,283,800,1,-1,-1,-1
137,1,1484,89,301,800,1,-1,-1,-1
138,1,1466,89,301,800,1,-1,-1,-1
139,1,1448,89,301,800,1,-1,-1,-1
140,1,1428,89,301,800,1,-1,-1,-1
141,1,1402,89,315,800,1,-1,-1,-1
142,1,1380,89,337,800,1,-1,-1,-1
143,1,1380,89,337,800,1,-1,-1,-1
144,1,1380,89,323,800,1,-1,-1,-1
145,1,1380,89,323,800,1,-1,-1,-1
146,1,1380,102,323,788,1,-1,-1,-1
147,1,1349,102,354,788,1,-1,-1,-1
148,1,1337,119,366,771,1,-1,-1,-1
149,1,1333,129,345,760,1,-1,-1,-1
150,1,1333,157,345,733,1,-1,-1,-1
151,1,1333,168,326,722,1,-1,-1,-1
152,1,1333,168,326,722,1,-1,-1,-1
153,1,1333,188,326,702,1,-1,-1,-1
154,1,1333,188,326,702,1,-1,-1,-1
155,1,1333,188,326,702,1,-1,-1,-1
156,1,1333,188,326,702,1,-1,-1,-1
157,1,1333,188,326,702,1,-1,-1,-1
158,1,1358,188,283,702,1,-1,-1,-1
159,1,1342,188,299,702,1,-1,-1,-1
160,1,1342,188,299,702,1,-1,-1,-1
161,1,1342,212,314,678,1,-1,-1,-1
162,1,1349,224,314,666,1,-1,-1,-1
163,1,1369,244,314,645,1,-1,-1,-1
164,1,1388,279,345,611,1,-1,-1,-1
165,1,1388,314,385,576,1,-1,-1,-1
166,1,1388,363,401,527,1,-1,-1,-1
167,1,1388,388,401,501,1,-1,-1,-1
168,1,1388,416,416,481,1,-1,-1,-1
169,1,1388,439,416,458,1,-1,-1,-1
170,1,1388,449,416,449,1,-1,-1,-1
171,1,1388,441,416,456,1,-1,-1,-1
172,1,1388,436,416,461,1,-1,-1,-1
173,1,1388,432,427,465,1,-1,-1,-1
174,1,1388,432,427,465,1,-1,-1,-1
175,1,1388,432,410,465,1,-1,-1,-1
176,1,1388,432,397,465,1,-1,-1,-1
177,1,1388,432,397,465,1,-1,-1,-1
178,1,1388,432,397,465,1,-1,-1,-1
179,1,1388,432,374,465,1,-1,-1,-1
180,1,1388,432,374,465,1,-1,-1,-1
181,1,1388,432,374,465,1,-1,-1,-1
182,1,1388,432,350,465,1,-1,-1,-1
183,1,1374,432,350,465,1,-1,-1,-1
184,1,1374,432,350,465,1,-1,-1,-1
185,1,1375,443,350,454,1,-1,-1,-1
186,1,1367,443,337,454,1,-1,-1,-1
187,1,1367,443,337,454,1,-1,-1,-1
188,1,1367,443,337,454,1,-1,-1,-1
189,1,1367,443,337,454,1,-1,-1,-1
190,1,1367,443,337,454,1,-1,-1,-1
191,1,1367,443,337,454,1,-1,-1,-1
192,1,1367,443,337,454,1,-1,-1,-1
193,1,1367,443,337,454,1,-1,-1,-1
194,1,1367,443,337,454,1,-1,-1,-1
195,1,1367,443,337,454,1,-1,-1,-1
196,1,1367,443,337,454,1,-1,-1,-1
197,1,1367,443,337,454,1,-1,-1,-1
198,1,1367,443,337,454,1,-1,-1,-1
199,1,1367,443,337,454,1,-1,-1,-1
200,1,1367,443,337,454,1,-1,-1,-1
201,1,1357,443,337,454,1,-1,-1,-1
202,1,1326,443,368,454,1,-1,-1,-1
203,1,1313,449,381,449,1,-1,-1,-1
204,1,1296,456,397,441,1,-1,-1,-1
205,1,1296,456,397,441,1,-1,-1,-1
206,1,1284,456,410,441,1,-1,-1,-1
207,1,1269,456,425,441,1,-1,-1,-1
208,1,1269,463,425,434,1,-1,-1,-1
209,1,1269,463,425,434,1,-1,-1,-1
210,1,1269,454,425,443,1,-1,-1,-1
211,1,1269,454,425,443,1,-1,-1,-1
212,1,1322,454,372,443,1,-1,-1,-1
213,1,1322,454,372,443,1,-1,-1,-1
214,1,1333,443,361,454,1,-1,-1,-1
215,1,1333,443,361,454,1,-1,-1,-1
216,1,1333,443,361,454,1,-1,-1,-1
217,1,1333,443,361,454,1,-1,-1,-1
218,1,1333,443,361,454,1,-1,-1,-1
219,1,1333,436,361,461,1,-1,-1,-1
220,1,1333,436,361,461,1,-1,-1,-1
221,1,1351,436,361,461,1,-1,-1,-1
222,1,1351,436,361,461,1,-1,-1,-1
223,1,1351,436,361,461,1,-1,-1,-1
224,1,1351,436,361,461,1,-1,-1,-1
225,1,1351,436,361,461,1,-1,-1,-1
226,1,1351,436,361,461,1,-1,-1,-1
227,1,1351,436,361,461,1,-1,-1,-1
228,1,1351,436,361,461,1,-1,-1,-1
229,1,1351,436,361,461,1,-1,-1,-1
230,1,1351,436,361,461,1,-1,-1,-1
231,1,1351,436,361,461,1,-1,-1,-1
232,1,1351,436,361,461,1,-1,-1,-1
233,1,1351,436,361,461,1,-1,-1,-1
234,1,1351,436,361,461,1,-1,-1,-1
235,1,1351,436,361,461,1,-1,-1,-1
236,1,1351,436,361,461,1,-1,-1,-1
237,1,1351,436,361,461,1,-1,-1,-1
238,1,1351,436,361,461,1,-1,-1,-1
239,1,1351,436,361,461,1,-1,-1,-1
240,1,1351,436,361,461,1,-1,-1,-1
241,1,1351,436,361,461,1,-1,-1,-1
242,1,1351,436,361,461,1,-1,-1,-1
243,1,1351,436,361,461,1,-1,-1,-1
244,1,1351,436,361,461,1,-1,-1,-1
245,1,1351,436,361,461,1,-1,-1,-1
246,1,1351,436,361,461,1,-1,-1,-1
247,1,1351,436,361,461,1,-1,-1,-1
248,1,1351,436,361,461,1,-1,-1,-1
249,1,1351,436,361,461,1,-1,-1,-1
250,1,1351,436,361,461,1,-1,-1,-1
251,1,1351,436,361,461,1,-1,-1,-1
252,1,1351,436,361,461,1,-1,-1,-1
253,1,1351,436,361,461,1,-1,-1,-1
254,1,1351,436,361,461,1,-1,-1,-1
255,1,1351,436,361,461,1,-1,-1,-1
256,1,1351,436,361,461,1,-1,-1,-1
257,1,1351,436,361,461,1,-1,-1,-1
258,1,1351,436,361,461,1,-1,-1,-1
259,1,1351,436,361,461,1,-1,-1,-1
260,1,1351,436,361,461,1,-1,-1,-1
261,1,1351,436,361,461,1,-1,-1,-1
262,1,1351,436,361,461,1,-1,-1,-1
263,1,1351,436,361,461,1,-1,-1,-1
264,1,1351,436,361,461,1,-1,-1,-1
265,1,1351,436,361,461,1,-1,-1,-1
266,1,1351,436,361,461,1,-1,-1,-1
267,1,1351,436,361,461,1,-1,-1,-1
268,1,1351,436,361,461,1,-1,-1,-1
269,1,1351,436,361,461,1,-1,-1,-1
270,1,1351,436,361,461,1,-1,-1,-1
271,1,1351,436,361,461,1,-1,-1,-1
278,1,1357,438,359,450,1,-1,-1,-1
279,1,1357,438,346,450,1,-1,-1,-1
280,1,1357,438,346,450,1,-1,-1,-1
281,1,1357,445,346,450,1,-1,-1,-1
282,1,1357,445,346,450,1,-1,-1,-1
283,1,1357,445,346,450,1,-1,-1,-1
284,1,1357,445,346,450,1,-1,-1,-1
285,1,1357,445,346,450,1,-1,-1,-1
286,1,1357,445,346,450,1,-1,-1,-1
287,1,1357,445,346,450,1,-1,-1,-1
288,1,1357,445,346,450,1,-1,-1,-1
289,1,1357,445,346,450,1,-1,-1,-1
290,1,1357,445,346,450,1,-1,-1,-1
291,1,1357,445,346,450,1,-1,-1,-1
292,1,1357,445,346,450,1,-1,-1,-1
293,1,1357,445,346,450,1,-1,-1,-1
294,1,1357,445,346,450,1,-1,-1,-1
295,1,1357,445,346,450,1,-1,-1,-1
296,1,1357,445,346,450,1,-1,-1,-1
297,1,1357,445,346,450,1,-1,-1,-1
298,1,1357,445,346,450,1,-1,-1,-1
299,1,1357,445,346,450,1,-1,-1,-1
300,1,1357,445,346,450,1,-1,-1,-1
301,1,1357,445,346,450,1,-1,-1,-1
302,1,1357,445,346,450,1,-1,-1,-1
303,1,1357,445,346,450,1,-1,-1,-1
304,1,1357,445,346,450,1,-1,-1,-1
305,1,1357,445,346,450,1,-1,-1,-1
306,1,1357,445,346,450,1,-1,-1,-1
307,1,1357,445,346,450,1,-1,-1,-1
308,1,1357,445,346,450,1,-1,-1,-1
309,1,1357,445,346,450,1,-1,-1,-1
310,1,1357,439,346,456,1,-1,-1,-1
311,1,1357,430,346,465,1,-1,-1,-1
312,1,1357,430,346,465,1,-1,-1,-1
313,1,1357,416,361,480,1,-1,-1,-1
314,1,1357,416,370,480,1,-1,-1,-1
315,1,1357,416,390,480,1,-1,-1,-1
316,1,1357,416,397,480,1,-1,-1,-1
317,1,1357,416,408,480,1,-1,-1,-1
318,1,1357,427,408,469,1,-1,-1,-1
319,1,1357,438,408,458,1,-1,-1,-1
320,1,1357,438,408,458,1,-1,-1,-1
321,1,1357,438,408,458,1,-1,-1,-1
322,1,1357,438,408,458,1,-1,-1,-1
323,1,1357,445,408,450,1,-1,-1,-1
324,1,1357,445,408,450,1,-1,-1,-1
325,1,1366,458,376,438,1,-1,-1,-1
326,1,1366,458,363,438,1,-1,-1,-1
327,1,1366,445,363,450,1,-1,-1,-1
328,1,1366,428,363,467,1,-1,-1,-1
329,1,1366,399,363,496,1,-1,-1,-1
330,1,1366,350,363,545,1,-1,-1,-1
331,1,1375,312,345,583,1,-1,-1,-1
332,1,1397,257,312,638,1,-1,-1,-1
333,1,1397,212,299,684,1,-1,-1,-1
334,1,1397,168,299,728,1,-1,-1,-1
335,1,1397,131,299,764,1,-1,-1,-1
336,1,1397,109,314,786,1,-1,-1,-1
337,1,1386,98,337,797,1,-1,-1,-1
338,1,1386,89,348,806,1,-1,-1,-1
339,1,1395,89,359,806,1,-1,-1,-1
340,1,1399,89,359,806,1,-1,-1,-1
341,1,1407,89,359,806,1,-1,-1,-1
342,1,1407,89,359,806,1,-1,-1,-1
343,1,1407,89,359,806,1,-1,-1,-1
344,1,1408,82,348,813,1,-1,-1,-1
345,1,1399,82,357,813,1,-1,-1,-1
346,1,1399,82,357,813,1,-1,-1,-1
347,1,1388,82,368,813,1,-1,-1,-1
348,1,1375,67,381,828,1,-1,-1,-1
349,1,1366,62,397,833,1,-1,-1,-1
350,1,1351,49,412,846,1,-1,-1,-1
351,1,1342,44,421,852,1,-1,-1,-1
352,1,1327,33,436,862,1,-1,-1,-1
353,1,1327,11,436,884,1,-1,-1,-1
354,1,1327,1,436,893,1,-1,-1,-1
355,1,1313,1,436,893,1,-1,-1,-1
356,1,1289,2,459,893,1,-1,-1,-1
357,1,1279,2,459,893,1,-1,-1,-1
358,1,1271,2,459,893,1,-1,-1,-1
359,1,1244,2,474,893,1,-1,-1,-1
360,1,1230,2,474,893,1,-1,-1,-1
361,1,1212,2,474,893,1,-1,-1,-1
362,1,1176,2,483,893,1,-1,-1,-1
363,1,1130,2,496,893,1,-1,-1,-1
364,1,1060,2,496,893,1,-1,-1,-1
365,1,1016,2,470,893,1,-1,-1,-1
366,1,945,2,490,893,1,-1,-1,-1
367,1,821,2,552,893,1,-1,-1,-1
368,1,749,2,576,893,1,-1,-1,-1
369,1,644,2,624,893,1,-1,-1,-1
370,1,514,2,680,893,1,-1,-1,-1
371,1,436,2,680,893,1,-1,-1,-1
372,1,421,2,600,893,1,-1,-1,-1
373,1,414,2,521,893,1,-1,-1,-1
374,1,361,2,498,877,1,-1,-1,-1
375,1,295,2,498,877,1,-1,-1,-1
376,1,277,2,459,877,1,-1,-1,-1
377,1,217,2,459,877,1,-1,-1,-1
378,1,133,2,483,877,1,-1,-1,-1
379,1,102,2,450,877,1,-1,-1,-1
380,1,82,2,392,877,1,-1,-1,-1
381,1,35,2,370,877,1,-1,-1,-1
382,1,2,2,337,877,1,-1,-1,-1
383,1,2,2,305,877,1,-1,-1,-1
384,1,2,2,255,877,1,-1,-1,-1
385,1,2,2,215,877,1,-1,-1,-1
386,1,2,2,184,877,1,-1,-1,-1
1018,1,1803,2,115,895,1,-1,-1,-1
1019,1,1781,2,137,895,1,-1,-1,-1
1020,1,1756,2,162,895,1,-1,-1,-1
1021,1,1718,2,201,895,1,-1,-1,-1
1022,1,1681,2,237,895,1,-1,-1,-1
1023,1,1614,2,305,895,1,-1,-1,-1
1024,1,1574,24,345,873,1,-1,-1,-1
1025,1,1530,33,368,864,1,-1,-1,-1
1026,1,1499,44,368,853,1,-1,-1,-1
1027,1,1473,58,368,839,1,-1,-1,-1
1028,1,1462,73,350,824,1,-1,-1,-1
1029,1,1455,84,326,813,1,-1,-1,-1
1030,1,1450,93,290,804,1,-1,-1,-1
1031,1,1442,102,266,795,1,-1,-1,-1
1032,1,1431,102,246,795,1,-1,-1,-1
1033,1,1402,109,246,788,1,-1,-1,-1
1034,1,1360,113,266,784,1,-1,-1,-1
1035,1,1337,126,275,771,1,-1,-1,-1
1036,1,1307,133,284,764,1,-1,-1,-1
1037,1,1307,142,272,755,1,-1,-1,-1
1038,1,1295,142,272,755,1,-1,-1,-1
1039,1,1278,150,279,748,1,-1,-1,-1
1040,1,1252,148,279,748,1,-1,-1,-1
1041,1,1223,148,279,748,1,-1,-1,-1
1042,1,1185,148,279,748,1,-1,-1,-1
1043,1,1137,148,279,748,1,-1,-1,-1
1044,1,1090,153,294,742,1,-1,-1,-1
1045,1,1072,153,294,742,1,-1,-1,-1
1046,1,1045,166,294,729,1,-1,-1,-1
1047,1,1021,175,294,720,1,-1,-1,-1
1048,1,1006,181,281,715,1,-1,-1,-1
1049,1,997,191,268,704,1,-1,-1,-1
1050,1,981,197,255,698,1,-1,-1,-1
1051,1,966,197,237,698,1,-1,-1,-1
1052,1,957,208,222,687,1,-1,-1,-1
1053,1,946,208,208,687,1,-1,-1,-1
1054,1,926,208,208,687,1,-1,-1,-1
1055,1,904,208,208,687,1,-1,-1,-1
1056,1,886,208,208,687,1,-1,-1,-1
1057,1,839,219,237,676,1,-1,-1,-1
1058,1,826,226,230,669,1,-1,-1,-1
1059,1,826,226,213,669,1,-1,-1,-1
1060,1,813,226,197,669,1,-1,-1,-1
1061,1,791,235,197,660,1,-1,-1,-1
1062,1,765,235,197,660,1,-1,-1,-1
1063,1,737,235,197,660,1,-1,-1,-1
1064,1,715,235,197,660,1,-1,-1,-1
1065,1,675,239,228,656,1,-1,-1,-1
1066,1,653,239,228,656,1,-1,-1,-1
1067,1,620,244,243,651,1,-1,-1,-1
1068,1,608,244,243,651,1,-1,-1,-1
1069,1,598,253,228,642,1,-1,-1,-1
1070,1,585,253,222,642,1,-1,-1,-1
1071,1,585,261,210,635,1,-1,-1,-1
1072,1,585,264,191,631,1,-1,-1,-1
1073,1,580,266,171,629,1,-1,-1,-1
1074,1,562,266,159,629,1,-1,-1,-1
1075,1,546,266,159,629,1,-1,-1,-1
1076,1,518,272,170,624,1,-1,-1,-1
1077,1,502,272,170,624,1,-1,-1,-1
1078,1,494,272,170,624,1,-1,-1,-1
1079,1,474,272,190,624,1,-1,-1,-1
1080,1,452,272,201,624,1,-1,-1,-1
1081,1,425,272,221,624,1,-1,-1,-1
1082,1,416,264,221,609,1,-1,-1,-1
1083,1,401,257,221,616,1,-1,-1,-1
1084,1,383,257,221,616,1,-1,-1,-1
1085,1,371,257,221,616,1,-1,-1,-1
1086,1,356,250,188,624,1,-1,-1,-1
1087,1,334,250,175,624,1,-1,-1,-1
1088,1,303,250,206,624,1,-1,-1,-1
1089,1,284,250,224,624,1,-1,-1,-1
1090,1,266,250,224,624,1,-1,-1,-1
1091,1,254,250,224,624,1,-1,-1,-1
1092,1,246,250,224,624,1,-1,-1,-1
1093,1,230,237,224,636,1,-1,-1,-1
1094,1,196,237,224,636,1,-1,-1,-1
1095,1,176,237,224,636,1,-1,-1,-1
1096,1,151,230,224,644,1,-1,-1,-1
1097,1,131,230,244,644,1,-1,-1,-1
1098,1,109,224,244,649,1,-1,-1,-1
1099,1,84,213,255,660,1,-1,-1,-1
1100,1,84,213,255,660,1,-1,-1,-1
1101,1,72,213,255,660,1,-1,-1,-1
1102,1,71,201,250,673,1,-1,-1,-1
1103,1,71,201,250,673,1,-1,-1,-1
1104,1,57,188,250,686,1,-1,-1,-1
1105,1,57,182,250,691,1,-1,-1,-1
1106,1,46,168,250,706,1,-1,-1,-1
1107,1,34,168,250,706,1,-1,-1,-1
1108,1,35,160,250,713,1,-1,-1,-1
1109,1,22,150,250,724,1,-1,-1,-1
1110,1,22,150,250,724,1,-1,-1,-1
1111,1,9,144,243,724,1,-1,-1,-1
1112,1,1,132,243,724,1,-1,-1,-1
1113,1,2,120,226,735,1,-1,-1,-1
1114,1,2,111,221,744,1,-1,-1,-1
1115,1,2,104,212,751,1,-1,-1,-1
1116,1,2,84,212,771,1,-1,-1,-1
1117,1,2,73,212,782,1,-1,-1,-1
1118,1,2,66,179,790,1,-1,-1,-1
1119,1,2,58,160,797,1,-1,-1,-1
1120,1,2,51,160,804,1,-1,-1,-1
1121,1,2,38,137,817,1,-1,-1,-1
1122,1,2,31,131,824,1,-1,-1,-1
1123,1,2,1,119,844,1,-1,-1,-1
1124,1,2,1,119,844,1,-1,-1,-1
1125,1,2,1,119,844,1,-1,-1,-1
1126,1,2,2,98,844,1,-1,-1,-1
1,2,88,91,246,768,1,-1,-1,-1
2,2,88,91,246,768,1,-1,-1,-1
3,2,88,91,246,768,1,-1,-1,-1
4,2,88,91,246,768,1,-1,-1,-1
5,2,88,91,246,768,1,-1,-1,-1
6,2,88,91,246,768,1,-1,-1,-1
7,2,88,91,246,768,1,-1,-1,-1
8,2,88,91,246,768,1,-1,-1,-1
9,2,88,91,246,768,1,-1,-1,-1
10,2,88,91,246,768,1,-1,-1,-1
11,2,88,91,246,768,1,-1,-1,-1
12,2,88,91,246,768,1,-1,-1,-1
13,2,88,91,246,768,1,-1,-1,-1
14,2,88,91,246,768,1,-1,-1,-1
15,2,88,91,246,768,1,-1,-1,-1
16,2,88,91,246,768,1,-1,-1,-1
17,2,88,91,246,768,1,-1,-1,-1
18,2,88,91,246,768,1,-1,-1,-1
19,2,88,91,246,768,1,-1,-1,-1
20,2,88,91,246,768,1,-1,-1,-1
21,2,88,91,246,768,1,-1,-1,-1
22,2,88,91,246,768,1,-1,-1,-1
23,2,88,91,246,768,1,-1,-1,-1
24,2,88,91,246,768,1,-1,-1,-1
25,2,88,91,246,768,1,-1,-1,-1
26,2,88,91,246,768,1,-1,-1,-1
27,2,88,91,246,768,1,-1,-1,-1
28,2,88,91,246,768,1,-1,-1,-1
29,2,88,91,246,768,1,-1,-1,-1
30,2,88,91,246,768,1,-1,-1,-1
31,2,88,91,246,768,1,-1,-1,-1
32,2,88,91,246,768,1,-1,-1,-1
33,2,88,91,246,768,1,-1,-1,-1
34,2,88,91,246,768,1,-1,-1,-1
35,2,88,91,246,768,1,-1,-1,-1
36,2,88,91,246,768,1,-1,-1,-1
37,2,88,91,246,768,1,-1,-1,-1
38,2,88,91,246,768,1,-1,-1,-1
39,2,88,91,246,768,1,-1,-1,-1
40,2,82,91,252,768,1,-1,-1,-1
41,2,82,91,252,768,1,-1,-1,-1
42,2,82,91,252,768,1,-1,-1,-1
43,2,82,91,252,768,1,-1,-1,-1
44,2,82,91,252,768,1,-1,-1,-1
45,2,82,91,252,768,1,-1,-1,-1
46,2,82,91,252,768,1,-1,-1,-1
47,2,82,91,252,768,1,-1,-1,-1
48,2,82,91,252,768,1,-1,-1,-1
49,2,82,91,252,768,1,-1,-1,-1
50,2,82,91,252,768,1,-1,-1,-1
51,2,82,91,252,768,1,-1,-1,-1
52,2,82,91,252,768,1,-1,-1,-1
53,2,82,91,252,768,1,-1,-1,-1
54,2,82,91,252,768,1,-1,-1,-1
55,2,82,91,252,768,1,-1,-1,-1
56,2,82,91,252,768,1,-1,-1,-1
57,2,82,91,252,768,1,-1,-1,-1
58,2,82,91,252,768,1,-1,-1,-1
59,2,82,91,252,768,1,-1,-1,-1
60,2,82,91,252,768,1,-1,-1,-1
61,2,82,91,252,768,1,-1,-1,-1
62,2,82,91,252,768,1,-1,-1,-1
63,2,82,91,252,768,1,-1,-1,-1
64,2,82,91,252,768,1,-1,-1,-1
65,2,82,91,252,768,1,-1,-1,-1
66,2,82,91,252,768,1,-1,-1,-1
67,2,82,91,252,768,1,-1,-1,-1
68,2,82,91,252,768,1,-1,-1,-1
69,2,82,91,252,768,1,-1,-1,-1
70,2,82,91,252,768,1,-1,-1,-1
71,2,82,91,252,768,1,-1,-1,-1
72,2,82,91,252,768,1,-1,-1,-1
73,2,82,91,252,768,1,-1,-1,-1
74,2,82,91,252,768,1,-1,-1,-1
75,2,82,91,252,768,1,-1,-1,-1
76,2,82,91,252,768,1,-1,-1,-1
77,2,82,91,252,768,1,-1,-1,-1
78,2,82,91,252,768,1,-1,-1,-1
79,2,82,91,252,768,1,-1,-1,-1
80,2,82,91,252,768,1,-1,-1,-1
81,2,82,91,252,768,1,-1,-1,-1
82,2,82,91,252,768,1,-1,-1,-1
83,2,82,91,252,768,1,-1,-1,-1
84,2,82,91,252,768,1,-1,-1,-1
85,2,82,91,252,768,1,-1,-1,-1
86,2,82,91,252,768,1,-1,-1,-1
87,2,82,91,252,768,1,-1,-1,-1
88,2,82,91,252,768,1,-1,-1,-1
89,2,82,91,252,768,1,-1,-1,-1
90,2,74,91,252,768,1,-1,-1,-1
91,2,74,91,252,768,1,-1,-1,-1
92,2,75,108,252,751,1,-1,-1,-1
93,2,75,108,252,751,1,-1,-1,-1
94,2,75,108,252,751,1,-1,-1,-1
95,2,75,108,252,751,1,-1,-1,-1
96,2,75,108,252,751,1,-1,-1,-1
97,2,75,108,252,751,1,-1,-1,-1
98,2,75,108,252,751,1,-1,-1,-1
99,2,75,108,252,751,1,-1,-1,-1
100,2,75,108,252,751,1,-1,-1,-1
101,2,75,108,252,751,1,-1,-1,-1
102,2,75,108,263,751,1,-1,-1,-1
103,2,75,108,266,751,1,-1,-1,-1
104,2,75,102,263,757,1,-1,-1,-1
105,2,75,102,263,757,1,-1,-1,-1
106,2,75,93,263,766,1,-1,-1,-1
107,2,75,93,263,766,1,-1,-1,-1
108,2,75,93,263,766,1,-1,-1,-1
109,2,81,93,263,766,1,-1,-1,-1
110,2,81,93,263,766,1,-1,-1,-1
111,2,81,93,263,766,1,-1,-1,-1
112,2,81,93,263,766,1,-1,-1,-1
113,2,81,93,263,766,1,-1,-1,-1
114,2,81,93,263,766,1,-1,-1,-1
115,2,345,171,230,700,1,-1,-1,-1
116,2,359,171,230,700,1,-1,-1,-1
117,2,373,171,230,700,1,-1,-1,-1
118,2,418,171,241,702,1,-1,-1,-1
119,2,448,171,241,702,1,-1,-1,-1
120,2,459,182,253,691,1,-1,-1,-1
121,2,481,182,253,691,1,-1,-1,-1
122,2,503,182,253,691,1,-1,-1,-1
123,2,525,182,244,691,1,-1,-1,-1
124,2,543,182,237,691,1,-1,-1,-1
125,2,563,182,228,691,1,-1,-1,-1
126,2,580,182,219,691,1,-1,-1,-1
127,2,592,182,219,691,1,-1,-1,-1
128,2,593,193,219,680,1,-1,-1,-1
129,2,605,201,206,673,1,-1,-1,-1
130,2,617,201,206,673,1,-1,-1,-1
131,2,629,201,193,673,1,-1,-1,-1
132,2,636,219,193,655,1,-1,-1,-1
133,2,644,219,193,655,1,-1,-1,-1
134,2,652,219,193,655,1,-1,-1,-1
135,2,653,232,193,642,1,-1,-1,-1
136,2,664,239,193,635,1,-1,-1,-1
137,2,664,243,193,631,1,-1,-1,-1
138,2,664,244,193,629,1,-1,-1,-1
139,2,664,248,193,625,1,-1,-1,-1
140,2,664,244,193,629,1,-1,-1,-1
141,2,664,243,193,631,1,-1,-1,-1
142,2,664,243,193,631,1,-1,-1,-1
143,2,664,243,193,631,1,-1,-1,-1
144,2,664,243,193,631,1,-1,-1,-1
145,2,664,243,193,631,1,-1,-1,-1
146,2,672,243,193,631,1,-1,-1,-1
147,2,672,243,193,631,1,-1,-1,-1
148,2,672,243,193,631,1,-1,-1,-1
149,2,672,243,193,631,1,-1,-1,-1
150,2,672,243,193,631,1,-1,-1,-1
151,2,672,243,193,631,1,-1,-1,-1
152,2,673,255,193,618,1,-1,-1,-1
153,2,673,255,193,618,1,-1,-1,-1
154,2,673,255,193,618,1,-1,-1,-1
155,2,673,255,193,618,1,-1,-1,-1
156,2,655,255,212,618,1,-1,-1,-1
157,2,655,255,212,618,1,-1,-1,-1
158,2,633,272,233,602,1,-1,-1,-1
159,2,633,272,233,602,1,-1,-1,-1
160,2,633,272,233,602,1,-1,-1,-1
161,2,624,272,243,602,1,-1,-1,-1
162,2,624,281,243,593,1,-1,-1,-1
163,2,624,281,243,593,1,-1,-1,-1
164,2,624,281,230,593,1,-1,-1,-1
165,2,624,281,230,593,1,-1,-1,-1
166,2,624,281,230,593,1,-1,-1,-1
167,2,624,264,230,609,1,-1,-1,-1
168,2,640,264,201,609,1,-1,-1,-1
169,2,640,264,201,609,1,-1,-1,-1
170,2,640,261,201,613,1,-1,-1,-1
171,2,640,261,201,613,1,-1,-1,-1
172,2,653,261,179,613,1,-1,-1,-1
173,2,640,261,191,613,1,-1,-1,-1
174,2,640,261,191,613,1,-1,-1,-1
175,2,640,261,177,613,1,-1,-1,-1
176,2,640,261,177,613,1,-1,-1,-1
177,2,628,261,177,613,1,-1,-1,-1
178,2,618,275,177,598,1,-1,-1,-1
179,2,608,275,177,598,1,-1,-1,-1
180,2,598,284,177,589,1,-1,-1,-1
181,2,592,284,177,589,1,-1,-1,-1
182,2,571,283,199,591,1,-1,-1,-1
183,2,563,297,199,576,1,-1,-1,-1
184,2,555,297,199,576,1,-1,-1,-1
185,2,549,303,199,576,1,-1,-1,-1
186,2,538,303,201,576,1,-1,-1,-1
187,2,530,303,201,576,1,-1,-1,-1
188,2,520,312,201,567,1,-1,-1,-1
189,2,508,312,201,567,1,-1,-1,-1
190,2,504,312,201,567,1,-1,-1,-1
191,2,498,312,201,567,1,-1,-1,-1
192,2,498,312,201,567,1,-1,-1,-1
193,2,498,312,201,567,1,-1,-1,-1
194,2,498,312,201,567,1,-1,-1,-1
195,2,498,312,201,567,1,-1,-1,-1
196,2,498,312,201,567,1,-1,-1,-1
197,2,498,312,201,567,1,-1,-1,-1
198,2,518,328,181,551,1,-1,-1,-1
199,2,526,328,181,551,1,-1,-1,-1
200,2,534,328,181,551,1,-1,-1,-1
201,2,548,328,181,551,1,-1,-1,-1
202,2,552,328,181,551,1,-1,-1,-1
203,2,564,328,181,551,1,-1,-1,-1
204,2,563,335,181,543,1,-1,-1,-1
205,2,575,335,181,543,1,-1,-1,-1
206,2,583,335,175,543,1,-1,-1,-1
207,2,583,335,175,543,1,-1,-1,-1
208,2,596,348,153,531,1,-1,-1,-1
209,2,596,348,153,531,1,-1,-1,-1
210,2,605,348,144,531,1,-1,-1,-1
211,2,605,348,144,531,1,-1,-1,-1
212,2,605,348,144,531,1,-1,-1,-1
213,2,615,348,144,531,1,-1,-1,-1
214,2,615,348,144,531,1,-1,-1,-1
215,2,614,357,144,521,1,-1,-1,-1
216,2,622,357,144,521,1,-1,-1,-1
217,2,622,357,155,521,1,-1,-1,-1
218,2,622,357,155,521,1,-1,-1,-1
219,2,622,357,155,521,1,-1,-1,-1
220,2,622,357,155,521,1,-1,-1,-1
221,2,635,359,155,520,1,-1,-1,-1
222,2,635,359,155,520,1,-1,-1,-1
223,2,647,359,150,520,1,-1,-1,-1
224,2,655,359,142,520,1,-1,-1,-1
225,2,667,359,142,520,1,-1,-1,-1
226,2,673,359,142,520,1,-1,-1,-1
227,2,683,359,142,520,1,-1,-1,-1
228,2,697,359,133,520,1,-1,-1,-1
229,2,707,359,133,520,1,-1,-1,-1
230,2,707,359,133,520,1,-1,-1,-1
231,2,717,359,124,520,1,-1,-1,-1
232,2,717,359,124,520,1,-1,-1,-1
233,2,717,359,124,520,1,-1,-1,-1
234,2,717,359,124,520,1,-1,-1,-1
235,2,731,366,109,512,1,-1,-1,-1
236,2,724,365,124,514,1,-1,-1,-1
237,2,724,365,131,514,1,-1,-1,-1
238,2,717,365,144,514,1,-1,-1,-1
239,2,717,365,144,514,1,-1,-1,-1
240,2,715,365,151,514,1,-1,-1,-1
241,2,715,365,151,514,1,-1,-1,-1
242,2,706,365,160,514,1,-1,-1,-1
243,2,696,365,160,514,1,-1,-1,-1
244,2,696,365,160,514,1,-1,-1,-1
245,2,684,365,160,514,1,-1,-1,-1
246,2,672,365,160,514,1,-1,-1,-1
247,2,673,365,151,514,1,-1,-1,-1
248,2,663,365,151,514,1,-1,-1,-1
249,2,663,365,151,514,1,-1,-1,-1
250,2,653,365,151,514,1,-1,-1,-1
251,2,653,365,140,514,1,-1,-1,-1
252,2,645,365,140,514,1,-1,-1,-1
253,2,637,365,140,514,1,-1,-1,-1
254,2,629,365,140,514,1,-1,-1,-1
255,2,618,356,140,523,1,-1,-1,-1
256,2,611,346,146,532,1,-1,-1,-1
257,2,599,346,146,532,1,-1,-1,-1
258,2,584,337,157,542,1,-1,-1,-1
259,2,574,337,157,542,1,-1,-1,-1
260,2,566,337,157,542,1,-1,-1,-1
262,2,532,337,157,542,1,-1,-1,-1
269,2,428,286,168,589,1,-1,-1,-1
270,2,428,286,188,589,1,-1,-1,-1
271,2,407,277,201,598,1,-1,-1,-1
272,2,388,266,219,609,1,-1,-1,-1
273,2,388,250,206,625,1,-1,-1,-1
274,2,376,232,206,644,1,-1,-1,-1
275,2,366,222,206,653,1,-1,-1,-1
276,2,357,215,206,660,1,-1,-1,-1
277,2,341,215,206,660,1,-1,-1,-1
278,2,325,210,208,666,1,-1,-1,-1
279,2,307,210,208,666,1,-1,-1,-1
280,2,272,199,239,676,1,-1,-1,-1
281,2,244,184,248,691,1,-1,-1,-1
282,2,222,166,232,709,1,-1,-1,-1
283,2,202,162,232,713,1,-1,-1,-1
284,2,186,148,232,728,1,-1,-1,-1
285,2,168,139,232,737,1,-1,-1,-1
286,2,151,133,232,742,1,-1,-1,-1
287,2,141,133,232,742,1,-1,-1,-1
288,2,120,119,232,757,1,-1,-1,-1
289,2,106,103,232,757,1,-1,-1,-1
290,2,84,86,239,773,1,-1,-1,-1
291,2,55,64,248,795,1,-1,-1,-1
292,2,29,51,257,808,1,-1,-1,-1
293,2,1,51,257,808,1,-1,-1,-1
294,2,2,44,232,815,1,-1,-1,-1
295,2,2,44,206,815,1,-1,-1,-1
296,2,2,44,160,815,1,-1,-1,-1
298,3,1,1,208,848,1,-1,-1,-1
299,3,2,2,244,848,1,-1,-1,-1
300,3,2,2,274,848,1,-1,-1,-1
301,3,2,2,301,848,1,-1,-1,-1
302,3,2,2,314,848,1,-1,-1,-1
303,3,2,2,314,848,1,-1,-1,-1
304,3,2,2,323,848,1,-1,-1,-1
305,3,2,2,334,866,1,-1,-1,-1
306,3,2,2,334,866,1,-1,-1,-1
307,3,16,2,334,866,1,-1,-1,-1
308,3,30,2,334,866,1,-1,-1,-1
309,3,46,2,323,866,1,-1,-1,-1
310,3,58,15,323,853,1,-1,-1,-1
311,3,75,29,323,839,1,-1,-1,-1
312,3,75,44,337,824,1,-1,-1,-1
313,3,108,62,337,806,1,-1,-1,-1
314,3,150,78,315,790,1,-1,-1,-1
315,3,177,91,295,777,1,-1,-1,-1
316,3,201,91,295,777,1,-1,-1,-1
317,3,215,100,312,777,1,-1,-1,-1
318,3,235,111,312,766,1,-1,-1,-1
319,3,255,120,301,757,1,-1,-1,-1
320,3,265,120,301,757,1,-1,-1,-1
321,3,288,135,299,742,1,-1,-1,-1
322,3,305,148,283,729,1,-1,-1,-1
323,3,328,162,268,715,1,-1,-1,-1
324,3,346,173,255,704,1,-1,-1,-1
325,3,372,182,239,695,1,-1,-1,-1
326,3,390,182,239,695,1,-1,-1,-1
327,3,416,188,239,689,1,-1,-1,-1
328,3,434,188,239,689,1,-1,-1,-1
329,3,452,196,239,689,1,-1,-1,-1
330,3,469,195,233,689,1,-1,-1,-1
331,3,483,195,233,689,1,-1,-1,-1
332,3,498,208,233,676,1,-1,-1,-1
333,3,503,208,255,676,1,-1,-1,-1
334,3,514,215,279,669,1,-1,-1,-1
335,3,522,215,279,669,1,-1,-1,-1
336,3,569,215,264,669,1,-1,-1,-1
337,3,600,208,257,676,1,-1,-1,-1
338,3,610,208,257,676,1,-1,-1,-1
339,3,666,208,239,676,1,-1,-1,-1
340,3,684,208,239,676,1,-1,-1,-1
341,3,702,208,239,676,1,-1,-1,-1
342,3,720,208,239,676,1,-1,-1,-1
343,3,742,208,250,676,1,-1,-1,-1
344,3,759,208,255,676,1,-1,-1,-1
345,3,785,208,255,676,1,-1,-1,-1
346,3,807,208,255,676,1,-1,-1,-1
347,3,827,208,255,676,1,-1,-1,-1
348,3,841,208,255,676,1,-1,-1,-1
349,3,853,199,266,686,1,-1,-1,-1
350,3,871,199,266,686,1,-1,-1,-1
351,3,883,193,301,691,1,-1,-1,-1
352,3,901,193,308,691,1,-1,-1,-1
353,3,921,186,308,698,1,-1,-1,-1
354,3,941,182,308,702,1,-1,-1,-1
355,3,963,182,308,702,1,-1,-1,-1
356,3,983,182,290,702,1,-1,-1,-1
357,3,1003,170,290,715,1,-1,-1,-1
358,3,1030,164,266,720,1,-1,-1,-1
359,3,1058,151,270,733,1,-1,-1,-1
360,3,1078,144,277,740,1,-1,-1,-1
361,3,1098,137,286,748,1,-1,-1,-1
366,3,1307,124,226,771,1,-1,-1,-1
367,3,1307,124,272,771,1,-1,-1,-1
368,3,1315,111,299,784,1,-1,-1,-1
369,3,1341,111,299,784,1,-1,-1,-1
370,3,1371,98,299,797,1,-1,-1,-1
371,3,1393,98,319,797,1,-1,-1,-1
372,3,1415,89,319,806,1,-1,-1,-1
373,3,1441,89,319,806,1,-1,-1,-1
374,3,1475,89,319,806,1,-1,-1,-1
375,3,1501,89,319,806,1,-1,-1,-1
376,3,1523,82,314,813,1,-1,-1,-1
377,3,1546,67,334,828,1,-1,-1,-1
378,3,1606,58,312,837,1,-1,-1,-1
379,3,1637,51,281,844,1,-1,-1,-1
380,3,1665,38,253,857,1,-1,-1,-1
381,3,1714,38,204,857,1,-1,-1,-1
382,3,1732,38,186,857,1,-1,-1,-1
383,3,1752,38,166,857,1,-1,-1,-1
384,3,1772,38,146,857,1,-1,-1,-1
385,3,1811,38,108,857,1,-1,-1,-1
386,3,1840,38,78,857,1,-1,-1,-1
663,3,0,2,151,842,1,-1,-1,-1
664,3,0,2,171,842,1,-1,-1,-1
665,3,0,2,193,842,1,-1,-1,-1
666,3,0,13,219,831,1,-1,-1,-1
667,3,0,31,232,813,1,-1,-1,-1
668,3,0,38,255,817,1,-1,-1,-1
669,3,18,47,259,815,1,-1,-1,-1
670,3,38,47,259,815,1,-1,-1,-1
671,3,49,58,283,804,1,-1,-1,-1
672,3,66,69,283,793,1,-1,-1,-1
673,3,100,78,283,784,1,-1,-1,-1
674,3,126,95,283,768,1,-1,-1,-1
675,3,151,106,283,768,1,-1,-1,-1
676,3,191,109,283,764,1,-1,-1,-1
677,3,222,113,283,764,1,-1,-1,-1
678,3,274,117,266,764,1,-1,-1,-1
679,3,302,117,266,764,1,-1,-1,-1
680,3,330,131,266,749,1,-1,-1,-1
681,3,357,139,253,742,1,-1,-1,-1
682,3,388,146,246,735,1,-1,-1,-1
683,3,416,160,246,720,1,-1,-1,-1
684,3,445,173,246,707,1,-1,-1,-1
685,3,472,184,239,697,1,-1,-1,-1
686,3,501,188,239,693,1,-1,-1,-1
687,3,529,188,239,693,1,-1,-1,-1
688,3,549,188,239,693,1,-1,-1,-1
689,3,573,195,230,686,1,-1,-1,-1
690,3,595,195,230,686,1,-1,-1,-1
691,3,615,195,230,686,1,-1,-1,-1
692,3,629,208,241,673,1,-1,-1,-1
693,3,635,208,261,673,1,-1,-1,-1
694,3,671,222,253,658,1,-1,-1,-1
695,3,724,217,253,664,1,-1,-1,-1
696,3,757,217,253,664,1,-1,-1,-1
697,3,784,206,243,676,1,-1,-1,-1
698,3,795,202,243,676,1,-1,-1,-1
699,3,815,202,243,676,1,-1,-1,-1
700,3,837,204,243,684,1,-1,-1,-1
701,3,857,202,257,684,1,-1,-1,-1
702,3,877,201,250,686,1,-1,-1,-1
703,3,895,201,255,686,1,-1,-1,-1
704,3,919,203,255,686,1,-1,-1,-1
705,3,943,199,283,686,1,-1,-1,-1
706,3,966,199,272,686,1,-1,-1,-1
707,3,985,186,272,698,1,-1,-1,-1
708,3,1005,175,297,709,1,-1,-1,-1
709,3,1025,175,325,709,1,-1,-1,-1
710,3,1043,175,339,709,1,-1,-1,-1
711,3,1069,175,339,709,1,-1,-1,-1
712,3,1093,175,339,709,1,-1,-1,-1
713,3,1116,168,315,717,1,-1,-1,-1
714,3,1147,151,299,742,1,-1,-1,-1
715,3,1169,142,299,751,1,-1,-1,-1
716,3,1191,124,312,768,1,-1,-1,-1
717,3,1218,115,312,779,1,-1,-1,-1
718,3,1236,104,312,790,1,-1,-1,-1
719,3,1254,91,321,799,1,-1,-1,-1
720,3,1282,82,312,811,1,-1,-1,-1
721,3,1308,82,312,811,1,-1,-1,-1
722,3,1336,82,312,811,1,-1,-1,-1
723,3,1360,82,323,811,1,-1,-1,-1
724,3,1394,82,323,811,1,-1,-1,-1
725,3,1409,73,341,821,1,-1,-1,-1
726,3,1439,73,341,821,1,-1,-1,-1
727,3,1501,60,317,833,1,-1,-1,-1
728,3,1517,51,317,842,1,-1,-1,-1
729,3,1550,44,319,850,1,-1,-1,-1
730,3,1583,40,319,853,1,-1,-1,-1
731,3,1599,40,319,853,1,-1,-1,-1
732,3,1639,40,279,853,1,-1,-1,-1
733,3,1677,40,241,853,1,-1,-1,-1
734,3,1707,27,212,866,1,-1,-1,-1
735,3,1707,4,212,890,1,-1,-1,-1
736,3,1774,0,144,899,1,-1,-1,-1
737,3,1809,0,109,899,1,-1,-1,-1
452,4,1774,2,142,890,1,-1,-1,-1
453,4,1741,2,175,890,1,-1,-1,-1
454,4,1705,2,212,890,1,-1,-1,-1
455,4,1670,2,246,890,1,-1,-1,-1
456,4,1636,2,281,890,1,-1,-1,-1
457,4,1585,11,312,881,1,-1,-1,-1
458,4,1557,20,312,872,1,-1,-1,-1
459,4,1521,31,312,861,1,-1,-1,-1
460,4,1495,51,312,841,1,-1,-1,-1
461,4,1486,62,294,835,1,-1,-1,-1
462,4,1470,67,272,824,1,-1,-1,-1
463,4,1457,75,244,824,1,-1,-1,-1
464,4,1422,86,257,813,1,-1,-1,-1
465,4,1400,86,257,813,1,-1,-1,-1
466,4,1369,98,257,800,1,-1,-1,-1
467,4,1349,98,257,800,1,-1,-1,-1
468,4,1331,108,257,791,1,-1,-1,-1
469,4,1306,122,283,777,1,-1,-1,-1
470,4,1282,131,286,768,1,-1,-1,-1
471,4,1254,131,314,768,1,-1,-1,-1
472,4,1213,131,306,768,1,-1,-1,-1
473,4,1171,131,283,768,1,-1,-1,-1
474,4,1125,139,255,760,1,-1,-1,-1
475,4,1099,139,255,760,1,-1,-1,-1
476,4,1063,148,268,751,1,-1,-1,-1
477,4,1035,148,268,751,1,-1,-1,-1
478,4,1023,166,250,733,1,-1,-1,-1
479,4,1005,166,250,733,1,-1,-1,-1
480,4,994,181,233,718,1,-1,-1,-1
481,4,994,181,213,718,1,-1,-1,-1
482,4,970,186,201,713,1,-1,-1,-1
483,4,952,186,201,713,1,-1,-1,-1
484,4,932,191,201,707,1,-1,-1,-1
485,4,893,191,219,707,1,-1,-1,-1
486,4,872,201,219,698,1,-1,-1,-1
487,4,873,210,201,689,1,-1,-1,-1
488,4,873,210,175,689,1,-1,-1,-1
489,4,830,222,190,676,1,-1,-1,-1
490,4,804,222,190,676,1,-1,-1,-1
491,4,786,222,177,676,1,-1,-1,-1
492,4,740,222,199,676,1,-1,-1,-1
493,4,724,222,199,676,1,-1,-1,-1
494,4,693,222,206,676,1,-1,-1,-1
495,4,669,222,206,676,1,-1,-1,-1
496,4,653,222,206,662,1,-1,-1,-1
497,4,640,232,199,653,1,-1,-1,-1
498,4,627,243,188,642,1,-1,-1,-1
499,4,618,243,179,642,1,-1,-1,-1
500,4,613,253,168,631,1,-1,-1,-1
501,4,605,253,157,631,1,-1,-1,-1
502,4,571,253,171,631,1,-1,-1,-1
503,4,534,264,199,620,1,-1,-1,-1
504,4,522,264,199,620,1,-1,-1,-1
505,4,503,264,208,620,1,-1,-1,-1
506,4,490,270,212,614,1,-1,-1,-1
507,4,478,286,212,598,1,-1,-1,-1
508,4,464,286,212,598,1,-1,-1,-1
509,4,450,292,212,593,1,-1,-1,-1
510,4,442,292,212,593,1,-1,-1,-1
511,4,425,292,237,593,1,-1,-1,-1
512,4,425,292,237,593,1,-1,-1,-1
513,4,425,297,237,587,1,-1,-1,-1
514,4,425,297,237,587,1,-1,-1,-1
515,4,425,305,237,580,1,-1,-1,-1
516,4,425,305,237,580,1,-1,-1,-1
517,4,425,310,237,574,1,-1,-1,-1
518,4,450,321,212,563,1,-1,-1,-1
519,4,450,321,212,563,1,-1,-1,-1
520,4,459,321,202,554,1,-1,-1,-1
521,4,479,321,202,554,1,-1,-1,-1
522,4,497,321,202,554,1,-1,-1,-1
523,4,512,321,202,547,1,-1,-1,-1
524,4,528,321,202,547,1,-1,-1,-1
525,4,538,321,193,547,1,-1,-1,-1
526,4,550,321,193,547,1,-1,-1,-1
527,4,550,321,193,547,1,-1,-1,-1
528,4,551,328,193,540,1,-1,-1,-1
529,4,569,328,171,540,1,-1,-1,-1
530,4,569,328,171,540,1,-1,-1,-1
531,4,569,328,171,540,1,-1,-1,-1
532,4,569,328,171,540,1,-1,-1,-1
533,4,583,328,171,540,1,-1,-1,-1
534,4,580,328,184,540,1,-1,-1,-1
535,4,563,328,206,540,1,-1,-1,-1
536,4,552,328,224,540,1,-1,-1,-1
537,4,552,328,224,540,1,-1,-1,-1
538,4,552,328,224,540,1,-1,-1,-1
539,4,545,321,224,547,1,-1,-1,-1
540,4,545,321,210,547,1,-1,-1,-1
541,4,535,321,210,547,1,-1,-1,-1
542,4,523,321,210,547,1,-1,-1,-1
543,4,516,314,201,554,1,-1,-1,-1
544,4,510,314,201,554,1,-1,-1,-1
545,4,502,314,201,554,1,-1,-1,-1
546,4,492,308,201,567,1,-1,-1,-1
547,4,486,308,201,567,1,-1,-1,-1
548,4,478,308,201,567,1,-1,-1,-1
549,4,467,303,212,573,1,-1,-1,-1
550,4,452,290,219,585,1,-1,-1,-1
551,4,445,283,226,593,1,-1,-1,-1
552,4,441,275,230,600,1,-1,-1,-1
553,4,441,275,230,600,1,-1,-1,-1
554,4,419,261,243,614,1,-1,-1,-1
555,4,407,261,243,614,1,-1,-1,-1
556,4,394,253,243,622,1,-1,-1,-1
557,4,376,253,243,622,1,-1,-1,-1
558,4,376,244,230,631,1,-1,-1,-1
559,4,357,233,230,642,1,-1,-1,-1
560,4,337,226,237,651,1,-1,-1,-1
561,4,312,215,248,662,1,-1,-1,-1
562,4,284,202,266,675,1,-1,-1,-1
563,4,266,193,277,684,1,-1,-1,-1
564,4,246,193,297,684,1,-1,-1,-1
565,4,226,184,317,693,1,-1,-1,-1
566,4,215,175,328,702,1,-1,-1,-1
567,4,215,166,328,711,1,-1,-1,-1
568,4,208,151,345,726,1,-1,-1,-1
569,4,208,135,345,742,1,-1,-1,-1
570,4,201,120,345,757,1,-1,-1,-1
571,4,201,111,345,766,1,-1,-1,-1
572,4,201,93,345,784,1,-1,-1,-1
573,4,201,84,345,793,1,-1,-1,-1
574,4,201,77,345,800,1,-1,-1,-1
575,4,201,66,345,811,1,-1,-1,-1
576,4,190,47,372,830,1,-1,-1,-1
577,4,190,24,390,853,1,-1,-1,-1
578,4,177,1,410,872,1,-1,-1,-1
579,4,168,2,427,872,1,-1,-1,-1
580,4,168,2,436,872,1,-1,-1,-1
581,4,168,2,445,872,1,-1,-1,-1
582,4,168,2,450,872,1,-1,-1,-1
583,4,201,2,436,872,1,-1,-1,-1
584,4,232,2,427,872,1,-1,-1,-1
585,4,282,2,427,872,1,-1,-1,-1
586,4,316,2,427,872,1,-1,-1,-1
587,4,345,2,452,890,1,-1,-1,-1
588,4,374,2,467,890,1,-1,-1,-1
589,4,392,2,594,890,1,-1,-1,-1
590,4,421,2,666,890,1,-1,-1,-1
591,4,465,2,704,890,1,-1,-1,-1
592,4,552,2,675,890,1,-1,-1,-1
593,4,629,2,644,890,1,-1,-1,-1
594,4,718,2,583,890,1,-1,-1,-1
595,4,840,2,583,890,1,-1,-1,-1
596,4,926,2,569,890,1,-1,-1,-1
597,4,1087,2,474,890,1,-1,-1,-1
598,4,1143,2,589,890,1,-1,-1,-1
599,4,1257,2,660,890,1,-1,-1,-1
600,4,1338,2,578,890,1,-1,-1,-1
601,4,1428,2,489,890,1,-1,-1,-1
602,4,1517,2,399,890,1,-1,-1,-1
603,4,1590,2,326,890,1,-1,-1,-1
604,4,1652,2,264,890,1,-1,-1,-1
605,4,1714,2,202,890,1,-1,-1,-1
115,5,2,0,647,862,1,-1,-1,-1
116,5,0,0,684,862,1,-1,-1,-1
117,5,0,0,702,862,1,-1,-1,-1
118,5,0,0,702,862,1,-1,-1,-1
119,5,0,0,676,862,1,-1,-1,-1
120,5,0,0,651,862,1,-1,-1,-1
121,5,0,0,624,862,1,-1,-1,-1
122,5,0,0,582,862,1,-1,-1,-1
123,5,0,0,542,862,1,-1,-1,-1
124,5,0,0,496,862,1,-1,-1,-1
125,5,0,0,430,862,1,-1,-1,-1
126,5,0,0,377,862,1,-1,-1,-1
127,5,0,0,345,862,1,-1,-1,-1
128,5,0,0,315,862,1,-1,-1,-1
129,5,0,0,283,862,1,-1,-1,-1
130,5,0,0,283,862,1,-1,-1,-1
131,5,0,0,221,862,1,-1,-1,-1
132,5,0,0,190,862,1,-1,-1,-1
256,5,0,2,423,883,1,-1,-1,-1
257,5,0,2,498,883,1,-1,-1,-1
258,5,0,2,567,875,1,-1,-1,-1
259,5,0,2,656,873,1,-1,-1,-1
260,5,0,2,729,881,1,-1,-1,-1
261,5,0,2,800,883,1,-1,-1,-1
262,5,11,2,873,888,1,-1,-1,-1
263,5,89,2,901,888,1,-1,-1,-1
264,5,157,2,914,888,1,-1,-1,-1
265,5,231,2,914,888,1,-1,-1,-1
266,5,295,2,930,888,1,-1,-1,-1
267,5,365,2,945,888,1,-1,-1,-1
268,5,435,2,945,888,1,-1,-1,-1
269,5,540,2,914,888,1,-1,-1,-1
270,5,653,2,853,888,1,-1,-1,-1
271,5,753,2,800,888,1,-1,-1,-1
272,5,899,2,746,888,1,-1,-1,-1
273,5,1019,2,769,888,1,-1,-1,-1
274,5,1107,2,804,888,1,-1,-1,-1
275,5,1209,2,707,888,1,-1,-1,-1
276,5,1284,2,633,888,1,-1,-1,-1
277,5,1357,2,560,888,1,-1,-1,-1
278,5,1446,2,470,888,1,-1,-1,-1
279,5,1519,2,397,888,1,-1,-1,-1
280,5,1595,2,321,888,1,-1,-1,-1
281,5,1639,2,277,888,1,-1,-1,-1
938,5,1544,2,374,892,1,-1,-1,-1
939,5,1488,2,430,892,1,-1,-1,-1
940,5,1448,2,470,892,1,-1,-1,-1
941,5,1439,2,480,892,1,-1,-1,-1
942,5,1439,2,480,892,1,-1,-1,-1
943,5,1439,2,480,892,1,-1,-1,-1
944,5,1404,2,514,892,1,-1,-1,-1
945,5,1267,2,607,892,1,-1,-1,-1
946,5,1149,2,667,892,1,-1,-1,-1
947,5,1085,2,667,892,1,-1,-1,-1
948,5,1085,2,594,892,1,-1,-1,-1
949,5,1008,2,571,892,1,-1,-1,-1
950,5,930,2,571,892,1,-1,-1,-1
951,5,883,2,618,892,1,-1,-1,-1
952,5,799,2,713,892,1,-1,-1,-1
953,5,658,2,853,892,1,-1,-1,-1
954,5,403,2,1023,892,1,-1,-1,-1
955,5,261,2,1023,892,1,-1,-1,-1
956,5,173,2,934,892,1,-1,-1,-1
957,5,102,2,861,892,1,-1,-1,-1
958,5,102,2,711,892,1,-1,-1,-1
959,5,102,2,614,892,1,-1,-1,-1
960,5,38,2,569,892,1,-1,-1,-1
961,5,0,2,512,868,1,-1,-1,-1
962,5,0,2,452,857,1,-1,-1,-1
963,5,0,2,376,857,1,-1,-1,-1
964,5,0,2,312,857,1,-1,-1,-1
965,5,0,2,266,864,1,-1,-1,-1
966,5,0,2,195,848,1,-1,-1,-1
