245,0,1194,565,100,157,1,-1,-1,-1
246,0,1184,553,109,171,1,-1,-1,-1
247,0,1184,553,109,171,1,-1,-1,-1
248,0,1173,540,109,171,1,-1,-1,-1
249,0,1171,540,111,180,1,-1,-1,-1
250,0,1166,534,116,185,1,-1,-1,-1
251,0,1150,510,132,210,1,-1,-1,-1
252,0,1139,506,143,213,1,-1,-1,-1
253,0,1120,497,162,223,1,-1,-1,-1
254,0,1088,468,194,353,1,-1,-1,-1
255,0,1074,468,209,353,1,-1,-1,-1
256,0,1057,468,225,518,1,-1,-1,-1
257,0,1007,468,275,516,1,-1,-1,-1
258,0,1006,468,234,516,1,-1,-1,-1
259,0,1006,468,234,516,1,-1,-1,-1
260,0,978,448,245,536,1,-1,-1,-1
261,0,998,448,225,536,1,-1,-1,-1
262,0,983,427,213,557,1,-1,-1,-1
263,0,963,402,228,583,1,-1,-1,-1
264,0,957,402,211,583,1,-1,-1,-1
265,0,940,390,211,595,1,-1,-1,-1
265,0,940,390,211,595,1,-1,-1,-1
266,0,928,390,211,595,1,-1,-1,-1
267,0,913,390,218,595,1,-1,-1,-1
268,0,899,375,218,609,1,-1,-1,-1
269,0,894,375,218,609,1,-1,-1,-1
270,0,894,375,218,609,1,-1,-1,-1
271,0,873,361,227,623,1,-1,-1,-1
272,0,865,344,216,640,1,-1,-1,-1
273,0,868,334,199,650,1,-1,-1,-1
274,0,856,321,199,663,1,-1,-1,-1
275,0,823,303,224,683,1,-1,-1,-1
276,0,713,303,334,683,1,-1,-1,-1
277,0,688,303,334,683,1,-1,-1,-1
278,0,679,290,340,696,1,-1,-1,-1
279,0,668,290,340,696,1,-1,-1,-1
280,0,651,268,340,718,1,-1,-1,-1
281,0,673,268,280,718,1,-1,-1,-1
282,0,644,246,308,740,1,-1,-1,-1
283,0,610,226,320,760,1,-1,-1,-1
284,0,580,226,341,760,1,-1,-1,-1
285,0,553,226,369,760,1,-1,-1,-1
286,0,533,200,388,787,1,-1,-1,-1
287,0,520,183,388,803,1,-1,-1,-1
288,0,499,164,409,822,1,-1,-1,-1
289,0,499,134,409,853,1,-1,-1,-1
290,0,499,116,409,871,1,-1,-1,-1
291,0,499,89,409,897,1,-1,-1,-1
292,0,482,78,426,908,1,-1,-1,-1
293,0,450,62,458,925,1,-1,-1,-1
294,0,410,39,488,948,1,-1,-1,-1
295,0,387,21,511,966,1,-1,-1,-1
296,0,387,8,511,979,1,-1,-1,-1
297,0,387,8,474,979,1,-1,-1,-1
298,0,387,8,459,967,1,-1,-1,-1
299,0,408,8,408,967,1,-1,-1,-1
300,0,408,8,408,967,1,-1,-1,-1
301,0,408,8,408,967,1,-1,-1,-1
302,0,399,8,408,967,1,-1,-1,-1
303,0,397,8,408,967,1,-1,-1,-1
304,0,394,8,408,967,1,-1,-1,-1
305,0,345,7,457,977,1,-1,-1,-1
306,0,335,7,467,977,1,-1,-1,-1
307,0,335,7,467,977,1,-1,-1,-1
308,0,268,7,550,977,1,-1,-1,-1
309,0,182,7,636,977,1,-1,-1,-1
310,0,179,7,639,988,1,-1,-1,-1
311,0,45,4,750,1041,1,-1,-1,-1
312,0,7,4,789,1067,1,-1,-1,-1
392,0,316,10,552,995,1,-1,-1,-1
393,0,316,10,552,995,1,-1,-1,-1
394,0,328,10,511,972,1,-1,-1,-1
395,0,328,10,511,972,1,-1,-1,-1
396,0,328,10,511,972,1,-1,-1,-1
397,0,360,10,458,972,1,-1,-1,-1
398,0,375,10,426,972,1,-1,-1,-1
399,0,375,10,426,972,1,-1,-1,-1
400,0,375,10,426,972,1,-1,-1,-1
401,0,375,10,426,972,1,-1,-1,-1
402,0,395,63,402,919,1,-1,-1,-1
403,0,395,72,410,910,1,-1,-1,-1
404,0,394,98,407,884,1,-1,-1,-1
405,0,397,121,403,861,1,-1,-1,-1
406,0,398,121,403,861,1,-1,-1,-1
407,0,398,121,403,861,1,-1,-1,-1
408,0,398,157,374,825,1,-1,-1,-1
409,0,398,157,374,825,1,-1,-1,-1
410,0,398,194,342,788,1,-1,-1,-1
411,0,398,194,320,788,1,-1,-1,-1
412,0,398,194,320,788,1,-1,-1,-1
413,0,398,216,298,766,1,-1,-1,-1
414,0,398,216,298,740,1,-1,-1,-1
415,0,387,239,298,717,1,-1,-1,-1
416,0,387,259,278,697,1,-1,-1,-1
417,0,387,259,278,697,1,-1,-1,-1
418,0,387,288,260,669,1,-1,-1,-1
419,0,387,288,260,669,1,-1,-1,-1
420,0,387,288,260,669,1,-1,-1,-1
421,0,387,308,248,649,1,-1,-1,-1
422,0,387,308,232,649,1,-1,-1,-1
423,0,371,319,245,638,1,-1,-1,-1
424,0,354,339,247,607,1,-1,-1,-1
425,0,340,339,247,607,1,-1,-1,-1
426,0,329,345,238,600,1,-1,-1,-1
427,0,329,345,238,600,1,-1,-1,-1
428,0,329,345,212,600,1,-1,-1,-1
428,4,1138,573,148,151,1,-1,-1,-1
429,0,329,345,192,600,1,-1,-1,-1
429,4,1138,573,138,151,1,-1,-1,-1
430,0,329,345,192,600,1,-1,-1,-1
430,4,1066,552,210,337,1,-1,-1,-1
431,0,329,345,174,600,1,-1,-1,-1
431,4,1056,552,220,337,1,-1,-1,-1
432,4,1056,552,220,295,1,-1,-1,-1
433,4,1057,533,220,295,1,-1,-1,-1
434,4,1057,504,220,323,1,-1,-1,-1
435,4,1057,504,220,323,1,-1,-1,-1
436,4,1054,487,223,341,1,-1,-1,-1
437,4,1068,481,212,424,1,-1,-1,-1
438,4,1062,458,215,447,1,-1,-1,-1
439,4,1053,458,216,515,1,-1,-1,-1
440,4,1030,458,216,515,1,-1,-1,-1
441,4,1015,458,221,540,1,-1,-1,-1
442,4,1002,458,221,540,1,-1,-1,-1
443,4,990,458,221,540,1,-1,-1,-1
444,4,971,441,224,556,1,-1,-1,-1
445,4,960,427,235,570,1,-1,-1,-1
446,4,960,427,204,570,1,-1,-1,-1
447,4,938,403,209,595,1,-1,-1,-1
448,4,927,403,209,595,1,-1,-1,-1
449,4,898,403,217,595,1,-1,-1,-1
450,4,843,403,273,595,1,-1,-1,-1
451,4,843,403,273,595,1,-1,-1,-1
452,4,843,403,273,595,1,-1,-1,-1
453,4,850,385,250,597,1,-1,-1,-1
454,4,823,385,244,597,1,-1,-1,-1
455,4,823,385,218,597,1,-1,-1,-1
456,4,792,385,228,597,1,-1,-1,-1
457,4,792,385,228,597,1,-1,-1,-1
458,4,792,399,210,583,1,-1,-1,-1
459,4,792,399,210,583,1,-1,-1,-1
460,4,787,399,200,583,1,-1,-1,-1
461,4,787,425,186,557,1,-1,-1,-1
462,4,787,425,181,550,1,-1,-1,-1
463,4,787,425,181,550,1,-1,-1,-1
464,4,768,425,200,550,1,-1,-1,-1
465,4,768,441,198,533,1,-1,-1,-1
466,4,768,441,198,533,1,-1,-1,-1
467,4,768,441,194,533,1,-1,-1,-1
468,4,764,441,199,533,1,-1,-1,-1
469,4,756,471,206,503,1,-1,-1,-1
470,4,756,471,206,503,1,-1,-1,-1
471,4,756,471,206,503,1,-1,-1,-1
472,4,778,471,184,503,1,-1,-1,-1
473,4,778,471,184,503,1,-1,-1,-1
474,4,778,471,184,503,1,-1,-1,-1
475,4,789,504,173,470,1,-1,-1,-1
476,4,789,504,173,470,1,-1,-1,-1
477,4,789,504,173,470,1,-1,-1,-1
478,4,799,523,163,451,1,-1,-1,-1
479,4,799,523,163,451,1,-1,-1,-1
512,4,818,517,146,450,1,-1,-1,-1
513,4,815,517,146,450,1,-1,-1,-1
514,4,815,517,146,450,1,-1,-1,-1
515,4,791,503,170,465,1,-1,-1,-1
516,4,783,498,178,470,1,-1,-1,-1
517,4,762,489,199,479,1,-1,-1,-1
518,4,747,478,214,490,1,-1,-1,-1
519,4,747,478,214,490,1,-1,-1,-1
520,4,747,478,214,490,1,-1,-1,-1
521,4,747,478,214,490,1,-1,-1,-1
522,4,739,463,222,504,1,-1,-1,-1
523,4,739,463,222,504,1,-1,-1,-1
524,4,730,448,231,520,1,-1,-1,-1
525,4,730,448,231,520,1,-1,-1,-1
526,4,730,431,231,536,1,-1,-1,-1
526,3,1129,531,158,200,1,-1,-1,-1
527,4,730,431,231,536,1,-1,-1,-1
527,3,1129,531,158,200,1,-1,-1,-1
528,4,730,431,231,536,1,-1,-1,-1
528,3,1116,512,171,218,1,-1,-1,-1
529,4,730,407,231,561,1,-1,-1,-1
529,3,1105,488,182,243,1,-1,-1,-1
530,4,730,407,231,561,1,-1,-1,-1
530,3,1105,488,189,243,1,-1,-1,-1
531,4,731,407,231,561,1,-1,-1,-1
531,3,1100,474,193,256,1,-1,-1,-1
532,4,730,380,231,598,1,-1,-1,-1
532,3,1095,447,199,284,1,-1,-1,-1
533,4,730,380,231,598,1,-1,-1,-1
533,3,1098,447,195,541,1,-1,-1,-1
534,4,730,380,231,598,1,-1,-1,-1
534,3,1098,447,186,541,1,-1,-1,-1
535,4,707,369,222,610,1,-1,-1,-1
535,3,1079,429,205,558,1,-1,-1,-1
536,4,707,353,222,626,1,-1,-1,-1
536,3,1064,429,205,558,1,-1,-1,-1
537,4,707,353,222,626,1,-1,-1,-1
537,3,1045,397,224,590,1,-1,-1,-1
538,4,684,339,244,640,1,-1,-1,-1
538,3,1036,397,224,590,1,-1,-1,-1
539,4,668,330,276,649,1,-1,-1,-1
539,3,1036,397,224,590,1,-1,-1,-1
540,4,654,330,289,649,1,-1,-1,-1
540,3,1036,371,224,617,1,-1,-1,-1
541,4,641,309,302,670,1,-1,-1,-1
541,3,1036,371,224,617,1,-1,-1,-1
542,4,631,309,302,670,1,-1,-1,-1
542,3,1013,371,224,617,1,-1,-1,-1
543,4,606,309,302,670,1,-1,-1,-1
543,3,1013,371,224,617,1,-1,-1,-1
544,4,579,309,302,670,1,-1,-1,-1
544,3,971,371,244,617,1,-1,-1,-1
545,4,523,309,340,670,1,-1,-1,-1
545,3,971,371,244,617,1,-1,-1,-1
546,4,514,309,340,670,1,-1,-1,-1
546,3,938,371,244,617,1,-1,-1,-1
547,4,506,309,340,670,1,-1,-1,-1
547,3,919,371,244,617,1,-1,-1,-1
548,4,484,309,340,670,1,-1,-1,-1
548,3,902,371,244,617,1,-1,-1,-1
549,4,479,302,340,676,1,-1,-1,-1
549,3,902,371,244,617,1,-1,-1,-1
550,4,479,302,269,676,1,-1,-1,-1
550,3,902,371,244,617,1,-1,-1,-1
551,4,459,296,269,676,1,-1,-1,-1
551,3,881,355,265,632,1,-1,-1,-1
552,4,431,296,269,676,1,-1,-1,-1
552,3,846,355,265,632,1,-1,-1,-1
553,4,414,296,269,676,1,-1,-1,-1
553,3,846,355,265,632,1,-1,-1,-1
554,4,399,296,269,676,1,-1,-1,-1
554,3,846,355,265,632,1,-1,-1,-1
555,4,389,296,269,676,1,-1,-1,-1
555,3,846,355,265,632,1,-1,-1,-1
556,4,378,296,269,650,1,-1,-1,-1
556,3,813,355,265,632,1,-1,-1,-1
557,4,378,296,269,650,1,-1,-1,-1
557,3,813,355,265,632,1,-1,-1,-1
558,4,350,296,269,650,1,-1,-1,-1
558,3,813,403,252,585,1,-1,-1,-1
559,4,350,296,269,650,1,-1,-1,-1
559,3,813,403,252,585,1,-1,-1,-1
560,4,350,296,269,650,1,-1,-1,-1
560,3,813,403,252,585,1,-1,-1,-1
561,4,350,296,269,650,1,-1,-1,-1
561,3,781,403,252,585,1,-1,-1,-1
562,4,350,296,269,650,1,-1,-1,-1
562,3,781,403,252,585,1,-1,-1,-1
563,4,350,350,228,596,1,-1,-1,-1
563,3,770,403,252,585,1,-1,-1,-1
564,4,350,350,228,596,1,-1,-1,-1
564,3,758,403,252,585,1,-1,-1,-1
565,4,350,350,228,596,1,-1,-1,-1
565,3,742,403,268,585,1,-1,-1,-1
566,4,350,372,204,574,1,-1,-1,-1
566,3,742,438,263,550,1,-1,-1,-1
567,4,350,372,204,574,1,-1,-1,-1
567,3,739,438,247,550,1,-1,-1,-1
568,4,350,372,204,574,1,-1,-1,-1
568,3,739,438,247,550,1,-1,-1,-1
569,4,350,372,204,574,1,-1,-1,-1
569,3,739,438,247,550,1,-1,-1,-1
570,4,350,372,204,574,1,-1,-1,-1
570,3,739,438,216,550,1,-1,-1,-1
571,4,340,391,163,555,1,-1,-1,-1
571,3,739,438,216,550,1,-1,-1,-1
572,4,340,391,163,555,1,-1,-1,-1
572,3,739,438,216,550,1,-1,-1,-1
573,4,340,391,163,555,1,-1,-1,-1
573,3,739,438,216,550,1,-1,-1,-1
574,3,733,468,196,506,1,-1,-1,-1
575,3,733,468,196,506,1,-1,-1,-1
576,3,733,468,196,506,1,-1,-1,-1
577,3,733,468,196,506,1,-1,-1,-1
578,3,733,468,196,506,1,-1,-1,-1
579,3,733,468,196,506,1,-1,-1,-1
580,3,758,504,181,470,1,-1,-1,-1
581,3,758,504,181,470,1,-1,-1,-1
581,2,1108,541,180,184,1,-1,-1,-1
582,3,758,504,181,470,1,-1,-1,-1
582,2,1108,541,180,184,1,-1,-1,-1
583,3,758,504,181,470,1,-1,-1,-1
583,2,1108,541,180,184,1,-1,-1,-1
584,3,758,504,200,470,1,-1,-1,-1
584,2,1108,541,180,184,1,-1,-1,-1
585,3,758,504,200,470,1,-1,-1,-1
585,2,1117,509,171,216,1,-1,-1,-1
586,3,758,504,200,470,1,-1,-1,-1
586,2,1117,509,171,216,1,-1,-1,-1
587,3,758,504,200,470,1,-1,-1,-1
587,2,1117,509,171,216,1,-1,-1,-1
588,3,762,543,195,431,1,-1,-1,-1
588,2,1098,490,190,235,1,-1,-1,-1
589,3,762,543,195,431,1,-1,-1,-1
589,2,1098,490,190,235,1,-1,-1,-1
590,0,314,290,230,639,1,-1,-1,-1
590,3,762,543,195,431,1,-1,-1,-1
590,2,1098,490,190,235,1,-1,-1,-1
591,0,333,290,230,639,1,-1,-1,-1
591,3,762,543,195,431,1,-1,-1,-1
591,2,1098,490,190,235,1,-1,-1,-1
592,0,342,290,230,639,1,-1,-1,-1
592,3,762,543,195,431,1,-1,-1,-1
592,2,1098,490,190,235,1,-1,-1,-1
593,0,342,290,245,666,1,-1,-1,-1
593,3,762,543,195,431,1,-1,-1,-1
593,2,1098,490,190,235,1,-1,-1,-1
594,0,342,290,245,666,1,-1,-1,-1
594,3,762,543,195,431,1,-1,-1,-1
594,2,1075,451,213,274,1,-1,-1,-1
595,0,342,290,245,666,1,-1,-1,-1
595,3,762,543,195,431,1,-1,-1,-1
595,2,1075,451,213,274,1,-1,-1,-1
596,0,343,290,245,666,1,-1,-1,-1
596,3,762,543,177,431,1,-1,-1,-1
596,2,1075,451,188,274,1,-1,-1,-1
597,0,343,290,245,666,1,-1,-1,-1
597,3,762,543,177,431,1,-1,-1,-1
597,2,1048,398,215,327,1,-1,-1,-1
598,0,389,290,245,666,1,-1,-1,-1
598,3,762,543,177,431,1,-1,-1,-1
598,2,1048,398,213,327,1,-1,-1,-1
599,0,389,290,245,666,1,-1,-1,-1
599,3,762,543,177,431,1,-1,-1,-1
599,2,1047,398,217,327,1,-1,-1,-1
600,0,389,290,245,666,1,-1,-1,-1
600,3,762,543,177,431,1,-1,-1,-1
600,2,1048,398,210,327,1,-1,-1,-1
601,0,429,290,245,666,1,-1,-1,-1
601,3,732,543,207,431,1,-1,-1,-1
601,2,1048,398,202,473,1,-1,-1,-1
602,0,429,290,245,666,1,-1,-1,-1
602,3,732,543,207,431,1,-1,-1,-1
602,2,1033,375,222,536,1,-1,-1,-1
603,0,429,290,245,666,1,-1,-1,-1
603,3,732,543,207,431,1,-1,-1,-1
603,2,1033,375,222,606,1,-1,-1,-1
604,0,429,290,245,666,1,-1,-1,-1
604,3,732,543,207,431,1,-1,-1,-1
604,2,1007,375,222,606,1,-1,-1,-1
605,0,454,290,245,666,1,-1,-1,-1
605,3,732,543,207,431,1,-1,-1,-1
605,2,1000,375,222,606,1,-1,-1,-1
606,0,454,268,256,689,1,-1,-1,-1
606,3,732,543,207,431,1,-1,-1,-1
606,2,990,375,222,606,1,-1,-1,-1
607,0,441,268,256,689,1,-1,-1,-1
607,3,732,543,168,431,1,-1,-1,-1
607,2,990,375,222,610,1,-1,-1,-1
608,0,428,268,256,689,1,-1,-1,-1
608,3,732,543,168,431,1,-1,-1,-1
608,2,967,375,222,610,1,-1,-1,-1
609,0,408,268,276,689,1,-1,-1,-1
609,3,732,543,168,431,1,-1,-1,-1
609,2,977,375,210,610,1,-1,-1,-1
610,0,408,268,276,689,1,-1,-1,-1
610,3,721,543,168,431,1,-1,-1,-1
610,2,952,349,234,637,1,-1,-1,-1
611,0,401,268,276,689,1,-1,-1,-1
611,3,739,584,149,391,1,-1,-1,-1
611,2,952,349,234,637,1,-1,-1,-1
612,0,401,268,276,689,1,-1,-1,-1
612,3,739,584,149,391,1,-1,-1,-1
612,2,926,349,234,637,1,-1,-1,-1
613,0,401,268,276,689,1,-1,-1,-1
613,3,739,584,117,391,1,-1,-1,-1
613,2,919,349,234,637,1,-1,-1,-1
614,0,401,268,276,689,1,-1,-1,-1
614,3,739,584,117,391,1,-1,-1,-1
614,2,897,327,256,659,1,-1,-1,-1
615,0,401,268,276,689,1,-1,-1,-1
615,3,739,584,117,391,1,-1,-1,-1
615,2,897,327,256,659,1,-1,-1,-1
616,0,401,268,276,689,1,-1,-1,-1
616,2,897,327,256,659,1,-1,-1,-1
617,0,401,268,276,689,1,-1,-1,-1
617,2,879,303,274,682,1,-1,-1,-1
618,0,401,268,276,689,1,-1,-1,-1
618,2,856,303,274,682,1,-1,-1,-1
619,0,401,268,276,689,1,-1,-1,-1
619,2,856,303,274,682,1,-1,-1,-1
620,0,401,268,276,689,1,-1,-1,-1
620,2,856,303,274,682,1,-1,-1,-1
621,0,401,268,276,689,1,-1,-1,-1
621,2,856,303,274,682,1,-1,-1,-1
622,0,401,268,276,689,1,-1,-1,-1
622,2,814,275,285,711,1,-1,-1,-1
623,0,401,268,276,689,1,-1,-1,-1
623,2,814,275,285,711,1,-1,-1,-1
624,0,401,268,276,689,1,-1,-1,-1
624,2,814,275,285,711,1,-1,-1,-1
625,0,401,268,276,689,1,-1,-1,-1
625,2,814,275,285,711,1,-1,-1,-1
626,0,401,268,276,689,1,-1,-1,-1
626,2,814,275,285,711,1,-1,-1,-1
627,0,401,268,276,689,1,-1,-1,-1
627,2,814,287,253,698,1,-1,-1,-1
628,0,401,268,276,689,1,-1,-1,-1
628,2,814,287,253,698,1,-1,-1,-1
629,0,401,268,276,689,1,-1,-1,-1
629,2,814,287,253,698,1,-1,-1,-1
630,0,401,268,276,689,1,-1,-1,-1
630,2,814,288,228,697,1,-1,-1,-1
631,0,401,268,276,689,1,-1,-1,-1
631,2,814,288,228,697,1,-1,-1,-1
632,0,401,268,276,689,1,-1,-1,-1
632,2,788,288,255,697,1,-1,-1,-1
633,0,401,249,290,707,1,-1,-1,-1
633,2,772,288,255,697,1,-1,-1,-1
634,0,408,249,326,723,1,-1,-1,-1
634,2,775,324,255,661,1,-1,-1,-1
635,0,408,249,326,723,1,-1,-1,-1
635,2,775,324,255,661,1,-1,-1,-1
636,0,409,249,326,723,1,-1,-1,-1
636,2,775,324,255,661,1,-1,-1,-1
637,0,419,249,326,723,1,-1,-1,-1
637,2,775,324,227,661,1,-1,-1,-1
638,0,436,249,326,723,1,-1,-1,-1
638,2,775,377,227,608,1,-1,-1,-1
639,0,460,249,326,723,1,-1,-1,-1
639,2,775,377,227,608,1,-1,-1,-1
640,0,497,234,346,738,1,-1,-1,-1
640,2,775,377,191,608,1,-1,-1,-1
641,0,550,234,282,738,1,-1,-1,-1
641,2,764,377,202,608,1,-1,-1,-1
642,0,569,234,282,738,1,-1,-1,-1
642,2,764,377,202,608,1,-1,-1,-1
643,0,579,234,282,738,1,-1,-1,-1
643,2,764,377,202,608,1,-1,-1,-1
644,0,579,234,322,738,1,-1,-1,-1
644,2,783,377,182,608,1,-1,-1,-1
645,0,590,234,322,738,1,-1,-1,-1
645,2,783,415,182,524,1,-1,-1,-1
646,0,590,234,322,738,1,-1,-1,-1
646,2,783,415,182,524,1,-1,-1,-1
647,0,590,234,322,738,1,-1,-1,-1
648,0,623,234,330,759,1,-1,-1,-1
649,0,623,234,330,759,1,-1,-1,-1
650,0,708,267,323,726,1,-1,-1,-1
651,0,708,267,323,726,1,-1,-1,-1
652,0,708,267,323,726,1,-1,-1,-1
653,0,708,267,323,726,1,-1,-1,-1
654,0,769,267,323,726,1,-1,-1,-1
655,4,338,344,129,576,1,-1,-1,-1
655,0,769,267,323,726,1,-1,-1,-1
656,4,339,344,129,576,1,-1,-1,-1
656,0,769,267,323,726,1,-1,-1,-1
657,4,347,344,129,576,1,-1,-1,-1
657,0,769,267,323,726,1,-1,-1,-1
658,4,338,344,177,594,1,-1,-1,-1
658,0,769,267,323,726,1,-1,-1,-1
659,4,341,342,193,596,1,-1,-1,-1
659,0,769,267,323,726,1,-1,-1,-1
660,4,344,328,209,610,1,-1,-1,-1
660,0,813,316,279,678,1,-1,-1,-1
661,4,344,328,209,610,1,-1,-1,-1
661,0,813,316,279,678,1,-1,-1,-1
662,4,344,320,218,618,1,-1,-1,-1
662,0,813,316,279,678,1,-1,-1,-1
663,4,351,301,244,637,1,-1,-1,-1
663,0,813,316,279,678,1,-1,-1,-1
664,4,371,301,244,649,1,-1,-1,-1
664,0,813,316,279,678,1,-1,-1,-1
665,4,371,301,244,649,1,-1,-1,-1
665,0,813,316,279,678,1,-1,-1,-1
666,4,351,280,291,670,1,-1,-1,-1
666,0,813,316,279,678,1,-1,-1,-1
667,4,351,280,291,670,1,-1,-1,-1
667,0,813,354,262,639,1,-1,-1,-1
668,4,352,280,305,670,1,-1,-1,-1
668,0,813,354,262,639,1,-1,-1,-1
669,4,352,238,305,712,1,-1,-1,-1
669,0,793,354,262,639,1,-1,-1,-1
670,4,352,238,305,712,1,-1,-1,-1
670,0,793,354,262,639,1,-1,-1,-1
671,4,352,238,305,712,1,-1,-1,-1
671,0,765,354,262,639,1,-1,-1,-1
672,4,352,226,324,724,1,-1,-1,-1
672,0,765,354,262,639,1,-1,-1,-1
673,4,352,215,334,735,1,-1,-1,-1
673,0,765,372,232,621,1,-1,-1,-1
674,4,352,215,334,735,1,-1,-1,-1
674,0,765,387,232,590,1,-1,-1,-1
675,4,397,215,310,753,1,-1,-1,-1
675,0,765,387,232,590,1,-1,-1,-1
676,4,416,215,310,753,1,-1,-1,-1
676,0,765,387,232,590,1,-1,-1,-1
677,4,397,215,310,753,1,-1,-1,-1
677,0,765,413,207,565,1,-1,-1,-1
678,4,436,215,310,753,1,-1,-1,-1
678,0,765,413,207,565,1,-1,-1,-1
679,4,449,215,310,753,1,-1,-1,-1
679,0,765,413,207,565,1,-1,-1,-1
680,4,470,204,310,764,1,-1,-1,-1
680,0,765,413,207,565,1,-1,-1,-1
681,4,502,204,310,764,1,-1,-1,-1
681,0,765,413,207,565,1,-1,-1,-1
682,4,522,204,310,764,1,-1,-1,-1
682,0,765,438,210,540,1,-1,-1,-1
683,4,522,204,323,778,1,-1,-1,-1
683,0,765,438,210,540,1,-1,-1,-1
684,4,552,204,323,778,1,-1,-1,-1
684,0,785,438,170,540,1,-1,-1,-1
685,4,566,191,333,791,1,-1,-1,-1
685,0,785,455,181,523,1,-1,-1,-1
686,4,566,191,333,791,1,-1,-1,-1
686,0,785,455,181,523,1,-1,-1,-1
687,4,566,191,333,791,1,-1,-1,-1
687,0,809,477,157,501,1,-1,-1,-1
688,4,611,191,333,791,1,-1,-1,-1
688,0,809,477,157,501,1,-1,-1,-1
689,4,659,191,333,791,1,-1,-1,-1
689,0,840,500,126,478,1,-1,-1,-1
690,4,694,191,333,791,1,-1,-1,-1
690,0,852,490,114,488,1,-1,-1,-1
691,4,705,191,346,791,1,-1,-1,-1
691,0,865,500,100,478,1,-1,-1,-1
692,4,706,191,383,791,1,-1,-1,-1
693,4,706,191,383,791,1,-1,-1,-1
694,4,706,191,383,791,1,-1,-1,-1
695,4,706,231,378,751,1,-1,-1,-1
696,4,707,231,378,751,1,-1,-1,-1
697,4,776,231,321,751,1,-1,-1,-1
698,4,803,231,321,751,1,-1,-1,-1
698,3,742,502,125,472,1,-1,-1,-1
699,4,802,231,321,751,1,-1,-1,-1
699,3,740,502,125,472,1,-1,-1,-1
700,4,834,231,321,751,1,-1,-1,-1
700,3,742,502,125,472,1,-1,-1,-1
701,4,835,231,321,751,1,-1,-1,-1
701,3,746,481,132,493,1,-1,-1,-1
702,4,834,231,321,751,1,-1,-1,-1
702,3,746,481,145,493,1,-1,-1,-1
703,4,834,276,328,706,1,-1,-1,-1
703,3,746,481,145,493,1,-1,-1,-1
704,4,860,274,328,706,1,-1,-1,-1
704,3,746,469,153,505,1,-1,-1,-1
705,4,876,274,328,715,1,-1,-1,-1
705,3,746,469,153,505,1,-1,-1,-1
706,4,891,274,328,715,1,-1,-1,-1
706,3,746,447,170,527,1,-1,-1,-1
707,4,905,274,328,715,1,-1,-1,-1
707,3,746,447,170,527,1,-1,-1,-1
708,4,918,274,328,715,1,-1,-1,-1
708,3,746,447,170,527,1,-1,-1,-1
709,4,918,274,328,715,1,-1,-1,-1
709,3,746,435,190,540,1,-1,-1,-1
710,4,939,302,317,686,1,-1,-1,-1
710,3,746,435,190,540,1,-1,-1,-1
711,4,939,302,317,686,1,-1,-1,-1
711,3,746,435,190,540,1,-1,-1,-1
712,4,966,319,286,670,1,-1,-1,-1
712,3,746,435,190,540,1,-1,-1,-1
713,4,966,319,286,670,1,-1,-1,-1
713,3,736,412,200,563,1,-1,-1,-1
714,4,966,319,286,670,1,-1,-1,-1
714,3,736,412,200,563,1,-1,-1,-1
715,4,966,319,286,670,1,-1,-1,-1
715,3,736,397,200,577,1,-1,-1,-1
716,4,966,319,286,670,1,-1,-1,-1
716,3,736,397,200,577,1,-1,-1,-1
717,4,966,319,286,670,1,-1,-1,-1
717,3,736,385,209,589,1,-1,-1,-1
718,4,1003,356,263,632,1,-1,-1,-1
718,3,736,366,218,608,1,-1,-1,-1
719,4,1003,356,263,632,1,-1,-1,-1
719,3,736,366,218,608,1,-1,-1,-1
720,4,1003,356,263,632,1,-1,-1,-1
720,3,736,366,218,608,1,-1,-1,-1
721,4,1003,356,263,632,1,-1,-1,-1
721,3,736,366,218,608,1,-1,-1,-1
722,4,1022,356,263,632,1,-1,-1,-1
722,3,737,343,231,631,1,-1,-1,-1
723,4,1022,356,263,632,1,-1,-1,-1
723,3,736,343,231,631,1,-1,-1,-1
724,4,1035,356,263,632,1,-1,-1,-1
724,3,681,292,286,682,1,-1,-1,-1
725,4,1043,383,264,606,1,-1,-1,-1
725,3,681,292,286,682,1,-1,-1,-1
726,4,1069,383,248,348,1,-1,-1,-1
726,3,681,292,286,682,1,-1,-1,-1
727,4,1069,383,248,348,1,-1,-1,-1
727,3,619,292,348,682,1,-1,-1,-1
728,4,1069,383,248,348,1,-1,-1,-1
728,3,619,292,348,707,1,-1,-1,-1
729,4,1069,383,248,348,1,-1,-1,-1
729,3,592,292,348,707,1,-1,-1,-1
730,4,1097,418,231,312,1,-1,-1,-1
730,3,592,292,348,707,1,-1,-1,-1
731,4,1097,418,231,312,1,-1,-1,-1
731,3,583,292,348,707,1,-1,-1,-1
732,4,1097,418,231,312,1,-1,-1,-1
732,3,583,292,348,707,1,-1,-1,-1
733,4,1097,418,231,312,1,-1,-1,-1
733,3,555,272,348,707,1,-1,-1,-1
734,4,1116,418,231,312,1,-1,-1,-1
734,3,490,272,348,707,1,-1,-1,-1
735,4,1116,418,231,312,1,-1,-1,-1
735,3,490,272,348,707,1,-1,-1,-1
736,4,1126,441,221,289,1,-1,-1,-1
736,3,406,272,348,707,1,-1,-1,-1
737,4,1126,441,221,289,1,-1,-1,-1
737,3,406,272,348,707,1,-1,-1,-1
738,4,1143,441,221,289,1,-1,-1,-1
738,3,392,272,348,707,1,-1,-1,-1
739,3,388,272,348,707,1,-1,-1,-1
740,1,1088,519,105,467,1,-1,-1,-1
740,3,370,272,348,707,1,-1,-1,-1
741,1,1088,518,117,468,1,-1,-1,-1
741,3,370,273,348,691,1,-1,-1,-1
742,1,1056,481,149,504,1,-1,-1,-1
742,3,351,273,310,691,1,-1,-1,-1
743,1,1028,470,177,515,1,-1,-1,-1
743,3,351,273,310,691,1,-1,-1,-1
744,1,1028,470,177,515,1,-1,-1,-1
744,3,351,273,310,691,1,-1,-1,-1
745,1,1006,466,199,520,1,-1,-1,-1
745,3,351,273,310,691,1,-1,-1,-1
746,1,996,466,199,520,1,-1,-1,-1
746,3,351,273,310,672,1,-1,-1,-1
747,1,996,466,199,520,1,-1,-1,-1
747,3,351,273,254,672,1,-1,-1,-1
748,1,996,466,199,520,1,-1,-1,-1
748,3,351,273,254,672,1,-1,-1,-1
749,0,736,577,94,385,1,-1,-1,-1
749,1,996,426,199,559,1,-1,-1,-1
749,3,351,273,254,672,1,-1,-1,-1
750,0,740,577,94,385,1,-1,-1,-1
750,1,996,426,199,559,1,-1,-1,-1
750,3,351,330,247,615,1,-1,-1,-1
751,0,733,578,114,385,1,-1,-1,-1
751,1,996,426,199,559,1,-1,-1,-1
751,3,351,330,226,615,1,-1,-1,-1
752,0,733,578,114,385,1,-1,-1,-1
752,1,996,426,199,559,1,-1,-1,-1
752,3,351,330,226,615,1,-1,-1,-1
753,0,733,578,114,385,1,-1,-1,-1
753,1,996,426,199,559,1,-1,-1,-1
753,3,351,330,226,615,1,-1,-1,-1
754,0,736,578,126,385,1,-1,-1,-1
754,1,998,408,174,577,1,-1,-1,-1
754,3,351,330,192,615,1,-1,-1,-1
755,0,736,578,126,385,1,-1,-1,-1
755,1,998,408,174,577,1,-1,-1,-1
755,3,351,330,192,615,1,-1,-1,-1
756,0,739,578,140,385,1,-1,-1,-1
756,1,998,408,174,577,1,-1,-1,-1
756,3,351,330,192,615,1,-1,-1,-1
757,0,739,578,140,385,1,-1,-1,-1
757,1,978,377,194,608,1,-1,-1,-1
758,0,739,578,158,385,1,-1,-1,-1
758,1,978,377,194,608,1,-1,-1,-1
759,0,739,578,158,385,1,-1,-1,-1
759,1,978,377,194,608,1,-1,-1,-1
760,0,739,578,158,385,1,-1,-1,-1
760,1,978,377,227,608,1,-1,-1,-1
761,0,739,578,158,385,1,-1,-1,-1
761,1,954,377,250,608,1,-1,-1,-1
762,0,739,578,158,385,1,-1,-1,-1
762,1,954,377,250,608,1,-1,-1,-1
763,0,753,578,158,385,1,-1,-1,-1
763,1,954,377,250,608,1,-1,-1,-1
764,0,763,578,158,385,1,-1,-1,-1
764,1,954,377,250,608,1,-1,-1,-1
765,0,765,578,158,385,1,-1,-1,-1
765,1,947,332,250,653,1,-1,-1,-1
766,0,769,578,158,385,1,-1,-1,-1
766,1,947,332,250,653,1,-1,-1,-1
767,0,769,578,158,385,1,-1,-1,-1
767,1,931,332,250,653,1,-1,-1,-1
768,0,769,578,158,385,1,-1,-1,-1
768,1,931,321,250,664,1,-1,-1,-1
769,0,778,578,149,385,1,-1,-1,-1
769,1,919,321,250,664,1,-1,-1,-1
770,0,777,578,150,385,1,-1,-1,-1
770,1,886,276,284,710,1,-1,-1,-1
771,0,788,578,139,385,1,-1,-1,-1
771,1,886,276,284,710,1,-1,-1,-1
772,0,788,578,122,385,1,-1,-1,-1
772,1,884,276,284,710,1,-1,-1,-1
773,0,792,578,118,385,1,-1,-1,-1
773,1,875,276,284,710,1,-1,-1,-1
774,1,853,254,306,732,1,-1,-1,-1
775,1,840,254,306,750,1,-1,-1,-1
776,1,817,233,318,771,1,-1,-1,-1
777,1,793,233,318,771,1,-1,-1,-1
778,1,793,215,318,781,1,-1,-1,-1
779,1,774,215,318,781,1,-1,-1,-1
780,1,757,194,334,802,1,-1,-1,-1
781,1,734,169,342,828,1,-1,-1,-1
782,1,692,136,358,861,1,-1,-1,-1
783,1,682,136,358,861,1,-1,-1,-1
784,1,665,136,358,861,1,-1,-1,-1
785,1,638,136,358,861,1,-1,-1,-1
786,1,497,95,498,902,1,-1,-1,-1
787,1,451,95,498,902,1,-1,-1,-1
788,1,451,95,498,902,1,-1,-1,-1
789,1,451,95,498,902,1,-1,-1,-1
790,1,451,67,498,929,1,-1,-1,-1
790,2,803,363,170,614,1,-1,-1,-1
791,1,451,67,498,929,1,-1,-1,-1
791,2,803,363,170,614,1,-1,-1,-1
792,1,451,67,406,929,1,-1,-1,-1
792,2,761,363,212,614,1,-1,-1,-1
793,1,450,46,374,950,1,-1,-1,-1
793,2,748,363,212,614,1,-1,-1,-1
794,1,451,33,348,963,1,-1,-1,-1
794,2,704,363,256,614,1,-1,-1,-1
795,1,391,33,398,963,1,-1,-1,-1
795,2,678,341,282,636,1,-1,-1,-1
796,1,310,23,454,961,1,-1,-1,-1
796,2,678,341,282,636,1,-1,-1,-1
797,1,189,23,555,947,1,-1,-1,-1
797,2,652,341,282,636,1,-1,-1,-1
798,1,189,7,555,963,1,-1,-1,-1
798,2,638,341,282,636,1,-1,-1,-1
799,1,143,7,555,963,1,-1,-1,-1
799,2,609,323,311,653,1,-1,-1,-1
800,0,798,462,164,501,1,-1,-1,-1
800,1,143,7,555,963,1,-1,-1,-1
800,2,649,323,254,653,1,-1,-1,-1
801,0,790,462,164,501,1,-1,-1,-1
801,1,143,7,513,963,1,-1,-1,-1
801,2,635,323,254,653,1,-1,-1,-1
802,0,774,465,178,501,1,-1,-1,-1
802,1,143,7,486,963,1,-1,-1,-1
802,2,597,301,291,675,1,-1,-1,-1
803,0,774,447,178,519,1,-1,-1,-1
803,1,143,7,465,963,1,-1,-1,-1
803,2,566,301,291,675,1,-1,-1,-1
804,0,756,447,195,529,1,-1,-1,-1
804,1,137,8,459,963,1,-1,-1,-1
804,2,536,301,291,675,1,-1,-1,-1
805,0,756,434,195,542,1,-1,-1,-1
805,1,143,8,422,936,1,-1,-1,-1
805,2,518,301,291,675,1,-1,-1,-1
806,0,732,434,216,542,1,-1,-1,-1
806,1,143,8,422,936,1,-1,-1,-1
806,2,518,301,291,675,1,-1,-1,-1
807,0,732,415,226,561,1,-1,-1,-1
807,1,143,8,398,936,1,-1,-1,-1
807,2,518,254,291,723,1,-1,-1,-1
808,0,732,415,226,561,1,-1,-1,-1
808,1,143,8,398,936,1,-1,-1,-1
808,2,471,254,291,723,1,-1,-1,-1
809,0,756,415,189,561,1,-1,-1,-1
809,1,98,8,387,936,1,-1,-1,-1
809,2,471,254,291,723,1,-1,-1,-1
810,0,756,415,235,561,1,-1,-1,-1
810,1,98,8,387,936,1,-1,-1,-1
810,2,471,254,291,723,1,-1,-1,-1
811,0,756,392,253,584,1,-1,-1,-1
811,1,75,8,387,936,1,-1,-1,-1
811,2,471,254,255,723,1,-1,-1,-1
812,0,756,392,253,584,1,-1,-1,-1
812,1,75,8,387,936,1,-1,-1,-1
812,2,454,254,255,723,1,-1,-1,-1
813,0,756,392,295,614,1,-1,-1,-1
813,1,75,8,352,936,1,-1,-1,-1
813,2,438,254,255,723,1,-1,-1,-1
814,0,756,392,295,614,1,-1,-1,-1
814,1,75,8,352,936,1,-1,-1,-1
814,2,438,254,255,723,1,-1,-1,-1
815,0,756,380,284,626,1,-1,-1,-1
815,2,474,254,200,723,1,-1,-1,-1
816,0,756,380,284,626,1,-1,-1,-1
816,2,448,335,200,641,1,-1,-1,-1
817,0,756,380,284,626,1,-1,-1,-1
817,2,448,335,200,641,1,-1,-1,-1
818,0,756,349,311,657,1,-1,-1,-1
818,2,436,335,200,641,1,-1,-1,-1
819,0,794,349,311,657,1,-1,-1,-1
819,2,427,335,200,641,1,-1,-1,-1
820,0,794,349,311,657,1,-1,-1,-1
820,2,418,335,200,641,1,-1,-1,-1
821,0,794,349,311,657,1,-1,-1,-1
821,2,406,335,200,641,1,-1,-1,-1
822,0,794,349,311,657,1,-1,-1,-1
822,2,390,335,210,641,1,-1,-1,-1
823,0,794,349,311,657,1,-1,-1,-1
823,2,350,350,239,584,1,-1,-1,-1
824,0,794,328,337,678,1,-1,-1,-1
824,2,332,350,239,584,1,-1,-1,-1
825,0,794,328,337,678,1,-1,-1,-1
825,2,343,350,228,584,1,-1,-1,-1
826,0,805,328,337,678,1,-1,-1,-1
826,2,343,350,193,584,1,-1,-1,-1
827,0,805,328,337,678,1,-1,-1,-1
827,2,343,385,173,548,1,-1,-1,-1
828,0,842,328,300,678,1,-1,-1,-1
828,2,343,385,173,548,1,-1,-1,-1
829,0,842,328,300,678,1,-1,-1,-1
829,2,343,385,173,548,1,-1,-1,-1
830,0,842,328,300,678,1,-1,-1,-1
831,0,864,328,300,678,1,-1,-1,-1
832,0,886,328,300,678,1,-1,-1,-1
833,0,914,328,300,678,1,-1,-1,-1
834,0,967,328,228,678,1,-1,-1,-1
835,0,986,376,228,611,1,-1,-1,-1
835,3,322,302,161,628,1,-1,-1,-1
836,0,1002,376,228,611,1,-1,-1,-1
836,3,343,302,161,628,1,-1,-1,-1
837,0,1013,376,228,611,1,-1,-1,-1
837,3,343,302,161,628,1,-1,-1,-1
838,0,1026,376,228,611,1,-1,-1,-1
838,3,343,302,195,628,1,-1,-1,-1
839,0,1036,376,228,611,1,-1,-1,-1
839,3,343,302,195,628,1,-1,-1,-1
840,0,1046,376,228,611,1,-1,-1,-1
840,3,343,302,195,628,1,-1,-1,-1
841,0,1067,376,228,611,1,-1,-1,-1
841,3,343,302,268,628,1,-1,-1,-1
842,0,1080,376,228,341,1,-1,-1,-1
842,3,343,302,275,652,1,-1,-1,-1
843,0,1080,376,228,341,1,-1,-1,-1
843,3,343,302,275,652,1,-1,-1,-1
844,0,1080,376,228,341,1,-1,-1,-1
844,3,344,302,275,652,1,-1,-1,-1
845,0,1108,424,209,294,1,-1,-1,-1
845,3,344,302,275,652,1,-1,-1,-1
846,0,1108,424,209,294,1,-1,-1,-1
846,3,375,281,327,673,1,-1,-1,-1
847,0,1141,447,175,270,1,-1,-1,-1
847,3,375,281,327,673,1,-1,-1,-1
848,0,1161,473,156,244,1,-1,-1,-1
848,3,439,281,327,673,1,-1,-1,-1
849,3,439,281,327,673,1,-1,-1,-1
850,3,439,281,327,673,1,-1,-1,-1
851,3,439,281,374,697,1,-1,-1,-1
852,3,439,281,374,697,1,-1,-1,-1
853,3,439,281,374,697,1,-1,-1,-1
854,3,439,281,374,697,1,-1,-1,-1
855,3,483,281,374,697,1,-1,-1,-1
856,3,484,281,374,697,1,-1,-1,-1
857,3,544,281,313,697,1,-1,-1,-1
858,3,602,275,277,704,1,-1,-1,-1
859,3,632,275,277,704,1,-1,-1,-1
860,3,649,275,277,704,1,-1,-1,-1
861,3,646,295,363,681,1,-1,-1,-1
862,3,647,295,413,681,1,-1,-1,-1
863,3,647,295,413,693,1,-1,-1,-1
864,3,663,295,413,693,1,-1,-1,-1
865,3,663,295,413,693,1,-1,-1,-1
866,3,716,295,413,693,1,-1,-1,-1
867,3,764,295,311,693,1,-1,-1,-1
868,3,817,295,282,693,1,-1,-1,-1
869,3,857,295,256,693,1,-1,-1,-1
870,3,871,295,271,693,1,-1,-1,-1
871,3,871,295,271,693,1,-1,-1,-1
872,3,893,335,271,652,1,-1,-1,-1
873,3,902,335,271,652,1,-1,-1,-1
874,3,916,335,271,652,1,-1,-1,-1
875,3,934,335,271,652,1,-1,-1,-1
876,3,934,387,280,600,1,-1,-1,-1
877,3,986,387,230,600,1,-1,-1,-1
878,3,1001,387,230,600,1,-1,-1,-1
879,3,1014,387,230,600,1,-1,-1,-1
880,3,1014,387,230,600,1,-1,-1,-1
881,3,1014,387,230,600,1,-1,-1,-1
882,3,1014,387,230,600,1,-1,-1,-1
883,3,1047,387,230,600,1,-1,-1,-1
884,3,1047,387,230,600,1,-1,-1,-1
885,3,1047,387,230,600,1,-1,-1,-1
886,3,1067,387,230,344,1,-1,-1,-1
887,3,1067,387,230,388,1,-1,-1,-1
888,3,1077,409,230,388,1,-1,-1,-1
889,3,1077,409,230,388,1,-1,-1,-1
890,3,1100,437,230,388,1,-1,-1,-1
891,3,1121,458,179,280,1,-1,-1,-1
892,3,1120,466,179,273,1,-1,-1,-1
893,3,1131,466,179,273,1,-1,-1,-1
894,3,1140,489,179,249,1,-1,-1,-1
895,3,1140,489,179,249,1,-1,-1,-1
896,3,1140,489,179,249,1,-1,-1,-1
914,1,110,2,289,919,1,-1,-1,-1
915,1,110,2,311,919,1,-1,-1,-1
916,1,110,2,311,919,1,-1,-1,-1
917,1,110,2,311,919,1,-1,-1,-1
918,1,110,2,337,919,1,-1,-1,-1
919,1,110,2,393,919,1,-1,-1,-1
920,1,110,2,393,919,1,-1,-1,-1
921,1,110,2,393,919,1,-1,-1,-1
922,1,110,2,459,919,1,-1,-1,-1
923,1,110,2,459,919,1,-1,-1,-1
924,1,110,2,459,919,1,-1,-1,-1
925,1,110,2,459,919,1,-1,-1,-1
926,1,110,2,459,919,1,-1,-1,-1
927,1,144,2,459,919,1,-1,-1,-1
928,1,144,2,459,919,1,-1,-1,-1
929,1,144,2,459,919,1,-1,-1,-1
930,1,199,2,420,919,1,-1,-1,-1
931,1,199,2,424,935,1,-1,-1,-1
932,1,199,2,413,960,1,-1,-1,-1
933,1,199,2,413,960,1,-1,-1,-1
934,1,199,2,409,960,1,-1,-1,-1
935,1,230,2,384,960,1,-1,-1,-1
936,1,230,2,370,960,1,-1,-1,-1
937,1,229,2,382,960,1,-1,-1,-1
938,1,268,2,345,960,1,-1,-1,-1
939,1,289,62,343,900,1,-1,-1,-1
940,1,300,62,343,900,1,-1,-1,-1
941,1,300,62,343,900,1,-1,-1,-1
942,1,300,62,343,900,1,-1,-1,-1
943,1,305,63,383,900,1,-1,-1,-1
944,1,305,63,383,900,1,-1,-1,-1
945,1,305,63,462,900,1,-1,-1,-1
946,1,305,63,462,900,1,-1,-1,-1
947,1,305,127,497,836,1,-1,-1,-1
948,1,305,127,498,855,1,-1,-1,-1
949,1,323,147,506,835,1,-1,-1,-1
950,1,355,147,506,835,1,-1,-1,-1
951,1,355,147,506,835,1,-1,-1,-1
951,2,378,320,159,647,1,-1,-1,-1
952,1,355,147,506,835,1,-1,-1,-1
952,2,378,320,175,647,1,-1,-1,-1
953,1,433,209,448,774,1,-1,-1,-1
953,2,378,320,201,647,1,-1,-1,-1
954,1,483,222,415,760,1,-1,-1,-1
954,2,378,320,224,647,1,-1,-1,-1
955,1,524,222,415,760,1,-1,-1,-1
955,2,384,320,224,647,1,-1,-1,-1
956,1,542,222,415,760,1,-1,-1,-1
956,2,384,320,242,647,1,-1,-1,-1
957,1,565,222,415,760,1,-1,-1,-1
957,2,384,320,242,647,1,-1,-1,-1
958,1,582,222,370,760,1,-1,-1,-1
958,2,384,320,242,647,1,-1,-1,-1
959,1,582,222,370,760,1,-1,-1,-1
959,2,384,320,242,647,1,-1,-1,-1
960,1,582,222,370,760,1,-1,-1,-1
960,2,384,320,242,647,1,-1,-1,-1
961,1,582,222,370,760,1,-1,-1,-1
961,2,384,320,242,647,1,-1,-1,-1
962,1,590,222,383,760,1,-1,-1,-1
962,2,384,320,242,647,1,-1,-1,-1
963,1,589,222,383,760,1,-1,-1,-1
963,2,384,320,242,647,1,-1,-1,-1
964,1,613,222,383,760,1,-1,-1,-1
964,2,377,284,242,664,1,-1,-1,-1
965,1,613,222,383,760,1,-1,-1,-1
965,2,346,284,273,664,1,-1,-1,-1
966,1,657,260,353,722,1,-1,-1,-1
966,2,346,284,273,664,1,-1,-1,-1
967,1,657,260,353,722,1,-1,-1,-1
967,2,332,284,273,664,1,-1,-1,-1
968,1,657,260,353,722,1,-1,-1,-1
968,2,321,277,284,671,1,-1,-1,-1
969,1,657,260,353,722,1,-1,-1,-1
969,2,320,264,284,684,1,-1,-1,-1
970,1,675,260,311,722,1,-1,-1,-1
970,2,296,246,300,702,1,-1,-1,-1
971,1,675,260,311,722,1,-1,-1,-1
971,2,296,246,300,702,1,-1,-1,-1
972,1,675,294,318,689,1,-1,-1,-1
972,2,296,246,300,702,1,-1,-1,-1
973,1,675,294,318,689,1,-1,-1,-1
973,2,278,214,318,734,1,-1,-1,-1
974,1,675,294,318,689,1,-1,-1,-1
974,2,278,214,318,734,1,-1,-1,-1
975,1,675,294,318,689,1,-1,-1,-1
975,2,278,214,318,734,1,-1,-1,-1
976,1,675,294,318,689,1,-1,-1,-1
976,2,278,214,318,734,1,-1,-1,-1
977,1,675,294,318,689,1,-1,-1,-1
977,2,278,195,316,753,1,-1,-1,-1
978,1,707,338,268,644,1,-1,-1,-1
978,2,278,195,316,753,1,-1,-1,-1
979,1,707,338,268,644,1,-1,-1,-1
979,2,278,195,316,753,1,-1,-1,-1
980,1,707,338,268,644,1,-1,-1,-1
980,2,318,195,316,753,1,-1,-1,-1
981,1,707,338,268,644,1,-1,-1,-1
981,2,318,195,316,753,1,-1,-1,-1
982,1,707,338,268,644,1,-1,-1,-1
982,2,318,195,316,753,1,-1,-1,-1
983,1,707,338,268,644,1,-1,-1,-1
983,2,318,179,349,769,1,-1,-1,-1
984,1,707,338,268,644,1,-1,-1,-1
984,2,318,179,349,769,1,-1,-1,-1
985,1,707,338,268,644,1,-1,-1,-1
985,2,318,179,349,769,1,-1,-1,-1
986,1,696,338,268,644,1,-1,-1,-1
986,2,318,156,383,792,1,-1,-1,-1
987,1,644,338,320,644,1,-1,-1,-1
987,2,318,156,383,792,1,-1,-1,-1
988,1,621,338,320,644,1,-1,-1,-1
988,2,318,156,383,792,1,-1,-1,-1
989,1,621,338,320,644,1,-1,-1,-1
989,2,394,156,312,792,1,-1,-1,-1
990,1,621,338,320,644,1,-1,-1,-1
990,2,394,138,335,810,1,-1,-1,-1
991,1,586,338,320,644,1,-1,-1,-1
991,2,394,117,307,831,1,-1,-1,-1
992,1,630,338,271,644,1,-1,-1,-1
992,2,394,117,307,853,1,-1,-1,-1
993,1,622,338,271,644,1,-1,-1,-1
993,2,394,117,328,845,1,-1,-1,-1
994,1,613,338,271,644,1,-1,-1,-1
994,2,395,105,348,865,1,-1,-1,-1
995,1,614,316,271,666,1,-1,-1,-1
995,2,395,87,373,883,1,-1,-1,-1
996,1,614,316,236,666,1,-1,-1,-1
996,2,424,87,351,883,1,-1,-1,-1
997,1,615,316,206,666,1,-1,-1,-1
997,2,445,67,355,903,1,-1,-1,-1
998,1,614,316,195,666,1,-1,-1,-1
998,2,445,67,355,903,1,-1,-1,-1
999,1,614,316,177,666,1,-1,-1,-1
999,2,458,67,355,903,1,-1,-1,-1
1000,2,458,67,355,903,1,-1,-1,-1
1001,2,458,67,355,903,1,-1,-1,-1
1002,2,481,67,355,903,1,-1,-1,-1
1003,2,481,67,355,903,1,-1,-1,-1
1004,2,471,67,398,922,1,-1,-1,-1
1005,1,444,312,297,653,1,-1,-1,-1
1005,2,477,67,398,922,1,-1,-1,-1
1006,1,444,312,249,653,1,-1,-1,-1
1006,2,477,136,398,854,1,-1,-1,-1
1007,1,444,312,249,653,1,-1,-1,-1
1007,2,477,136,398,854,1,-1,-1,-1
1008,1,412,312,271,653,1,-1,-1,-1
1008,2,517,136,398,854,1,-1,-1,-1
1009,1,401,312,271,653,1,-1,-1,-1
1009,2,517,136,398,854,1,-1,-1,-1
1010,1,384,312,271,653,1,-1,-1,-1
1010,2,586,136,398,854,1,-1,-1,-1
1011,1,380,312,271,653,1,-1,-1,-1
1011,2,586,136,398,854,1,-1,-1,-1
1012,1,317,339,334,617,1,-1,-1,-1
1012,2,678,136,268,854,1,-1,-1,-1
1013,1,317,339,314,617,1,-1,-1,-1
1013,2,678,136,268,854,1,-1,-1,-1
1014,1,317,339,314,617,1,-1,-1,-1
1014,2,687,180,326,810,1,-1,-1,-1
1015,1,343,339,269,602,1,-1,-1,-1
1015,2,708,223,364,767,1,-1,-1,-1
1016,1,343,339,243,602,1,-1,-1,-1
1016,2,708,223,364,767,1,-1,-1,-1
1017,1,343,339,228,602,1,-1,-1,-1
1017,2,712,223,383,767,1,-1,-1,-1
1018,1,343,339,213,602,1,-1,-1,-1
1018,2,731,223,364,767,1,-1,-1,-1
1019,1,343,339,189,602,1,-1,-1,-1
1019,2,730,223,364,767,1,-1,-1,-1
1020,1,343,339,189,602,1,-1,-1,-1
1020,2,730,223,364,767,1,-1,-1,-1
1021,1,333,356,189,563,1,-1,-1,-1
1021,2,807,223,309,767,1,-1,-1,-1
1022,1,333,356,169,563,1,-1,-1,-1
1022,2,841,223,309,767,1,-1,-1,-1
1023,1,333,356,161,563,1,-1,-1,-1
1023,2,854,223,309,767,1,-1,-1,-1
1024,2,854,268,305,722,1,-1,-1,-1
1025,2,894,268,305,722,1,-1,-1,-1
1026,2,894,268,305,722,1,-1,-1,-1
1027,2,894,268,305,722,1,-1,-1,-1
1028,2,894,324,305,665,1,-1,-1,-1
1029,2,894,324,305,665,1,-1,-1,-1
1030,2,960,324,204,665,1,-1,-1,-1
1031,2,960,324,256,665,1,-1,-1,-1
1032,2,960,324,256,665,1,-1,-1,-1
1033,2,960,324,256,665,1,-1,-1,-1
1034,2,960,324,256,665,1,-1,-1,-1
1035,2,972,375,258,615,1,-1,-1,-1
1036,2,972,375,258,615,1,-1,-1,-1
1037,2,972,375,258,615,1,-1,-1,-1
1038,2,972,375,258,615,1,-1,-1,-1
1039,2,1002,375,258,615,1,-1,-1,-1
1040,2,1002,375,258,615,1,-1,-1,-1
1041,2,1002,375,258,615,1,-1,-1,-1
1042,2,1047,409,284,580,1,-1,-1,-1
1043,2,1047,409,284,580,1,-1,-1,-1
1044,2,1047,409,284,580,1,-1,-1,-1
1045,2,1047,409,284,580,1,-1,-1,-1
1046,2,1047,409,284,580,1,-1,-1,-1
1047,2,1097,409,234,316,1,-1,-1,-1
1048,2,1097,409,234,316,1,-1,-1,-1
1049,2,1097,409,234,316,1,-1,-1,-1
1050,2,1097,409,234,316,1,-1,-1,-1
1051,2,1097,409,234,316,1,-1,-1,-1
