409,1,1128,552,161,171,1,-1,-1,-1
410,1,1117,552,161,171,1,-1,-1,-1
411,1,1108,520,170,203,1,-1,-1,-1
412,1,1103,520,174,337,1,-1,-1,-1
413,1,1084,516,195,363,1,-1,-1,-1
414,1,1052,490,227,390,1,-1,-1,-1
415,1,1050,490,227,353,1,-1,-1,-1
416,1,995,467,282,363,1,-1,-1,-1
417,1,995,467,282,363,1,-1,-1,-1
418,1,995,467,282,321,1,-1,-1,-1
419,1,995,449,282,339,1,-1,-1,-1
420,1,995,419,282,369,1,-1,-1,-1
421,1,995,419,282,456,1,-1,-1,-1
422,1,995,392,265,483,1,-1,-1,-1
423,1,995,392,265,483,1,-1,-1,-1
424,1,995,392,265,483,1,-1,-1,-1
425,1,964,392,265,483,1,-1,-1,-1
426,1,964,392,265,587,1,-1,-1,-1
427,1,964,392,265,587,1,-1,-1,-1
428,1,938,392,265,587,1,-1,-1,-1
429,1,862,392,341,587,1,-1,-1,-1
430,1,838,392,341,587,1,-1,-1,-1
431,1,838,392,341,587,1,-1,-1,-1
432,1,838,392,341,587,1,-1,-1,-1
433,1,838,392,341,607,1,-1,-1,-1
434,1,838,392,290,607,1,-1,-1,-1
435,1,881,392,210,607,1,-1,-1,-1
436,1,870,392,210,607,1,-1,-1,-1
437,1,834,392,245,607,1,-1,-1,-1
438,1,781,392,271,607,1,-1,-1,-1
439,1,781,392,271,607,1,-1,-1,-1
440,1,781,392,271,607,1,-1,-1,-1
441,1,765,392,271,607,1,-1,-1,-1
442,1,765,392,271,607,1,-1,-1,-1
443,1,765,392,271,607,1,-1,-1,-1
444,1,765,392,211,607,1,-1,-1,-1
445,1,765,392,211,607,1,-1,-1,-1
446,1,765,392,211,607,1,-1,-1,-1
447,1,765,392,211,607,1,-1,-1,-1
448,1,765,429,211,552,1,-1,-1,-1
449,1,765,429,211,552,1,-1,-1,-1
450,1,765,429,211,552,1,-1,-1,-1
451,1,765,429,211,552,1,-1,-1,-1
452,1,757,429,218,552,1,-1,-1,-1
453,1,757,429,218,552,1,-1,-1,-1
454,1,757,429,218,552,1,-1,-1,-1
455,1,757,429,218,552,1,-1,-1,-1
456,1,774,469,202,512,1,-1,-1,-1
457,1,774,469,188,512,1,-1,-1,-1
458,1,774,469,188,512,1,-1,-1,-1
459,1,774,469,188,512,1,-1,-1,-1
460,1,774,469,188,512,1,-1,-1,-1
461,1,774,469,188,512,1,-1,-1,-1
462,1,774,469,188,512,1,-1,-1,-1
463,1,774,469,188,512,1,-1,-1,-1
464,1,789,502,172,479,1,-1,-1,-1
465,1,789,502,172,479,1,-1,-1,-1
466,1,789,502,172,479,1,-1,-1,-1
467,1,789,502,172,479,1,-1,-1,-1
468,1,829,502,132,479,1,-1,-1,-1
469,1,829,502,132,479,1,-1,-1,-1
470,1,829,502,132,479,1,-1,-1,-1
471,1,829,502,132,479,1,-1,-1,-1
472,1,847,502,114,479,1,-1,-1,-1
473,1,847,502,114,479,1,-1,-1,-1
474,1,847,502,114,479,1,-1,-1,-1
475,1,878,502,83,479,1,-1,-1,-1
476,1,878,502,83,479,1,-1,-1,-1
477,1,878,502,83,479,1,-1,-1,-1
478,1,878,502,83,479,1,-1,-1,-1
479,1,863,502,98,479,1,-1,-1,-1
480,1,840,477,121,504,1,-1,-1,-1
481,1,840,477,121,504,1,-1,-1,-1
482,1,817,477,145,504,1,-1,-1,-1
483,1,783,477,178,504,1,-1,-1,-1
484,1,745,477,216,504,1,-1,-1,-1
485,1,745,477,216,504,1,-1,-1,-1
486,1,745,477,216,504,1,-1,-1,-1
487,1,745,456,216,525,1,-1,-1,-1
488,1,745,456,216,525,1,-1,-1,-1
489,1,745,456,216,525,1,-1,-1,-1
490,1,745,456,216,525,1,-1,-1,-1
491,1,745,434,216,547,1,-1,-1,-1
492,1,745,434,216,547,1,-1,-1,-1
493,1,745,434,216,547,1,-1,-1,-1
494,1,745,434,216,547,1,-1,-1,-1
495,1,745,434,216,547,1,-1,-1,-1
496,1,745,401,216,580,1,-1,-1,-1
497,1,745,401,216,580,1,-1,-1,-1
498,1,745,401,216,580,1,-1,-1,-1
499,1,745,401,230,580,1,-1,-1,-1
500,1,745,371,230,610,1,-1,-1,-1
501,1,745,371,230,610,1,-1,-1,-1
502,1,710,339,265,642,1,-1,-1,-1
503,1,710,339,265,642,1,-1,-1,-1
504,1,710,339,265,642,1,-1,-1,-1
505,1,685,339,265,642,1,-1,-1,-1
506,1,679,339,265,642,1,-1,-1,-1
507,1,630,341,313,640,1,-1,-1,-1
508,1,622,295,321,686,1,-1,-1,-1
509,1,622,295,321,686,1,-1,-1,-1
510,1,622,295,321,686,1,-1,-1,-1
511,1,608,295,321,686,1,-1,-1,-1
512,1,548,308,358,673,1,-1,-1,-1
513,1,548,308,358,673,1,-1,-1,-1
514,1,547,279,301,702,1,-1,-1,-1
515,1,508,254,341,727,1,-1,-1,-1
516,1,455,254,341,727,1,-1,-1,-1
517,1,472,254,276,727,1,-1,-1,-1
518,1,472,254,276,727,1,-1,-1,-1
519,1,447,254,276,727,1,-1,-1,-1
520,1,432,254,276,727,1,-1,-1,-1
521,1,433,299,281,682,1,-1,-1,-1
522,1,401,299,313,663,1,-1,-1,-1
523,1,358,299,313,663,1,-1,-1,-1
524,1,361,299,269,663,1,-1,-1,-1
525,1,361,299,269,663,1,-1,-1,-1
526,1,336,299,269,663,1,-1,-1,-1
527,1,340,299,249,646,1,-1,-1,-1
528,1,340,299,249,646,1,-1,-1,-1
529,1,340,299,231,646,1,-1,-1,-1
530,1,340,313,206,631,1,-1,-1,-1
531,1,340,313,206,631,1,-1,-1,-1
532,1,340,313,206,631,1,-1,-1,-1
533,1,340,313,161,631,1,-1,-1,-1
534,1,340,313,161,631,1,-1,-1,-1
535,1,340,313,161,631,1,-1,-1,-1
577,1,339,333,122,593,1,-1,-1,-1
578,1,349,333,122,593,1,-1,-1,-1
579,1,349,333,157,593,1,-1,-1,-1
580,1,349,333,157,593,1,-1,-1,-1
581,1,349,333,157,593,1,-1,-1,-1
582,1,349,333,206,593,1,-1,-1,-1
583,1,349,333,200,616,1,-1,-1,-1
584,1,349,333,221,616,1,-1,-1,-1
585,1,359,333,221,616,1,-1,-1,-1
586,1,359,310,265,639,1,-1,-1,-1
587,1,359,310,265,639,1,-1,-1,-1
588,1,359,310,265,639,1,-1,-1,-1
589,1,402,310,265,639,1,-1,-1,-1
590,1,337,310,330,639,1,-1,-1,-1
591,1,337,280,382,669,1,-1,-1,-1
592,1,359,280,364,669,1,-1,-1,-1
593,1,359,280,364,669,1,-1,-1,-1
594,1,359,250,362,698,1,-1,-1,-1
595,1,385,250,348,698,1,-1,-1,-1
596,1,405,250,348,698,1,-1,-1,-1
597,1,405,250,348,711,1,-1,-1,-1
598,1,460,250,260,711,1,-1,-1,-1
599,1,470,250,309,711,1,-1,-1,-1
600,1,470,250,420,733,1,-1,-1,-1
601,1,479,250,420,733,1,-1,-1,-1
602,1,479,250,420,733,1,-1,-1,-1
603,1,479,250,420,733,1,-1,-1,-1
604,1,479,250,420,733,1,-1,-1,-1
605,1,540,250,420,733,1,-1,-1,-1
606,1,540,289,420,694,1,-1,-1,-1
607,1,651,289,309,694,1,-1,-1,-1
608,1,651,289,309,694,1,-1,-1,-1
609,1,682,289,309,694,1,-1,-1,-1
610,1,682,289,309,694,1,-1,-1,-1
611,1,682,289,406,694,1,-1,-1,-1
612,1,682,289,406,694,1,-1,-1,-1
613,1,682,289,406,694,1,-1,-1,-1
614,1,682,289,406,694,1,-1,-1,-1
615,1,682,289,406,694,1,-1,-1,-1
616,1,682,289,406,694,1,-1,-1,-1
617,1,698,265,406,718,1,-1,-1,-1
618,1,698,265,406,718,1,-1,-1,-1
619,1,698,265,406,718,1,-1,-1,-1
620,1,698,265,406,718,1,-1,-1,-1
621,1,726,265,382,739,1,-1,-1,-1
622,1,726,265,382,739,1,-1,-1,-1
623,1,776,222,332,782,1,-1,-1,-1
624,1,793,222,332,782,1,-1,-1,-1
625,1,793,222,332,782,1,-1,-1,-1
626,1,793,222,332,782,1,-1,-1,-1
627,1,775,222,367,782,1,-1,-1,-1
628,1,775,222,367,782,1,-1,-1,-1
629,1,775,222,367,782,1,-1,-1,-1
630,1,745,222,397,782,1,-1,-1,-1
631,1,745,222,397,782,1,-1,-1,-1
632,1,745,222,397,782,1,-1,-1,-1
633,1,745,222,397,782,1,-1,-1,-1
634,1,745,222,397,782,1,-1,-1,-1
635,1,745,222,397,782,1,-1,-1,-1
636,1,813,222,329,782,1,-1,-1,-1
637,1,825,222,329,782,1,-1,-1,-1
638,1,835,222,329,782,1,-1,-1,-1
639,1,845,222,329,782,1,-1,-1,-1
640,1,845,222,329,782,1,-1,-1,-1
641,1,845,222,329,782,1,-1,-1,-1
642,1,768,222,406,782,1,-1,-1,-1
643,1,768,222,406,782,1,-1,-1,-1
644,1,768,222,406,782,1,-1,-1,-1
645,1,768,222,406,782,1,-1,-1,-1
646,1,768,222,406,782,1,-1,-1,-1
647,1,768,222,406,782,1,-1,-1,-1
648,1,768,222,406,782,1,-1,-1,-1
649,1,782,222,406,782,1,-1,-1,-1
650,1,782,222,406,782,1,-1,-1,-1
651,1,782,222,406,782,1,-1,-1,-1
652,1,782,211,406,793,1,-1,-1,-1
653,1,782,211,406,793,1,-1,-1,-1
654,1,782,211,406,793,1,-1,-1,-1
655,1,782,211,406,793,1,-1,-1,-1
656,1,782,211,406,793,1,-1,-1,-1
657,1,782,211,406,793,1,-1,-1,-1
658,1,782,211,406,793,1,-1,-1,-1
659,1,782,211,406,793,1,-1,-1,-1
660,1,782,211,406,793,1,-1,-1,-1
661,1,782,211,406,793,1,-1,-1,-1
662,1,782,211,406,793,1,-1,-1,-1
663,1,782,211,406,793,1,-1,-1,-1
664,1,782,211,406,793,1,-1,-1,-1
665,1,782,211,406,793,1,-1,-1,-1
666,1,782,211,406,793,1,-1,-1,-1
667,1,782,211,406,793,1,-1,-1,-1
668,1,782,211,406,793,1,-1,-1,-1
669,1,782,211,406,793,1,-1,-1,-1
670,1,782,211,406,793,1,-1,-1,-1
671,1,800,211,388,793,1,-1,-1,-1
672,1,800,211,388,793,1,-1,-1,-1
673,1,800,186,388,818,1,-1,-1,-1
674,1,800,186,388,818,1,-1,-1,-1
675,1,800,186,388,818,1,-1,-1,-1
676,1,800,186,388,818,1,-1,-1,-1
677,1,800,186,388,818,1,-1,-1,-1
678,1,800,186,388,818,1,-1,-1,-1
679,1,800,186,388,818,1,-1,-1,-1
680,1,800,186,388,818,1,-1,-1,-1
681,1,800,186,388,818,1,-1,-1,-1
682,1,800,186,388,818,1,-1,-1,-1
683,1,800,186,388,818,1,-1,-1,-1
684,1,800,186,388,818,1,-1,-1,-1
685,1,800,186,388,818,1,-1,-1,-1
686,1,800,186,388,818,1,-1,-1,-1
687,1,800,186,388,818,1,-1,-1,-1
688,1,800,186,388,818,1,-1,-1,-1
689,1,800,186,388,818,1,-1,-1,-1
690,1,800,186,388,818,1,-1,-1,-1
691,1,800,186,388,818,1,-1,-1,-1
692,1,800,186,388,818,1,-1,-1,-1
693,1,800,186,388,818,1,-1,-1,-1
694,1,800,186,388,818,1,-1,-1,-1
695,1,800,186,388,818,1,-1,-1,-1
696,1,800,186,388,818,1,-1,-1,-1
697,1,800,186,388,818,1,-1,-1,-1
698,1,800,186,388,818,1,-1,-1,-1
699,1,800,186,388,818,1,-1,-1,-1
700,1,800,186,388,818,1,-1,-1,-1
701,1,800,186,388,818,1,-1,-1,-1
702,1,800,186,388,818,1,-1,-1,-1
703,1,800,186,363,818,1,-1,-1,-1
704,1,800,186,363,818,1,-1,-1,-1
705,1,800,186,363,818,1,-1,-1,-1
706,1,800,186,363,818,1,-1,-1,-1
707,1,823,205,340,799,1,-1,-1,-1
708,1,823,205,340,799,1,-1,-1,-1
709,1,823,205,340,799,1,-1,-1,-1
710,1,823,205,340,799,1,-1,-1,-1
711,1,823,205,340,799,1,-1,-1,-1
712,1,823,205,340,799,1,-1,-1,-1
713,1,823,205,340,799,1,-1,-1,-1
714,1,823,205,340,799,1,-1,-1,-1
715,1,823,205,340,799,1,-1,-1,-1
716,1,823,205,340,799,1,-1,-1,-1
717,1,823,205,340,799,1,-1,-1,-1
718,1,823,205,340,799,1,-1,-1,-1
719,1,823,205,340,799,1,-1,-1,-1
720,1,823,205,340,799,1,-1,-1,-1
721,1,823,205,340,799,1,-1,-1,-1
722,1,823,205,340,799,1,-1,-1,-1
723,1,823,205,340,799,1,-1,-1,-1
724,1,823,205,340,799,1,-1,-1,-1
725,1,823,205,340,799,1,-1,-1,-1
726,1,823,205,340,799,1,-1,-1,-1
727,1,823,205,340,799,1,-1,-1,-1
728,1,823,205,340,799,1,-1,-1,-1
729,1,835,205,340,799,1,-1,-1,-1
730,1,835,205,340,799,1,-1,-1,-1
731,1,835,205,340,799,1,-1,-1,-1
732,1,835,205,340,799,1,-1,-1,-1
733,1,835,205,340,799,1,-1,-1,-1
734,1,835,205,340,799,1,-1,-1,-1
735,1,835,205,340,799,1,-1,-1,-1
736,1,835,205,340,799,1,-1,-1,-1
737,1,835,205,340,799,1,-1,-1,-1
738,1,835,205,340,799,1,-1,-1,-1
739,1,835,205,340,799,1,-1,-1,-1
740,1,835,205,340,799,1,-1,-1,-1
741,1,835,205,340,799,1,-1,-1,-1
742,1,835,205,340,799,1,-1,-1,-1
743,1,835,205,340,799,1,-1,-1,-1
744,1,835,205,340,799,1,-1,-1,-1
745,1,835,205,340,799,1,-1,-1,-1
746,1,835,205,340,799,1,-1,-1,-1
747,1,835,205,340,799,1,-1,-1,-1
748,1,842,205,340,799,1,-1,-1,-1
749,1,835,205,340,799,1,-1,-1,-1
750,1,835,205,340,799,1,-1,-1,-1
751,1,835,205,340,799,1,-1,-1,-1
752,1,835,205,340,799,1,-1,-1,-1
753,1,835,205,340,799,1,-1,-1,-1
754,1,835,204,349,800,1,-1,-1,-1
755,1,835,204,349,800,1,-1,-1,-1
756,1,835,204,349,800,1,-1,-1,-1
757,1,857,237,342,767,1,-1,-1,-1
758,1,857,237,342,767,1,-1,-1,-1
759,1,857,237,342,767,1,-1,-1,-1
760,1,857,237,342,767,1,-1,-1,-1
761,1,857,237,342,767,1,-1,-1,-1
762,1,857,237,342,767,1,-1,-1,-1
763,1,868,237,342,767,1,-1,-1,-1
764,1,868,237,342,767,1,-1,-1,-1
765,1,868,237,342,767,1,-1,-1,-1
766,1,868,237,342,767,1,-1,-1,-1
767,1,868,237,342,767,1,-1,-1,-1
768,1,868,237,342,767,1,-1,-1,-1
769,1,868,237,342,767,1,-1,-1,-1
770,1,868,237,342,767,1,-1,-1,-1
771,1,868,237,342,767,1,-1,-1,-1
772,1,868,237,342,767,1,-1,-1,-1
773,1,868,237,342,767,1,-1,-1,-1
774,1,868,237,342,767,1,-1,-1,-1
775,1,868,237,342,767,1,-1,-1,-1
776,1,868,237,342,767,1,-1,-1,-1
777,1,868,237,342,767,1,-1,-1,-1
778,1,849,237,342,767,1,-1,-1,-1
779,1,849,237,342,767,1,-1,-1,-1
780,1,838,237,342,767,1,-1,-1,-1
781,1,838,257,342,747,1,-1,-1,-1
782,1,838,257,342,747,1,-1,-1,-1
783,1,838,257,342,747,1,-1,-1,-1
784,1,861,257,342,747,1,-1,-1,-1
785,1,861,257,342,747,1,-1,-1,-1
786,1,905,257,342,747,1,-1,-1,-1
787,1,905,257,342,747,1,-1,-1,-1
788,1,905,257,342,747,1,-1,-1,-1
789,1,905,257,342,747,1,-1,-1,-1
790,1,941,305,342,700,1,-1,-1,-1
791,1,941,305,342,700,1,-1,-1,-1
792,1,941,305,342,700,1,-1,-1,-1
793,1,978,305,342,700,1,-1,-1,-1
794,1,978,305,342,700,1,-1,-1,-1
795,1,978,305,342,700,1,-1,-1,-1
796,1,978,305,342,700,1,-1,-1,-1
797,1,978,305,342,700,1,-1,-1,-1
798,1,978,305,342,700,1,-1,-1,-1
799,1,978,361,305,643,1,-1,-1,-1
800,1,978,361,305,643,1,-1,-1,-1
801,1,978,361,305,643,1,-1,-1,-1
802,1,978,361,305,643,1,-1,-1,-1
803,1,978,361,305,643,1,-1,-1,-1
804,1,1015,361,290,643,1,-1,-1,-1
805,1,1015,361,290,643,1,-1,-1,-1
806,1,1015,361,290,643,1,-1,-1,-1
807,1,1015,404,290,600,1,-1,-1,-1
808,1,1015,404,290,600,1,-1,-1,-1
809,1,1066,404,241,330,1,-1,-1,-1
810,1,1066,404,241,330,1,-1,-1,-1
811,1,1079,404,241,330,1,-1,-1,-1
812,1,1104,404,241,330,1,-1,-1,-1
813,1,1105,440,241,294,1,-1,-1,-1
814,1,1105,440,241,294,1,-1,-1,-1
815,1,1127,463,218,270,1,-1,-1,-1
816,1,1140,463,218,270,1,-1,-1,-1
725,2,1159,543,138,195,1,-1,-1,-1
726,2,1132,543,138,195,1,-1,-1,-1
727,2,1132,532,138,206,1,-1,-1,-1
728,2,1116,532,124,308,1,-1,-1,-1
729,2,1111,498,124,342,1,-1,-1,-1
730,2,1111,498,124,342,1,-1,-1,-1
731,2,1111,498,124,342,1,-1,-1,-1
732,2,1105,465,124,514,1,-1,-1,-1
747,2,742,317,189,668,1,-1,-1,-1
748,2,672,317,269,668,1,-1,-1,-1
749,2,597,317,344,668,1,-1,-1,-1
750,2,597,317,344,668,1,-1,-1,-1
751,2,597,317,344,668,1,-1,-1,-1
752,2,547,268,394,716,1,-1,-1,-1
753,2,472,268,394,716,1,-1,-1,-1
754,2,474,214,392,770,1,-1,-1,-1
755,2,538,214,328,770,1,-1,-1,-1
756,2,491,214,328,770,1,-1,-1,-1
757,2,473,214,328,770,1,-1,-1,-1
758,2,408,214,393,770,1,-1,-1,-1
759,2,408,214,393,770,1,-1,-1,-1
760,2,370,214,393,770,1,-1,-1,-1
761,2,367,192,393,770,1,-1,-1,-1
762,2,334,192,393,770,1,-1,-1,-1
763,2,334,192,393,770,1,-1,-1,-1
764,2,299,192,393,770,1,-1,-1,-1
765,2,249,159,442,803,1,-1,-1,-1
766,2,238,159,442,803,1,-1,-1,-1
767,2,238,159,442,803,1,-1,-1,-1
768,2,216,113,442,850,1,-1,-1,-1
769,2,216,113,442,850,1,-1,-1,-1
770,2,216,113,442,850,1,-1,-1,-1
771,2,216,78,442,884,1,-1,-1,-1
772,2,216,78,442,884,1,-1,-1,-1
773,2,216,78,442,884,1,-1,-1,-1
774,2,216,78,442,884,1,-1,-1,-1
775,2,216,78,442,884,1,-1,-1,-1
776,2,216,78,442,884,1,-1,-1,-1
777,2,216,78,472,884,1,-1,-1,-1
778,2,216,78,472,884,1,-1,-1,-1
779,2,216,46,499,916,1,-1,-1,-1
780,2,216,46,499,916,1,-1,-1,-1
781,2,216,46,499,946,1,-1,-1,-1
782,2,216,46,499,946,1,-1,-1,-1
783,2,326,46,398,946,1,-1,-1,-1
784,2,365,46,398,946,1,-1,-1,-1
785,2,365,8,422,984,1,-1,-1,-1
786,2,365,8,422,984,1,-1,-1,-1
787,2,365,8,422,984,1,-1,-1,-1
788,2,365,8,422,984,1,-1,-1,-1
789,2,365,8,422,984,1,-1,-1,-1
790,2,451,8,422,984,1,-1,-1,-1
791,2,451,8,422,984,1,-1,-1,-1
792,2,451,8,422,984,1,-1,-1,-1
793,2,451,8,422,984,1,-1,-1,-1
794,2,477,8,422,984,1,-1,-1,-1
795,2,477,8,422,984,1,-1,-1,-1
796,2,477,8,422,984,1,-1,-1,-1
797,2,477,66,434,926,1,-1,-1,-1
798,2,477,66,434,926,1,-1,-1,-1
799,2,477,66,434,926,1,-1,-1,-1
800,2,477,110,415,882,1,-1,-1,-1
801,2,477,110,415,882,1,-1,-1,-1
802,2,477,110,415,882,1,-1,-1,-1
803,2,435,110,415,882,1,-1,-1,-1
804,2,435,110,415,882,1,-1,-1,-1
805,2,435,110,415,882,1,-1,-1,-1
806,2,435,110,415,882,1,-1,-1,-1
807,2,435,110,415,882,1,-1,-1,-1
808,2,386,201,424,791,1,-1,-1,-1
809,2,386,201,424,791,1,-1,-1,-1
810,2,386,201,424,791,1,-1,-1,-1
811,2,386,201,424,791,1,-1,-1,-1
812,2,466,201,344,791,1,-1,-1,-1
813,2,466,201,344,791,1,-1,-1,-1
814,2,466,201,344,791,1,-1,-1,-1
815,2,466,201,344,791,1,-1,-1,-1
816,2,466,201,344,791,1,-1,-1,-1
817,2,466,201,344,791,1,-1,-1,-1
818,2,466,267,344,725,1,-1,-1,-1
819,2,466,267,344,725,1,-1,-1,-1
820,2,466,267,344,725,1,-1,-1,-1
821,2,466,267,344,725,1,-1,-1,-1
822,2,466,267,344,725,1,-1,-1,-1
823,2,466,267,344,725,1,-1,-1,-1
824,2,466,267,344,725,1,-1,-1,-1
825,2,466,267,344,725,1,-1,-1,-1
826,2,466,267,344,725,1,-1,-1,-1
827,2,466,267,344,725,1,-1,-1,-1
828,2,466,267,344,725,1,-1,-1,-1
829,2,466,267,344,725,1,-1,-1,-1
830,2,466,267,344,725,1,-1,-1,-1
831,2,466,267,344,725,1,-1,-1,-1
832,2,466,267,344,725,1,-1,-1,-1
833,2,466,267,344,725,1,-1,-1,-1
834,2,466,267,344,725,1,-1,-1,-1
835,2,466,267,344,725,1,-1,-1,-1
836,2,466,267,344,725,1,-1,-1,-1
837,2,466,267,344,725,1,-1,-1,-1
838,2,466,267,344,725,1,-1,-1,-1
839,2,469,252,344,726,1,-1,-1,-1
840,2,469,252,344,726,1,-1,-1,-1
841,2,469,252,344,726,1,-1,-1,-1
842,2,469,252,344,726,1,-1,-1,-1
843,2,495,252,391,726,1,-1,-1,-1
844,2,495,252,391,737,1,-1,-1,-1
845,2,499,252,391,737,1,-1,-1,-1
846,2,524,252,391,737,1,-1,-1,-1
847,2,583,252,353,737,1,-1,-1,-1
848,2,632,252,313,737,1,-1,-1,-1
849,2,685,252,277,737,1,-1,-1,-1
850,2,685,273,292,716,1,-1,-1,-1
851,2,704,273,292,716,1,-1,-1,-1
852,2,738,273,259,716,1,-1,-1,-1
853,2,739,273,257,716,1,-1,-1,-1
854,2,750,316,246,673,1,-1,-1,-1
855,2,750,316,246,673,1,-1,-1,-1
856,2,750,316,246,673,1,-1,-1,-1
857,2,750,316,246,673,1,-1,-1,-1
858,2,750,316,246,673,1,-1,-1,-1
859,2,750,316,246,673,1,-1,-1,-1
860,2,750,316,246,673,1,-1,-1,-1
861,2,750,316,246,673,1,-1,-1,-1
862,2,758,316,238,673,1,-1,-1,-1
863,2,761,393,213,596,1,-1,-1,-1
864,2,761,393,213,596,1,-1,-1,-1
865,2,761,423,213,566,1,-1,-1,-1
866,2,761,423,213,566,1,-1,-1,-1
867,2,761,423,213,566,1,-1,-1,-1
868,2,761,423,213,566,1,-1,-1,-1
869,2,761,423,213,566,1,-1,-1,-1
870,2,761,423,213,566,1,-1,-1,-1
871,2,761,423,213,566,1,-1,-1,-1
872,2,761,423,213,566,1,-1,-1,-1
873,2,761,471,200,518,1,-1,-1,-1
874,2,752,471,200,518,1,-1,-1,-1
875,2,752,471,200,518,1,-1,-1,-1
876,2,779,471,173,518,1,-1,-1,-1
877,2,778,471,173,518,1,-1,-1,-1
878,2,778,481,173,508,1,-1,-1,-1
904,2,726,607,119,360,1,-1,-1,-1
905,2,726,607,119,360,1,-1,-1,-1
906,2,726,607,119,360,1,-1,-1,-1
907,2,726,607,119,360,1,-1,-1,-1
908,2,726,607,119,360,1,-1,-1,-1
909,2,726,607,119,360,1,-1,-1,-1
916,2,761,636,84,171,1,-1,-1,-1
917,2,727,636,117,248,1,-1,-1,-1
918,2,728,636,157,294,1,-1,-1,-1
919,2,746,636,157,294,1,-1,-1,-1
920,2,748,636,154,320,1,-1,-1,-1
921,2,748,636,154,320,1,-1,-1,-1
922,2,811,636,92,218,1,-1,-1,-1
923,2,811,636,136,218,1,-1,-1,-1
924,2,811,636,136,218,1,-1,-1,-1
925,2,811,636,136,218,1,-1,-1,-1
926,2,811,636,136,218,1,-1,-1,-1
927,2,811,636,136,218,1,-1,-1,-1
928,2,825,636,136,218,1,-1,-1,-1
929,2,868,636,103,218,1,-1,-1,-1
930,2,868,636,103,218,1,-1,-1,-1
931,2,868,636,103,218,1,-1,-1,-1
932,2,868,636,103,218,1,-1,-1,-1
933,2,868,636,103,218,1,-1,-1,-1
934,2,868,636,103,218,1,-1,-1,-1
935,2,868,636,103,218,1,-1,-1,-1
936,2,868,636,103,218,1,-1,-1,-1
955,2,868,636,103,218,1,-1,-1,-1
956,2,868,636,103,218,1,-1,-1,-1
957,2,868,636,103,218,1,-1,-1,-1
958,2,868,636,103,218,1,-1,-1,-1
959,2,868,636,103,218,1,-1,-1,-1
960,2,868,636,103,218,1,-1,-1,-1
961,2,847,636,103,218,1,-1,-1,-1
962,2,837,636,103,218,1,-1,-1,-1
963,2,836,636,103,218,1,-1,-1,-1
964,2,819,636,103,218,1,-1,-1,-1
965,2,819,636,103,218,1,-1,-1,-1
966,2,802,636,103,218,1,-1,-1,-1
967,2,766,636,139,238,1,-1,-1,-1
968,2,766,636,139,238,1,-1,-1,-1
969,2,761,636,143,250,1,-1,-1,-1
970,2,739,636,143,324,1,-1,-1,-1
971,2,739,636,143,324,1,-1,-1,-1
972,2,739,636,143,324,1,-1,-1,-1
973,2,739,636,126,324,1,-1,-1,-1
974,2,739,636,126,324,1,-1,-1,-1
975,2,739,636,126,324,1,-1,-1,-1
976,2,739,636,126,324,1,-1,-1,-1
977,2,739,636,126,324,1,-1,-1,-1
978,2,739,636,126,324,1,-1,-1,-1
979,2,739,636,126,324,1,-1,-1,-1
980,2,739,602,126,358,1,-1,-1,-1
981,2,739,602,126,358,1,-1,-1,-1
982,2,739,602,126,358,1,-1,-1,-1
998,2,735,576,126,396,1,-1,-1,-1
999,2,735,576,126,396,1,-1,-1,-1
1000,2,735,576,126,396,1,-1,-1,-1
1001,2,735,565,126,407,1,-1,-1,-1
1002,2,735,565,126,407,1,-1,-1,-1
1003,2,743,547,124,425,1,-1,-1,-1
1014,2,743,519,146,454,1,-1,-1,-1
1015,2,743,519,146,454,1,-1,-1,-1
1016,2,743,506,177,466,1,-1,-1,-1
1017,2,743,506,177,466,1,-1,-1,-1
1018,2,743,493,162,479,1,-1,-1,-1
1019,2,743,493,162,479,1,-1,-1,-1
1020,2,743,463,162,509,1,-1,-1,-1
1021,2,743,463,162,509,1,-1,-1,-1
1022,2,743,463,162,509,1,-1,-1,-1
1023,2,743,463,162,509,1,-1,-1,-1
1024,2,743,463,162,509,1,-1,-1,-1
1025,2,743,463,162,509,1,-1,-1,-1
1026,2,743,455,180,527,1,-1,-1,-1
1027,2,743,455,180,527,1,-1,-1,-1
1028,2,744,427,189,555,1,-1,-1,-1
1029,2,743,427,189,555,1,-1,-1,-1
1030,2,743,427,189,555,1,-1,-1,-1
1031,2,743,390,189,593,1,-1,-1,-1
1032,2,750,390,189,593,1,-1,-1,-1
1033,2,750,390,189,593,1,-1,-1,-1
1034,2,750,390,189,593,1,-1,-1,-1
1035,2,750,390,189,593,1,-1,-1,-1
1036,2,693,390,246,593,1,-1,-1,-1
1037,2,693,335,246,647,1,-1,-1,-1
1038,2,693,335,246,647,1,-1,-1,-1
1039,2,693,335,246,647,1,-1,-1,-1
1040,2,693,335,246,647,1,-1,-1,-1
1041,2,693,335,246,647,1,-1,-1,-1
1042,2,634,310,305,672,1,-1,-1,-1
1043,2,621,310,305,672,1,-1,-1,-1
1044,2,604,310,305,672,1,-1,-1,-1
1045,2,592,310,305,672,1,-1,-1,-1
1046,2,570,294,305,689,1,-1,-1,-1
1047,2,562,266,305,716,1,-1,-1,-1
1048,2,520,266,305,716,1,-1,-1,-1
1049,2,520,266,305,716,1,-1,-1,-1
1050,2,481,266,305,716,1,-1,-1,-1
1051,2,481,266,305,716,1,-1,-1,-1
1052,2,468,266,305,716,1,-1,-1,-1
1053,2,468,266,305,716,1,-1,-1,-1
1054,2,468,297,305,685,1,-1,-1,-1
1055,2,431,297,305,685,1,-1,-1,-1
1056,2,393,297,305,665,1,-1,-1,-1
1057,2,384,297,267,665,1,-1,-1,-1
1058,2,384,297,267,665,1,-1,-1,-1
1059,2,343,297,267,665,1,-1,-1,-1
1060,2,343,297,267,665,1,-1,-1,-1
1061,2,343,297,267,665,1,-1,-1,-1
1062,2,343,297,267,665,1,-1,-1,-1
1063,2,343,297,267,665,1,-1,-1,-1
1064,2,343,297,221,665,1,-1,-1,-1
1065,2,343,330,195,632,1,-1,-1,-1
1066,2,343,330,195,632,1,-1,-1,-1
1067,2,344,330,148,632,1,-1,-1,-1
1129,2,343,330,148,607,1,-1,-1,-1
1130,2,343,330,148,607,1,-1,-1,-1
1131,2,343,330,148,607,1,-1,-1,-1
1132,2,347,330,148,607,1,-1,-1,-1
1133,2,346,313,190,623,1,-1,-1,-1
1134,2,346,313,190,623,1,-1,-1,-1
1135,2,346,297,278,640,1,-1,-1,-1
1136,2,346,297,318,682,1,-1,-1,-1
1137,2,346,297,318,682,1,-1,-1,-1
1138,2,346,297,318,682,1,-1,-1,-1
1139,2,393,297,318,682,1,-1,-1,-1
1140,2,393,297,318,682,1,-1,-1,-1
1141,2,398,297,318,682,1,-1,-1,-1
1142,2,398,297,318,682,1,-1,-1,-1
1143,2,430,246,375,733,1,-1,-1,-1
1144,2,430,246,375,733,1,-1,-1,-1
1145,2,430,246,375,733,1,-1,-1,-1
1146,2,491,246,375,733,1,-1,-1,-1
1147,2,491,246,375,733,1,-1,-1,-1
1148,2,491,246,375,733,1,-1,-1,-1
1149,2,491,246,375,733,1,-1,-1,-1
1150,2,491,246,375,733,1,-1,-1,-1
1151,2,491,246,375,733,1,-1,-1,-1
1152,2,536,246,375,733,1,-1,-1,-1
1153,2,536,246,375,733,1,-1,-1,-1
1154,2,536,246,375,733,1,-1,-1,-1
1155,2,618,246,302,733,1,-1,-1,-1
1156,2,641,246,302,733,1,-1,-1,-1
1157,2,641,246,302,733,1,-1,-1,-1
1158,2,680,246,302,733,1,-1,-1,-1
1159,2,680,246,302,733,1,-1,-1,-1
1160,2,691,246,302,733,1,-1,-1,-1
1161,2,691,246,302,733,1,-1,-1,-1
1162,2,691,246,302,733,1,-1,-1,-1
1163,2,706,246,302,733,1,-1,-1,-1
1164,2,726,246,302,733,1,-1,-1,-1
1165,2,749,246,302,733,1,-1,-1,-1
1166,2,784,246,302,733,1,-1,-1,-1
1167,2,784,246,302,733,1,-1,-1,-1
1168,2,836,326,274,653,1,-1,-1,-1
1169,2,836,326,274,653,1,-1,-1,-1
1170,2,854,326,274,653,1,-1,-1,-1
1171,2,854,326,287,668,1,-1,-1,-1
1172,2,854,326,287,668,1,-1,-1,-1
1173,2,874,343,267,650,1,-1,-1,-1
1174,2,874,343,267,650,1,-1,-1,-1
1175,2,909,343,267,650,1,-1,-1,-1
1176,2,909,343,267,650,1,-1,-1,-1
1177,2,909,343,267,650,1,-1,-1,-1
1178,2,972,343,204,650,1,-1,-1,-1
1179,2,972,343,204,650,1,-1,-1,-1
1180,2,972,343,244,650,1,-1,-1,-1
1181,2,972,343,244,650,1,-1,-1,-1
1182,2,1018,390,198,604,1,-1,-1,-1
1183,2,1018,390,198,604,1,-1,-1,-1
1184,2,1037,390,198,604,1,-1,-1,-1
1185,2,1037,390,198,604,1,-1,-1,-1
1186,2,1037,390,198,604,1,-1,-1,-1
1187,2,1064,423,171,570,1,-1,-1,-1
1188,2,1064,423,171,570,1,-1,-1,-1
1189,2,1064,423,213,570,1,-1,-1,-1
1190,2,1064,423,213,570,1,-1,-1,-1
1191,2,1064,423,213,307,1,-1,-1,-1
1192,2,1112,423,164,305,1,-1,-1,-1
1193,2,1112,423,164,305,1,-1,-1,-1
1194,2,1112,474,164,253,1,-1,-1,-1
1195,2,1112,474,202,277,1,-1,-1,-1
1196,2,1112,474,202,277,1,-1,-1,-1
1197,2,1112,474,202,277,1,-1,-1,-1
1198,2,1156,474,158,277,1,-1,-1,-1
1199,2,1156,474,158,277,1,-1,-1,-1
1200,2,1156,474,158,277,1,-1,-1,-1
666,3,1166,568,137,167,1,-1,-1,-1
667,3,1144,568,137,167,1,-1,-1,-1
668,3,1144,568,137,167,1,-1,-1,-1
669,3,1144,568,137,167,1,-1,-1,-1
670,3,1143,567,138,168,1,-1,-1,-1
671,3,1143,536,138,199,1,-1,-1,-1
672,3,1143,511,138,224,1,-1,-1,-1
673,3,1116,493,166,242,1,-1,-1,-1
674,3,1116,457,166,278,1,-1,-1,-1
675,3,1116,457,166,278,1,-1,-1,-1
689,3,710,333,204,633,1,-1,-1,-1
690,3,634,333,279,633,1,-1,-1,-1
691,3,621,333,279,633,1,-1,-1,-1
692,3,650,333,279,633,1,-1,-1,-1
693,3,644,260,279,706,1,-1,-1,-1
694,3,577,260,327,748,1,-1,-1,-1
695,3,625,260,218,748,1,-1,-1,-1
696,3,589,279,218,698,1,-1,-1,-1
697,3,503,279,305,698,1,-1,-1,-1
698,3,476,279,305,698,1,-1,-1,-1
699,3,475,279,305,698,1,-1,-1,-1
700,3,451,279,305,698,1,-1,-1,-1
701,3,460,332,275,646,1,-1,-1,-1
702,3,449,313,275,646,1,-1,-1,-1
703,3,424,313,275,646,1,-1,-1,-1
704,3,408,313,275,646,1,-1,-1,-1
705,3,391,313,275,646,1,-1,-1,-1
706,3,354,313,289,646,1,-1,-1,-1
707,3,337,356,307,585,1,-1,-1,-1
708,3,340,356,270,585,1,-1,-1,-1
709,3,340,356,253,585,1,-1,-1,-1
710,3,340,356,230,585,1,-1,-1,-1
711,3,340,356,210,585,1,-1,-1,-1
712,3,340,356,210,585,1,-1,-1,-1
713,3,340,356,186,585,1,-1,-1,-1
714,3,340,356,186,585,1,-1,-1,-1
715,3,340,356,186,585,1,-1,-1,-1
716,3,340,356,186,585,1,-1,-1,-1
840,3,345,391,127,537,1,-1,-1,-1
841,3,361,391,127,537,1,-1,-1,-1
842,3,332,391,156,537,1,-1,-1,-1
843,3,332,391,199,537,1,-1,-1,-1
844,3,332,391,199,537,1,-1,-1,-1
845,3,332,361,220,567,1,-1,-1,-1
846,3,332,361,220,567,1,-1,-1,-1
847,3,332,361,220,567,1,-1,-1,-1
848,3,332,361,220,567,1,-1,-1,-1
849,3,332,361,220,567,1,-1,-1,-1
850,3,332,326,273,602,1,-1,-1,-1
851,3,359,326,221,602,1,-1,-1,-1
852,3,359,326,221,602,1,-1,-1,-1
853,3,359,288,278,640,1,-1,-1,-1
854,3,363,292,278,669,1,-1,-1,-1
855,3,363,292,278,669,1,-1,-1,-1
856,3,363,292,278,669,1,-1,-1,-1
857,3,363,292,278,669,1,-1,-1,-1
858,3,363,292,278,669,1,-1,-1,-1
859,3,380,254,318,707,1,-1,-1,-1
860,3,380,254,318,707,1,-1,-1,-1
861,3,380,254,318,707,1,-1,-1,-1
862,3,403,254,318,707,1,-1,-1,-1
863,3,403,254,318,707,1,-1,-1,-1
864,3,450,254,265,707,1,-1,-1,-1
865,3,450,254,311,707,1,-1,-1,-1
866,3,450,254,311,707,1,-1,-1,-1
867,3,450,254,311,707,1,-1,-1,-1
868,3,451,254,361,733,1,-1,-1,-1
869,3,467,254,361,738,1,-1,-1,-1
870,3,503,254,314,733,1,-1,-1,-1
871,3,521,254,314,733,1,-1,-1,-1
872,3,546,254,314,733,1,-1,-1,-1
873,3,546,254,314,733,1,-1,-1,-1
874,3,588,254,255,733,1,-1,-1,-1
875,3,597,254,255,733,1,-1,-1,-1
876,3,597,309,277,678,1,-1,-1,-1
877,3,604,309,277,678,1,-1,-1,-1
878,3,622,309,277,678,1,-1,-1,-1
879,3,622,309,277,678,1,-1,-1,-1
880,3,622,309,277,678,1,-1,-1,-1
881,3,683,346,235,640,1,-1,-1,-1
882,3,683,346,235,640,1,-1,-1,-1
883,3,711,346,235,640,1,-1,-1,-1
884,3,710,346,235,640,1,-1,-1,-1
885,3,710,346,235,640,1,-1,-1,-1
886,3,727,392,230,595,1,-1,-1,-1
887,3,727,392,230,595,1,-1,-1,-1
888,3,735,392,230,587,1,-1,-1,-1
889,3,735,392,230,587,1,-1,-1,-1
890,3,735,392,230,587,1,-1,-1,-1
891,3,735,392,230,587,1,-1,-1,-1
892,3,735,415,230,564,1,-1,-1,-1
893,3,735,424,230,555,1,-1,-1,-1
894,3,735,438,230,541,1,-1,-1,-1
895,3,735,442,230,536,1,-1,-1,-1
896,3,735,449,230,530,1,-1,-1,-1
897,3,762,466,202,513,1,-1,-1,-1
898,3,762,468,202,511,1,-1,-1,-1
899,3,762,476,202,503,1,-1,-1,-1
900,3,761,487,202,492,1,-1,-1,-1
901,3,761,487,182,492,1,-1,-1,-1
902,3,785,487,159,492,1,-1,-1,-1
903,3,785,487,159,492,1,-1,-1,-1
904,3,794,540,149,439,1,-1,-1,-1
1070,3,809,536,158,430,1,-1,-1,-1
1071,3,809,536,158,430,1,-1,-1,-1
1072,3,809,536,158,430,1,-1,-1,-1
1073,3,809,536,158,430,1,-1,-1,-1
1074,3,809,536,158,430,1,-1,-1,-1
1075,3,809,536,158,430,1,-1,-1,-1
1076,3,790,523,177,452,1,-1,-1,-1
1077,3,778,523,177,452,1,-1,-1,-1
1078,3,778,523,177,452,1,-1,-1,-1
1079,3,778,523,177,452,1,-1,-1,-1
1080,3,778,523,177,452,1,-1,-1,-1
1081,3,778,523,177,452,1,-1,-1,-1
1082,3,778,523,177,452,1,-1,-1,-1
1083,3,778,523,177,452,1,-1,-1,-1
1084,3,778,523,177,452,1,-1,-1,-1
1085,3,778,523,177,452,1,-1,-1,-1
1086,3,778,523,177,452,1,-1,-1,-1
1087,3,765,523,177,452,1,-1,-1,-1
1088,3,765,523,177,452,1,-1,-1,-1
1089,3,765,523,177,452,1,-1,-1,-1
1090,3,765,523,177,452,1,-1,-1,-1
1091,3,765,523,177,452,1,-1,-1,-1
1092,3,765,523,177,452,1,-1,-1,-1
1093,3,765,523,177,452,1,-1,-1,-1
1094,3,765,523,177,452,1,-1,-1,-1
1095,3,765,523,177,452,1,-1,-1,-1
1096,3,765,523,177,452,1,-1,-1,-1
1097,3,765,523,177,452,1,-1,-1,-1
1098,3,765,523,177,452,1,-1,-1,-1
1099,3,765,523,177,452,1,-1,-1,-1
1100,3,774,523,177,452,1,-1,-1,-1
1101,3,774,523,177,452,1,-1,-1,-1
1102,3,774,523,177,452,1,-1,-1,-1
1103,3,774,523,177,452,1,-1,-1,-1
1104,3,774,523,177,452,1,-1,-1,-1
1105,3,774,523,177,452,1,-1,-1,-1
1106,3,774,523,177,452,1,-1,-1,-1
1107,3,774,523,177,452,1,-1,-1,-1
1108,3,774,523,177,452,1,-1,-1,-1
1109,3,774,523,177,452,1,-1,-1,-1
1110,3,774,523,177,452,1,-1,-1,-1
1111,3,774,523,177,452,1,-1,-1,-1
1112,3,774,523,177,452,1,-1,-1,-1
1113,3,774,523,177,452,1,-1,-1,-1
1114,3,774,523,177,452,1,-1,-1,-1
1115,3,774,523,177,452,1,-1,-1,-1
1116,3,774,523,177,452,1,-1,-1,-1
1117,3,774,523,177,452,1,-1,-1,-1
1118,3,774,523,177,452,1,-1,-1,-1
1119,3,774,523,177,452,1,-1,-1,-1
1120,3,774,523,177,452,1,-1,-1,-1
1121,3,774,479,177,497,1,-1,-1,-1
1122,3,774,479,177,497,1,-1,-1,-1
1123,3,774,479,198,497,1,-1,-1,-1
1124,3,774,479,198,497,1,-1,-1,-1
1125,3,774,479,198,497,1,-1,-1,-1
1126,3,774,479,198,497,1,-1,-1,-1
1127,3,774,479,198,497,1,-1,-1,-1
1128,3,774,479,198,497,1,-1,-1,-1
1129,3,774,479,198,497,1,-1,-1,-1
1130,3,774,479,198,497,1,-1,-1,-1
1131,3,745,445,226,531,1,-1,-1,-1
1132,3,745,445,226,531,1,-1,-1,-1
1133,3,745,445,226,531,1,-1,-1,-1
1134,3,745,445,226,531,1,-1,-1,-1
1135,3,745,445,226,531,1,-1,-1,-1
1136,3,745,434,243,542,1,-1,-1,-1
1137,3,745,434,243,542,1,-1,-1,-1
1138,3,776,434,243,542,1,-1,-1,-1
1139,3,780,434,243,542,1,-1,-1,-1
1140,3,780,434,255,559,1,-1,-1,-1
1141,3,780,434,282,559,1,-1,-1,-1
1142,3,780,434,282,559,1,-1,-1,-1
1143,3,808,434,282,559,1,-1,-1,-1
1144,3,865,434,282,559,1,-1,-1,-1
1145,3,865,434,282,559,1,-1,-1,-1
1146,3,909,434,238,559,1,-1,-1,-1
1147,3,909,434,238,559,1,-1,-1,-1
1148,3,910,434,238,559,1,-1,-1,-1
1149,3,909,434,238,559,1,-1,-1,-1
1150,3,909,434,269,559,1,-1,-1,-1
1151,3,948,434,269,559,1,-1,-1,-1
1152,3,948,434,269,559,1,-1,-1,-1
1153,3,1027,434,212,559,1,-1,-1,-1
1154,3,1027,434,212,559,1,-1,-1,-1
1155,3,1027,434,212,559,1,-1,-1,-1
1156,3,1033,480,212,513,1,-1,-1,-1
1157,3,1055,487,212,506,1,-1,-1,-1
1158,3,1055,487,212,506,1,-1,-1,-1
1159,3,1056,487,212,316,1,-1,-1,-1
1160,3,1097,531,166,296,1,-1,-1,-1
1161,3,1097,531,166,296,1,-1,-1,-1
1162,3,1097,531,181,296,1,-1,-1,-1
868,4,1114,513,191,226,1,-1,-1,-1
869,4,1102,501,191,226,1,-1,-1,-1
870,4,1102,501,191,226,1,-1,-1,-1
871,4,1088,480,205,247,1,-1,-1,-1
872,4,1088,480,205,247,1,-1,-1,-1
873,4,1088,458,205,269,1,-1,-1,-1
874,4,1088,458,205,269,1,-1,-1,-1
875,4,1088,458,205,269,1,-1,-1,-1
876,4,1088,458,205,269,1,-1,-1,-1
877,4,1088,433,205,295,1,-1,-1,-1
878,4,1088,433,205,295,1,-1,-1,-1
879,4,1088,393,205,334,1,-1,-1,-1
880,4,1088,393,205,334,1,-1,-1,-1
881,4,1088,393,205,334,1,-1,-1,-1
882,4,1074,393,220,487,1,-1,-1,-1
883,4,1074,361,220,519,1,-1,-1,-1
884,4,1062,360,244,622,1,-1,-1,-1
885,4,1062,360,244,622,1,-1,-1,-1
886,4,991,360,287,622,1,-1,-1,-1
887,4,991,360,287,622,1,-1,-1,-1
888,4,958,360,320,622,1,-1,-1,-1
889,4,958,360,320,622,1,-1,-1,-1
890,4,958,360,320,622,1,-1,-1,-1
891,4,968,360,263,626,1,-1,-1,-1
892,4,968,360,263,626,1,-1,-1,-1
893,4,945,328,286,658,1,-1,-1,-1
894,4,903,328,286,658,1,-1,-1,-1
895,4,929,328,259,658,1,-1,-1,-1
896,4,929,328,259,658,1,-1,-1,-1
897,4,889,328,259,658,1,-1,-1,-1
898,4,888,328,259,658,1,-1,-1,-1
899,4,888,328,259,658,1,-1,-1,-1
900,4,855,306,292,694,1,-1,-1,-1
901,4,855,306,292,694,1,-1,-1,-1
902,4,843,306,271,694,1,-1,-1,-1
903,4,844,289,271,711,1,-1,-1,-1
904,4,797,266,318,734,1,-1,-1,-1
905,4,797,266,318,734,1,-1,-1,-1
906,4,779,266,296,734,1,-1,-1,-1
907,4,754,248,321,751,1,-1,-1,-1
908,4,720,248,321,751,1,-1,-1,-1
909,4,664,224,360,776,1,-1,-1,-1
910,4,609,210,404,790,1,-1,-1,-1
911,4,609,210,404,790,1,-1,-1,-1
912,4,609,210,404,790,1,-1,-1,-1
913,4,609,210,404,790,1,-1,-1,-1
914,4,609,210,404,790,1,-1,-1,-1
915,4,531,210,404,790,1,-1,-1,-1
916,4,531,250,346,749,1,-1,-1,-1
917,4,531,250,346,749,1,-1,-1,-1
918,4,462,250,346,749,1,-1,-1,-1
919,4,425,250,346,749,1,-1,-1,-1
920,4,419,250,346,749,1,-1,-1,-1
921,4,419,250,346,724,1,-1,-1,-1
922,4,409,250,346,724,1,-1,-1,-1
923,4,398,250,346,724,1,-1,-1,-1
924,4,375,250,346,724,1,-1,-1,-1
925,4,346,250,346,724,1,-1,-1,-1
926,4,346,250,346,698,1,-1,-1,-1
927,4,346,250,321,698,1,-1,-1,-1
928,4,346,250,321,698,1,-1,-1,-1
929,4,346,250,300,698,1,-1,-1,-1
930,4,346,250,300,698,1,-1,-1,-1
931,4,346,300,275,649,1,-1,-1,-1
932,4,346,300,275,649,1,-1,-1,-1
933,4,346,300,275,649,1,-1,-1,-1
934,4,346,300,275,638,1,-1,-1,-1
935,4,346,300,275,638,1,-1,-1,-1
936,4,346,331,244,607,1,-1,-1,-1
937,4,346,331,244,607,1,-1,-1,-1
938,4,346,331,244,607,1,-1,-1,-1
939,4,346,331,222,607,1,-1,-1,-1
940,4,346,331,222,607,1,-1,-1,-1
941,4,346,331,222,607,1,-1,-1,-1
942,4,346,331,201,607,1,-1,-1,-1
943,4,346,331,201,607,1,-1,-1,-1
944,4,346,331,180,607,1,-1,-1,-1
945,4,346,331,180,607,1,-1,-1,-1
977,4,346,331,156,607,1,-1,-1,-1
978,4,348,331,156,607,1,-1,-1,-1
979,4,348,331,156,607,1,-1,-1,-1
980,4,348,331,182,607,1,-1,-1,-1
981,4,348,331,182,607,1,-1,-1,-1
982,4,355,331,182,607,1,-1,-1,-1
983,4,337,331,221,607,1,-1,-1,-1
984,4,337,309,257,629,1,-1,-1,-1
985,4,337,309,257,629,1,-1,-1,-1
986,4,337,309,257,629,1,-1,-1,-1
987,4,337,309,257,629,1,-1,-1,-1
988,4,337,309,257,629,1,-1,-1,-1
989,4,353,309,274,647,1,-1,-1,-1
990,4,374,309,274,647,1,-1,-1,-1
991,4,374,271,323,684,1,-1,-1,-1
992,4,374,271,323,684,1,-1,-1,-1
993,4,374,271,323,684,1,-1,-1,-1
994,4,437,271,323,684,1,-1,-1,-1
995,4,437,271,323,684,1,-1,-1,-1
996,4,435,294,323,684,1,-1,-1,-1
997,4,446,271,316,705,1,-1,-1,-1
998,4,446,301,335,675,1,-1,-1,-1
999,4,465,301,335,675,1,-1,-1,-1
1000,4,490,323,335,653,1,-1,-1,-1
1001,4,519,323,335,653,1,-1,-1,-1
1002,4,595,323,258,653,1,-1,-1,-1
1003,4,618,323,258,653,1,-1,-1,-1
1004,4,630,323,258,653,1,-1,-1,-1
1005,4,639,323,258,653,1,-1,-1,-1
1006,4,639,323,359,653,1,-1,-1,-1
1007,4,639,323,359,653,1,-1,-1,-1
1008,4,639,323,359,653,1,-1,-1,-1
1009,4,639,323,378,664,1,-1,-1,-1
1010,4,639,323,378,664,1,-1,-1,-1
1011,4,682,323,378,664,1,-1,-1,-1
1012,4,682,323,378,664,1,-1,-1,-1
1013,4,754,323,303,664,1,-1,-1,-1
1014,4,754,323,303,664,1,-1,-1,-1
1015,4,825,323,303,664,1,-1,-1,-1
1016,4,825,323,303,664,1,-1,-1,-1
1017,4,852,323,269,664,1,-1,-1,-1
1018,4,852,323,269,664,1,-1,-1,-1
1019,4,852,323,269,664,1,-1,-1,-1
1020,4,852,323,269,664,1,-1,-1,-1
1021,4,852,323,269,664,1,-1,-1,-1
1022,4,852,323,269,664,1,-1,-1,-1
1023,4,883,323,238,664,1,-1,-1,-1
1024,4,901,323,238,664,1,-1,-1,-1
1025,4,902,367,252,620,1,-1,-1,-1
1026,4,902,367,252,620,1,-1,-1,-1
1027,4,902,367,252,620,1,-1,-1,-1
1028,4,902,367,252,620,1,-1,-1,-1
1029,4,902,367,252,620,1,-1,-1,-1
1030,4,950,388,238,599,1,-1,-1,-1
1031,4,950,388,238,599,1,-1,-1,-1
1032,4,950,388,238,599,1,-1,-1,-1
1033,4,972,388,238,599,1,-1,-1,-1
1034,4,972,388,238,599,1,-1,-1,-1
1035,4,993,413,252,575,1,-1,-1,-1
1036,4,993,413,252,575,1,-1,-1,-1
1037,4,993,413,252,575,1,-1,-1,-1
1038,4,1032,413,252,575,1,-1,-1,-1
1039,4,1032,413,252,575,1,-1,-1,-1
1040,4,1032,413,252,575,1,-1,-1,-1
1041,4,1065,434,206,342,1,-1,-1,-1
1042,4,1075,434,206,342,1,-1,-1,-1
1043,4,1075,434,206,342,1,-1,-1,-1
1044,4,1082,462,199,313,1,-1,-1,-1
1045,4,1082,462,199,313,1,-1,-1,-1
1046,4,1103,495,178,280,1,-1,-1,-1
1047,4,1103,495,178,280,1,-1,-1,-1
1048,4,1103,495,178,280,1,-1,-1,-1
1049,4,1103,495,178,280,1,-1,-1,-1
1050,4,1103,495,178,280,1,-1,-1,-1
1051,4,1103,495,178,280,1,-1,-1,-1
1051,4,1127,534,178,194,1,-1,-1,-1
1052,4,1127,534,178,194,1,-1,-1,-1
1053,4,1127,534,178,194,1,-1,-1,-1
