626,1,224,98,276,542,1,-1,-1,-1
627,1,240,97,292,542,1,-1,-1,-1
628,1,240,97,314,542,1,-1,-1,-1
629,1,240,97,335,555,1,-1,-1,-1
630,1,240,97,354,964,1,-1,-1,-1
631,1,240,97,366,964,1,-1,-1,-1
632,1,240,97,380,964,1,-1,-1,-1
633,1,252,103,376,976,1,-1,-1,-1
634,1,263,103,376,976,1,-1,-1,-1
635,1,286,103,376,976,1,-1,-1,-1
636,1,303,103,376,976,1,-1,-1,-1
637,1,333,103,376,976,1,-1,-1,-1
638,1,353,103,376,976,1,-1,-1,-1
639,1,392,103,376,976,1,-1,-1,-1
640,1,408,94,389,985,1,-1,-1,-1
641,1,447,94,389,985,1,-1,-1,-1
642,1,457,94,411,985,1,-1,-1,-1
643,1,481,80,411,999,1,-1,-1,-1
644,1,500,80,411,999,1,-1,-1,-1
645,1,526,80,411,999,1,-1,-1,-1
646,1,547,80,419,999,1,-1,-1,-1
647,1,557,80,411,999,1,-1,-1,-1
648,1,591,68,411,1011,1,-1,-1,-1
649,1,612,48,466,1031,1,-1,-1,-1
650,1,646,27,476,1051,1,-1,-1,-1
651,1,676,27,476,1051,1,-1,-1,-1
652,1,698,16,476,1063,1,-1,-1,-1
653,1,746,16,493,1063,1,-1,-1,-1
654,1,779,16,493,1063,1,-1,-1,-1
655,1,798,17,496,1063,1,-1,-1,-1
656,1,830,16,493,1063,1,-1,-1,-1
657,1,856,16,493,1063,1,-1,-1,-1
658,1,888,16,505,1063,1,-1,-1,-1
659,1,910,16,493,1063,1,-1,-1,-1
660,1,933,16,493,1063,1,-1,-1,-1
661,1,974,16,493,1063,1,-1,-1,-1
662,1,1019,16,477,1063,1,-1,-1,-1
663,1,1089,16,457,1063,1,-1,-1,-1
664,1,1110,16,457,1063,1,-1,-1,-1
665,1,1142,43,457,1035,1,-1,-1,-1
666,1,1158,43,457,1035,1,-1,-1,-1
667,1,1175,43,457,1035,1,-1,-1,-1
668,1,1191,64,457,1015,1,-1,-1,-1
669,1,1217,75,457,1003,1,-1,-1,-1
670,1,1263,82,438,996,1,-1,-1,-1
671,1,1298,82,409,996,1,-1,-1,-1
672,1,1298,82,438,996,1,-1,-1,-1
673,1,1334,93,395,986,1,-1,-1,-1
674,1,1356,93,373,986,1,-1,-1,-1
675,1,1362,110,387,969,1,-1,-1,-1
676,1,1385,110,387,969,1,-1,-1,-1
677,1,1413,133,374,946,1,-1,-1,-1
678,1,1424,129,369,950,1,-1,-1,-1
679,1,1430,150,379,928,1,-1,-1,-1
680,1,1446,165,363,914,1,-1,-1,-1
681,1,1444,169,350,909,1,-1,-1,-1
682,1,1444,169,350,909,1,-1,-1,-1
683,1,1444,179,350,899,1,-1,-1,-1
684,1,1444,181,350,898,1,-1,-1,-1
685,1,1453,191,330,888,1,-1,-1,-1
686,1,1453,191,330,888,1,-1,-1,-1
687,1,1453,213,330,866,1,-1,-1,-1
688,1,1465,223,318,844,1,-1,-1,-1
689,1,1465,223,318,844,1,-1,-1,-1
690,1,1465,223,318,844,1,-1,-1,-1
691,1,1465,246,318,821,1,-1,-1,-1
692,1,1465,246,318,821,1,-1,-1,-1
693,1,1483,257,288,810,1,-1,-1,-1
694,1,1483,267,288,800,1,-1,-1,-1
695,1,1483,267,288,798,1,-1,-1,-1
696,1,1504,275,276,759,1,-1,-1,-1
697,1,1504,275,276,753,1,-1,-1,-1
698,1,1504,288,267,724,1,-1,-1,-1
699,1,1511,288,260,714,1,-1,-1,-1
700,1,1522,308,236,687,1,-1,-1,-1
701,1,1522,308,230,687,1,-1,-1,-1
702,1,1515,308,221,677,1,-1,-1,-1
703,1,1512,321,221,667,1,-1,-1,-1
704,1,1508,327,217,653,1,-1,-1,-1
705,1,1502,327,217,653,1,-1,-1,-1
706,1,1491,327,217,653,1,-1,-1,-1
707,1,1485,335,217,622,1,-1,-1,-1
708,1,1476,335,217,616,1,-1,-1,-1
709,1,1465,338,217,612,1,-1,-1,-1
710,1,1465,347,217,603,1,-1,-1,-1
711,1,1459,348,217,597,1,-1,-1,-1
712,1,1454,354,217,596,1,-1,-1,-1
713,1,1452,354,217,596,1,-1,-1,-1
714,1,1449,354,217,596,1,-1,-1,-1
715,1,1449,364,207,571,1,-1,-1,-1
716,1,1449,364,197,574,1,-1,-1,-1
717,1,1452,373,187,557,1,-1,-1,-1
718,1,1452,373,187,557,1,-1,-1,-1
719,1,1462,373,165,545,1,-1,-1,-1
720,1,1462,385,156,533,1,-1,-1,-1
721,1,1459,385,156,533,1,-1,-1,-1
722,1,1455,385,156,533,1,-1,-1,-1
723,1,1457,385,147,533,1,-1,-1,-1
724,1,1456,385,133,533,1,-1,-1,-1
725,1,1449,385,133,533,1,-1,-1,-1
726,1,1452,385,123,533,1,-1,-1,-1
727,1,1472,385,100,533,1,-1,-1,-1
728,1,1498,385,74,533,1,-1,-1,-1
734,1,1369,431,108,201,1,-1,-1,-1
735,1,1369,431,124,440,1,-1,-1,-1
736,1,1364,431,124,440,1,-1,-1,-1
737,1,1362,431,124,208,1,-1,-1,-1
738,1,1358,431,124,204,1,-1,-1,-1
739,1,1353,431,124,204,1,-1,-1,-1
740,1,1349,431,124,208,1,-1,-1,-1
741,1,1345,431,124,208,1,-1,-1,-1
742,1,1337,431,124,208,1,-1,-1,-1
743,1,1325,431,124,208,1,-1,-1,-1
744,1,1321,442,124,187,1,-1,-1,-1
745,1,1310,442,124,187,1,-1,-1,-1
746,1,1301,442,124,179,1,-1,-1,-1
747,1,1304,453,111,166,1,-1,-1,-1
748,1,1290,453,111,166,1,-1,-1,-1
749,1,1278,453,111,166,1,-1,-1,-1
750,1,1224,453,153,166,1,-1,-1,-1
751,1,1217,453,153,166,1,-1,-1,-1
752,1,1210,453,153,166,1,-1,-1,-1
753,1,1210,453,139,166,1,-1,-1,-1
754,1,1207,452,139,166,1,-1,-1,-1
755,1,1193,455,130,166,1,-1,-1,-1
756,1,1190,455,124,166,1,-1,-1,-1
757,1,1183,455,117,166,1,-1,-1,-1
758,1,1177,455,114,166,1,-1,-1,-1
759,1,1160,455,132,166,1,-1,-1,-1
760,1,1143,456,132,166,1,-1,-1,-1
761,1,1127,456,132,166,1,-1,-1,-1
762,1,1099,455,160,166,1,-1,-1,-1
763,1,1081,455,160,166,1,-1,-1,-1
764,1,1068,455,165,166,1,-1,-1,-1
765,1,1042,455,191,178,1,-1,-1,-1
766,1,1035,455,185,178,1,-1,-1,-1
767,1,1011,467,204,166,1,-1,-1,-1
768,1,998,467,217,166,1,-1,-1,-1
769,1,982,467,221,166,1,-1,-1,-1
770,1,967,464,218,168,1,-1,-1,-1
771,1,960,464,213,411,1,-1,-1,-1
772,1,953,464,201,411,1,-1,-1,-1
773,1,949,464,201,411,1,-1,-1,-1
774,1,948,464,192,409,1,-1,-1,-1
775,1,936,465,192,409,1,-1,-1,-1
776,1,935,466,179,409,1,-1,-1,-1
777,1,935,466,171,409,1,-1,-1,-1
778,1,931,466,171,409,1,-1,-1,-1
779,1,925,466,171,409,1,-1,-1,-1
780,1,918,467,168,409,1,-1,-1,-1
781,1,918,454,160,422,1,-1,-1,-1
782,1,918,454,160,422,1,-1,-1,-1
783,1,918,454,160,422,1,-1,-1,-1
784,1,912,454,166,422,1,-1,-1,-1
785,1,912,454,166,422,1,-1,-1,-1
786,1,912,454,166,422,1,-1,-1,-1
787,1,912,454,166,422,1,-1,-1,-1
788,1,912,454,166,422,1,-1,-1,-1
789,1,912,454,166,422,1,-1,-1,-1
790,1,912,454,166,422,1,-1,-1,-1
791,1,912,454,166,422,1,-1,-1,-1
792,1,912,454,166,422,1,-1,-1,-1
793,1,912,454,166,422,1,-1,-1,-1
794,1,918,454,166,422,1,-1,-1,-1
795,1,926,454,166,422,1,-1,-1,-1
796,1,925,454,173,422,1,-1,-1,-1
797,1,925,454,173,422,1,-1,-1,-1
798,1,937,454,162,422,1,-1,-1,-1
799,1,937,454,162,422,1,-1,-1,-1
800,1,937,454,162,422,1,-1,-1,-1
801,1,937,454,162,422,1,-1,-1,-1
802,1,937,454,162,422,1,-1,-1,-1
803,1,944,454,155,422,1,-1,-1,-1
804,1,937,454,162,422,1,-1,-1,-1
805,1,937,454,162,422,1,-1,-1,-1
806,1,937,454,162,422,1,-1,-1,-1
807,1,951,454,147,422,1,-1,-1,-1
808,1,970,549,129,327,1,-1,-1,-1
809,1,979,552,129,227,1,-1,-1,-1
813,1,908,450,133,424,1,-1,-1,-1
814,1,908,450,133,424,1,-1,-1,-1
815,1,908,450,156,424,1,-1,-1,-1
816,1,908,450,156,424,1,-1,-1,-1
817,1,908,450,143,424,1,-1,-1,-1
818,1,899,450,139,424,1,-1,-1,-1
819,1,899,450,139,424,1,-1,-1,-1
820,1,896,450,139,424,1,-1,-1,-1
821,1,892,450,136,424,1,-1,-1,-1
822,1,889,450,136,424,1,-1,-1,-1
823,1,882,450,111,424,1,-1,-1,-1
824,1,869,450,124,424,1,-1,-1,-1
825,1,859,456,124,424,1,-1,-1,-1
826,1,853,456,124,424,1,-1,-1,-1
827,1,834,455,143,424,1,-1,-1,-1
828,1,817,455,160,424,1,-1,-1,-1
829,1,797,455,181,424,1,-1,-1,-1
830,1,781,457,187,424,1,-1,-1,-1
831,1,781,457,187,424,1,-1,-1,-1
832,1,768,457,200,432,1,-1,-1,-1
833,1,768,457,191,432,1,-1,-1,-1
834,1,758,442,191,447,1,-1,-1,-1
835,1,724,442,211,447,1,-1,-1,-1
836,1,716,442,194,447,1,-1,-1,-1
837,1,706,441,195,454,1,-1,-1,-1
838,1,689,442,195,454,1,-1,-1,-1
839,1,677,442,200,468,1,-1,-1,-1
840,1,665,441,195,468,1,-1,-1,-1
841,1,659,432,195,481,1,-1,-1,-1
842,1,645,431,195,481,1,-1,-1,-1
843,1,640,427,195,490,1,-1,-1,-1
844,1,629,427,188,490,1,-1,-1,-1
845,1,620,427,187,490,1,-1,-1,-1
846,1,620,424,172,493,1,-1,-1,-1
847,1,619,424,162,493,1,-1,-1,-1
848,1,610,424,171,493,1,-1,-1,-1
849,1,567,424,210,493,1,-1,-1,-1
850,1,567,424,210,493,1,-1,-1,-1
851,1,567,419,210,497,1,-1,-1,-1
852,1,558,415,201,503,1,-1,-1,-1
853,1,558,409,184,509,1,-1,-1,-1
854,1,558,409,155,509,1,-1,-1,-1
855,1,558,409,113,509,1,-1,-1,-1
856,1,558,409,88,509,1,-1,-1,-1
857,1,558,409,77,509,1,-1,-1,-1
858,1,558,409,68,509,1,-1,-1,-1
859,1,558,409,68,509,1,-1,-1,-1
1179,1,254,155,129,487,1,-1,-1,-1
1180,1,254,155,129,487,1,-1,-1,-1
1181,1,254,155,249,924,1,-1,-1,-1
1182,1,254,155,249,924,1,-1,-1,-1
1183,1,254,140,249,938,1,-1,-1,-1
1184,1,254,130,265,948,1,-1,-1,-1
1185,1,270,119,265,960,1,-1,-1,-1
1186,1,289,119,280,960,1,-1,-1,-1
1187,1,301,119,327,960,1,-1,-1,-1
1188,1,325,114,350,964,1,-1,-1,-1
1189,1,350,114,350,964,1,-1,-1,-1
1190,1,385,105,373,974,1,-1,-1,-1
1191,1,413,93,373,986,1,-1,-1,-1
1192,1,454,93,359,986,1,-1,-1,-1
1193,1,476,75,350,1003,1,-1,-1,-1
1194,1,523,68,335,1011,1,-1,-1,-1
1195,1,575,59,315,1019,1,-1,-1,-1
1196,1,625,59,315,1019,1,-1,-1,-1
1197,1,658,55,337,1024,1,-1,-1,-1
1198,1,684,55,416,1024,1,-1,-1,-1
1199,1,719,55,428,1024,1,-1,-1,-1
1200,1,755,55,461,1024,1,-1,-1,-1
1201,1,772,64,461,1015,1,-1,-1,-1
1202,1,802,59,441,1019,1,-1,-1,-1
1203,1,854,59,390,1019,1,-1,-1,-1
1204,1,914,52,379,1027,1,-1,-1,-1
1205,1,998,52,340,1027,1,-1,-1,-1
1206,1,1049,52,340,1027,1,-1,-1,-1
1207,1,1094,52,341,1027,1,-1,-1,-1
1208,1,1131,52,354,1027,1,-1,-1,-1
1209,1,1149,52,373,1027,1,-1,-1,-1
1210,1,1164,59,415,1019,1,-1,-1,-1
1211,1,1187,59,415,1019,1,-1,-1,-1
1212,1,1218,59,415,1019,1,-1,-1,-1
1213,1,1261,51,437,1028,1,-1,-1,-1
1214,1,1306,42,467,1037,1,-1,-1,-1
1215,1,1402,42,445,1037,1,-1,-1,-1
1216,1,1470,42,445,1037,1,-1,-1,-1
1217,1,1501,42,418,1037,1,-1,-1,-1
1218,1,1533,49,386,1029,1,-1,-1,-1
1219,1,1576,61,343,1018,1,-1,-1,-1
1220,1,1598,65,321,1013,1,-1,-1,-1
1221,1,1615,74,304,1005,1,-1,-1,-1
1222,1,1650,74,269,1005,1,-1,-1,-1
1223,1,1661,74,257,1005,1,-1,-1,-1
1224,1,1732,74,187,1005,1,-1,-1,-1
1225,1,1784,74,134,1005,1,-1,-1,-1
1226,1,1817,74,101,1005,1,-1,-1,-1
488,2,218,120,205,516,1,-1,-1,-1
489,2,224,120,205,516,1,-1,-1,-1
490,2,231,119,205,516,1,-1,-1,-1
491,2,239,111,220,544,1,-1,-1,-1
492,2,266,104,208,888,1,-1,-1,-1
493,2,243,93,298,901,1,-1,-1,-1
494,2,278,95,302,953,1,-1,-1,-1
495,2,291,90,324,989,1,-1,-1,-1
496,2,341,90,322,989,1,-1,-1,-1
497,2,354,90,392,989,1,-1,-1,-1
498,2,371,90,392,989,1,-1,-1,-1
499,2,408,90,429,989,1,-1,-1,-1
500,2,408,90,429,989,1,-1,-1,-1
501,2,445,90,429,989,1,-1,-1,-1
502,2,537,90,392,989,1,-1,-1,-1
503,2,580,91,418,989,1,-1,-1,-1
504,2,623,90,400,989,1,-1,-1,-1
505,2,662,90,413,989,1,-1,-1,-1
506,2,695,90,396,989,1,-1,-1,-1
507,2,732,90,399,989,1,-1,-1,-1
508,2,744,90,413,989,1,-1,-1,-1
509,2,760,90,445,989,1,-1,-1,-1
510,2,791,80,453,999,1,-1,-1,-1
511,2,843,80,453,999,1,-1,-1,-1
512,2,907,80,416,999,1,-1,-1,-1
513,2,930,60,429,1018,1,-1,-1,-1
514,2,946,71,421,1008,1,-1,-1,-1
515,2,980,75,415,1003,1,-1,-1,-1
516,2,1000,78,419,1000,1,-1,-1,-1
517,2,1034,106,405,973,1,-1,-1,-1
518,2,1055,106,396,973,1,-1,-1,-1
519,2,1106,106,366,973,1,-1,-1,-1
520,2,1131,116,361,963,1,-1,-1,-1
521,2,1131,116,361,963,1,-1,-1,-1
522,2,1178,139,348,940,1,-1,-1,-1
523,2,1212,139,337,940,1,-1,-1,-1
524,2,1226,139,338,940,1,-1,-1,-1
525,2,1259,153,348,925,1,-1,-1,-1
526,2,1274,166,347,912,1,-1,-1,-1
527,2,1290,175,338,904,1,-1,-1,-1
528,2,1296,181,348,898,1,-1,-1,-1
529,2,1342,182,315,896,1,-1,-1,-1
530,2,1362,182,315,896,1,-1,-1,-1
531,2,1388,192,302,886,1,-1,-1,-1
532,2,1408,192,302,886,1,-1,-1,-1
533,2,1417,192,302,886,1,-1,-1,-1
534,2,1428,207,302,872,1,-1,-1,-1
535,2,1439,214,295,865,1,-1,-1,-1
536,2,1439,220,295,859,1,-1,-1,-1
537,2,1457,230,282,849,1,-1,-1,-1
538,2,1457,230,282,849,1,-1,-1,-1
539,2,1457,230,282,831,1,-1,-1,-1
540,2,1478,237,262,824,1,-1,-1,-1
541,2,1478,237,262,824,1,-1,-1,-1
542,2,1493,247,246,792,1,-1,-1,-1
543,2,1493,259,246,771,1,-1,-1,-1
544,2,1493,265,246,763,1,-1,-1,-1
545,2,1493,265,246,763,1,-1,-1,-1
546,2,1493,276,230,742,1,-1,-1,-1
547,2,1499,276,210,742,1,-1,-1,-1
548,2,1499,276,210,742,1,-1,-1,-1
549,2,1499,288,205,716,1,-1,-1,-1
550,2,1499,288,205,716,1,-1,-1,-1
551,2,1499,288,205,716,1,-1,-1,-1
552,2,1499,288,205,716,1,-1,-1,-1
553,2,1499,288,214,716,1,-1,-1,-1
554,2,1499,288,217,716,1,-1,-1,-1
555,2,1507,288,205,716,1,-1,-1,-1
556,2,1499,288,224,716,1,-1,-1,-1
557,2,1504,288,224,716,1,-1,-1,-1
558,2,1504,288,224,716,1,-1,-1,-1
559,2,1512,288,224,716,1,-1,-1,-1
560,2,1507,288,224,716,1,-1,-1,-1
561,2,1510,288,224,716,1,-1,-1,-1
562,2,1505,288,224,716,1,-1,-1,-1
563,2,1510,288,224,716,1,-1,-1,-1
564,2,1512,288,221,716,1,-1,-1,-1
565,2,1516,288,221,716,1,-1,-1,-1
566,2,1512,288,221,716,1,-1,-1,-1
567,2,1512,288,221,716,1,-1,-1,-1
568,2,1512,288,221,716,1,-1,-1,-1
569,2,1512,288,221,716,1,-1,-1,-1
570,2,1512,288,221,716,1,-1,-1,-1
571,2,1504,288,230,716,1,-1,-1,-1
572,2,1504,288,230,716,1,-1,-1,-1
573,2,1504,288,230,716,1,-1,-1,-1
574,2,1504,288,230,716,1,-1,-1,-1
575,2,1504,288,230,716,1,-1,-1,-1
576,2,1504,288,230,716,1,-1,-1,-1
577,2,1504,288,230,716,1,-1,-1,-1
578,2,1504,288,230,716,1,-1,-1,-1
579,2,1504,288,230,716,1,-1,-1,-1
580,2,1504,288,230,716,1,-1,-1,-1
581,2,1504,288,230,716,1,-1,-1,-1
582,2,1504,288,230,716,1,-1,-1,-1
583,2,1504,288,230,716,1,-1,-1,-1
584,2,1504,288,230,716,1,-1,-1,-1
585,2,1504,288,230,716,1,-1,-1,-1
586,2,1504,288,230,716,1,-1,-1,-1
587,2,1504,288,230,716,1,-1,-1,-1
588,2,1504,288,230,716,1,-1,-1,-1
589,2,1504,288,230,716,1,-1,-1,-1
590,2,1495,288,239,716,1,-1,-1,-1
591,2,1495,288,239,716,1,-1,-1,-1
592,2,1495,299,239,704,1,-1,-1,-1
593,2,1495,296,239,707,1,-1,-1,-1
594,2,1495,296,239,707,1,-1,-1,-1
595,2,1495,296,239,707,1,-1,-1,-1
596,2,1495,296,239,707,1,-1,-1,-1
597,2,1495,291,239,723,1,-1,-1,-1
598,2,1495,291,239,723,1,-1,-1,-1
599,2,1495,291,239,723,1,-1,-1,-1
600,2,1495,280,239,733,1,-1,-1,-1
601,2,1476,270,257,753,1,-1,-1,-1
602,2,1476,270,257,753,1,-1,-1,-1
603,2,1476,259,257,765,1,-1,-1,-1
604,2,1476,257,266,766,1,-1,-1,-1
605,2,1476,257,266,766,1,-1,-1,-1
606,2,1476,250,266,773,1,-1,-1,-1
607,2,1476,250,266,773,1,-1,-1,-1
608,2,1460,250,282,791,1,-1,-1,-1
609,2,1454,250,282,791,1,-1,-1,-1
610,2,1447,251,282,791,1,-1,-1,-1
611,2,1439,244,282,802,1,-1,-1,-1
612,2,1427,247,282,804,1,-1,-1,-1
613,2,1420,247,288,804,1,-1,-1,-1
614,2,1414,239,291,813,1,-1,-1,-1
615,2,1402,247,282,802,1,-1,-1,-1
616,2,1394,243,293,805,1,-1,-1,-1
617,2,1387,239,291,813,1,-1,-1,-1
618,2,1384,226,291,827,1,-1,-1,-1
619,2,1378,231,291,830,1,-1,-1,-1
620,2,1381,234,289,841,1,-1,-1,-1
621,2,1375,230,295,849,1,-1,-1,-1
622,2,1369,230,301,849,1,-1,-1,-1
623,2,1363,220,308,859,1,-1,-1,-1
624,2,1359,213,311,866,1,-1,-1,-1
625,2,1359,213,311,866,1,-1,-1,-1
626,2,1355,202,315,876,1,-1,-1,-1
627,2,1355,202,315,876,1,-1,-1,-1
628,2,1355,187,315,892,1,-1,-1,-1
629,2,1355,184,315,895,1,-1,-1,-1
630,2,1339,188,322,891,1,-1,-1,-1
631,2,1339,188,322,891,1,-1,-1,-1
632,2,1339,188,322,891,1,-1,-1,-1
633,2,1339,178,322,901,1,-1,-1,-1
634,2,1327,178,312,901,1,-1,-1,-1
635,2,1327,178,312,901,1,-1,-1,-1
636,2,1322,178,312,901,1,-1,-1,-1
637,2,1322,178,312,901,1,-1,-1,-1
638,2,1315,178,312,901,1,-1,-1,-1
639,2,1309,178,312,901,1,-1,-1,-1
640,2,1308,178,312,901,1,-1,-1,-1
641,2,1308,178,312,901,1,-1,-1,-1
642,2,1303,178,312,901,1,-1,-1,-1
643,2,1303,195,312,883,1,-1,-1,-1
644,2,1303,195,312,883,1,-1,-1,-1
645,2,1303,195,312,883,1,-1,-1,-1
646,2,1303,195,312,883,1,-1,-1,-1
647,2,1303,195,312,883,1,-1,-1,-1
648,2,1303,195,312,883,1,-1,-1,-1
649,2,1293,195,322,883,1,-1,-1,-1
650,2,1303,195,312,883,1,-1,-1,-1
651,2,1303,195,312,883,1,-1,-1,-1
652,2,1290,220,298,859,1,-1,-1,-1
653,2,1290,220,298,859,1,-1,-1,-1
654,2,1290,220,298,859,1,-1,-1,-1
655,2,1290,220,298,859,1,-1,-1,-1
656,2,1290,220,298,859,1,-1,-1,-1
657,2,1290,220,298,859,1,-1,-1,-1
658,2,1290,220,298,859,1,-1,-1,-1
659,2,1290,220,298,859,1,-1,-1,-1
660,2,1290,220,298,859,1,-1,-1,-1
661,2,1290,220,298,859,1,-1,-1,-1
662,2,1290,220,298,859,1,-1,-1,-1
663,2,1290,220,298,859,1,-1,-1,-1
664,2,1290,220,298,859,1,-1,-1,-1
669,2,1180,214,140,846,1,-1,-1,-1
670,2,1148,208,179,860,1,-1,-1,-1
671,2,1131,208,218,860,1,-1,-1,-1
672,2,1110,208,250,860,1,-1,-1,-1
673,2,1098,212,250,860,1,-1,-1,-1
674,2,1090,212,250,860,1,-1,-1,-1
675,2,1079,213,237,860,1,-1,-1,-1
676,2,1053,213,263,860,1,-1,-1,-1
677,2,1040,233,237,840,1,-1,-1,-1
678,2,1039,213,237,860,1,-1,-1,-1
679,2,1005,234,237,839,1,-1,-1,-1
680,2,973,234,269,839,1,-1,-1,-1
681,2,951,234,291,839,1,-1,-1,-1
682,2,926,234,291,839,1,-1,-1,-1
683,2,911,249,291,824,1,-1,-1,-1
684,2,905,260,291,801,1,-1,-1,-1
685,2,902,250,291,804,1,-1,-1,-1
686,2,888,250,291,804,1,-1,-1,-1
687,2,870,249,291,804,1,-1,-1,-1
688,2,860,249,291,804,1,-1,-1,-1
689,2,835,252,291,804,1,-1,-1,-1
690,2,821,252,291,804,1,-1,-1,-1
691,2,815,272,291,784,1,-1,-1,-1
692,2,808,269,291,784,1,-1,-1,-1
693,2,808,288,291,765,1,-1,-1,-1
694,2,808,304,291,749,1,-1,-1,-1
695,2,817,303,291,749,1,-1,-1,-1
696,2,833,304,291,749,1,-1,-1,-1
697,2,844,324,267,700,1,-1,-1,-1
698,2,857,321,267,700,1,-1,-1,-1
699,2,855,320,267,700,1,-1,-1,-1
700,2,854,334,249,664,1,-1,-1,-1
701,2,854,334,249,664,1,-1,-1,-1
702,2,854,346,249,649,1,-1,-1,-1
703,2,852,348,249,649,1,-1,-1,-1
704,2,852,348,236,649,1,-1,-1,-1
705,2,852,348,228,649,1,-1,-1,-1
706,2,851,348,226,636,1,-1,-1,-1
707,2,852,348,224,636,1,-1,-1,-1
708,2,852,363,217,622,1,-1,-1,-1
709,2,852,363,210,603,1,-1,-1,-1
710,2,852,363,210,590,1,-1,-1,-1
711,2,852,363,210,590,1,-1,-1,-1
712,2,852,363,202,590,1,-1,-1,-1
713,2,849,363,202,590,1,-1,-1,-1
714,2,849,363,202,590,1,-1,-1,-1
718,2,830,386,163,558,1,-1,-1,-1
719,2,830,386,163,558,1,-1,-1,-1
720,2,823,390,171,554,1,-1,-1,-1
721,2,817,396,176,548,1,-1,-1,-1
722,2,813,396,181,548,1,-1,-1,-1
723,2,820,396,187,548,1,-1,-1,-1
724,2,818,396,187,548,1,-1,-1,-1
725,2,819,396,187,548,1,-1,-1,-1
726,2,818,395,187,548,1,-1,-1,-1
727,2,819,390,187,548,1,-1,-1,-1
728,2,819,389,187,548,1,-1,-1,-1
729,2,819,390,187,548,1,-1,-1,-1
730,2,819,390,187,548,1,-1,-1,-1
731,2,819,390,187,548,1,-1,-1,-1
732,2,807,390,187,548,1,-1,-1,-1
733,2,807,390,187,548,1,-1,-1,-1
734,2,801,390,187,548,1,-1,-1,-1
735,2,785,390,187,548,1,-1,-1,-1
736,2,775,390,194,548,1,-1,-1,-1
737,2,775,390,194,548,1,-1,-1,-1
738,2,775,390,194,548,1,-1,-1,-1
739,2,761,388,194,548,1,-1,-1,-1
740,2,750,387,200,548,1,-1,-1,-1
741,2,749,387,205,548,1,-1,-1,-1
742,2,729,387,226,548,1,-1,-1,-1
743,2,716,387,214,548,1,-1,-1,-1
744,2,690,387,207,548,1,-1,-1,-1
745,2,671,387,197,548,1,-1,-1,-1
746,2,668,387,189,548,1,-1,-1,-1
747,2,661,393,189,542,1,-1,-1,-1
748,2,638,393,208,542,1,-1,-1,-1
749,2,617,393,227,542,1,-1,-1,-1
750,2,607,393,237,542,1,-1,-1,-1
751,2,607,393,231,542,1,-1,-1,-1
752,2,593,393,231,542,1,-1,-1,-1
753,2,561,402,208,542,1,-1,-1,-1
754,2,561,382,159,562,1,-1,-1,-1
755,2,561,382,146,562,1,-1,-1,-1
756,2,561,382,140,562,1,-1,-1,-1
757,2,561,382,140,562,1,-1,-1,-1
758,2,561,382,129,562,1,-1,-1,-1
759,2,561,382,129,562,1,-1,-1,-1
760,2,561,382,121,562,1,-1,-1,-1
695,3,250,155,155,496,1,-1,-1,-1
696,3,248,153,163,497,1,-1,-1,-1
697,3,249,153,197,500,1,-1,-1,-1
698,3,249,149,241,918,1,-1,-1,-1
699,3,249,139,280,940,1,-1,-1,-1
700,3,254,126,298,953,1,-1,-1,-1
701,3,265,126,298,953,1,-1,-1,-1
702,3,291,100,298,979,1,-1,-1,-1
703,3,319,100,298,979,1,-1,-1,-1
704,3,360,100,298,979,1,-1,-1,-1
705,3,387,100,315,979,1,-1,-1,-1
706,3,405,100,333,979,1,-1,-1,-1
707,3,444,100,350,979,1,-1,-1,-1
708,3,486,100,367,979,1,-1,-1,-1
709,3,509,100,367,979,1,-1,-1,-1
710,3,538,100,376,979,1,-1,-1,-1
711,3,563,100,376,979,1,-1,-1,-1
712,3,651,100,304,979,1,-1,-1,-1
713,3,704,100,304,979,1,-1,-1,-1
714,3,742,100,304,979,1,-1,-1,-1
715,3,800,100,304,979,1,-1,-1,-1
716,3,826,100,334,979,1,-1,-1,-1
717,3,850,100,382,979,1,-1,-1,-1
718,3,850,100,382,979,1,-1,-1,-1
719,3,886,100,419,979,1,-1,-1,-1
720,3,910,100,419,979,1,-1,-1,-1
721,3,964,100,390,979,1,-1,-1,-1
722,3,1051,100,331,979,1,-1,-1,-1
723,3,1112,100,291,979,1,-1,-1,-1
724,3,1136,100,291,979,1,-1,-1,-1
725,3,1162,108,291,970,1,-1,-1,-1
726,3,1204,120,291,959,1,-1,-1,-1
727,3,1227,139,292,940,1,-1,-1,-1
728,3,1251,139,292,940,1,-1,-1,-1
729,3,1280,160,311,918,1,-1,-1,-1
730,3,1303,165,311,914,1,-1,-1,-1
731,3,1334,165,311,914,1,-1,-1,-1
732,3,1355,168,299,911,1,-1,-1,-1
733,3,1385,178,299,901,1,-1,-1,-1
734,3,1385,178,299,901,1,-1,-1,-1
735,3,1428,200,288,879,1,-1,-1,-1
736,3,1454,200,307,879,1,-1,-1,-1
737,3,1475,223,296,856,1,-1,-1,-1
738,3,1491,223,289,856,1,-1,-1,-1
739,3,1511,223,289,856,1,-1,-1,-1
740,3,1538,223,279,856,1,-1,-1,-1
741,3,1557,223,260,856,1,-1,-1,-1
742,3,1569,223,260,841,1,-1,-1,-1
743,3,1579,233,250,831,1,-1,-1,-1
744,3,1587,233,250,831,1,-1,-1,-1
745,3,1587,249,250,797,1,-1,-1,-1
746,3,1587,267,250,778,1,-1,-1,-1
747,3,1587,279,250,766,1,-1,-1,-1
748,3,1587,286,239,759,1,-1,-1,-1
749,3,1587,299,230,734,1,-1,-1,-1
750,3,1585,282,226,734,1,-1,-1,-1
751,3,1585,301,226,711,1,-1,-1,-1
752,3,1581,302,226,711,1,-1,-1,-1
753,3,1576,296,226,698,1,-1,-1,-1
754,3,1579,311,218,685,1,-1,-1,-1
755,3,1579,318,218,678,1,-1,-1,-1
756,3,1579,330,208,667,1,-1,-1,-1
757,3,1579,330,208,667,1,-1,-1,-1
758,3,1583,330,197,667,1,-1,-1,-1
759,3,1593,330,178,652,1,-1,-1,-1
760,3,1589,330,178,626,1,-1,-1,-1
761,3,1589,330,178,626,1,-1,-1,-1
762,3,1579,350,178,601,1,-1,-1,-1
763,3,1585,350,171,601,1,-1,-1,-1
764,3,1561,360,181,593,1,-1,-1,-1
765,3,1541,361,191,586,1,-1,-1,-1
766,3,1531,372,201,575,1,-1,-1,-1
767,3,1547,372,173,571,1,-1,-1,-1
768,3,1534,372,176,571,1,-1,-1,-1
769,3,1530,379,166,552,1,-1,-1,-1
770,3,1518,379,166,552,1,-1,-1,-1
771,3,1504,379,166,552,1,-1,-1,-1
772,3,1496,379,166,539,1,-1,-1,-1
773,3,1496,379,159,539,1,-1,-1,-1
774,3,1492,387,150,531,1,-1,-1,-1
775,3,1482,390,150,531,1,-1,-1,-1
776,3,1478,390,150,531,1,-1,-1,-1
777,3,1480,400,142,519,1,-1,-1,-1
778,3,1472,400,139,519,1,-1,-1,-1
779,3,1463,400,139,507,1,-1,-1,-1
780,3,1456,408,139,487,1,-1,-1,-1
781,3,1456,408,139,487,1,-1,-1,-1
782,3,1452,408,127,487,1,-1,-1,-1
783,3,1446,408,127,487,1,-1,-1,-1
784,3,1439,419,127,477,1,-1,-1,-1
785,3,1430,419,127,477,1,-1,-1,-1
786,3,1418,419,139,477,1,-1,-1,-1
787,3,1406,419,139,477,1,-1,-1,-1
788,3,1394,434,139,463,1,-1,-1,-1
789,3,1385,434,139,463,1,-1,-1,-1
790,3,1378,434,134,441,1,-1,-1,-1
791,3,1372,434,133,441,1,-1,-1,-1
792,3,1368,434,133,279,1,-1,-1,-1
793,3,1359,434,142,270,1,-1,-1,-1
794,3,1355,445,142,187,1,-1,-1,-1
795,3,1350,445,142,179,1,-1,-1,-1
796,3,1345,446,142,179,1,-1,-1,-1
797,3,1336,445,126,179,1,-1,-1,-1
798,3,1331,445,126,179,1,-1,-1,-1
799,3,1330,445,126,179,1,-1,-1,-1
800,3,1329,445,126,179,1,-1,-1,-1
801,3,1317,451,119,173,1,-1,-1,-1
802,3,1315,451,119,173,1,-1,-1,-1
803,3,1307,451,119,173,1,-1,-1,-1
804,3,1297,451,119,173,1,-1,-1,-1
805,3,1292,451,119,173,1,-1,-1,-1
806,3,1282,457,119,168,1,-1,-1,-1
807,3,1282,457,119,168,1,-1,-1,-1
808,3,1267,457,119,168,1,-1,-1,-1
809,3,1258,457,119,168,1,-1,-1,-1
810,3,1250,457,119,168,1,-1,-1,-1
811,3,1244,457,119,168,1,-1,-1,-1
812,3,1240,457,119,168,1,-1,-1,-1
813,3,1230,457,119,168,1,-1,-1,-1
814,3,1230,457,110,168,1,-1,-1,-1
819,3,1197,470,75,156,1,-1,-1,-1
820,3,1188,470,104,156,1,-1,-1,-1
821,3,1183,470,97,156,1,-1,-1,-1
822,3,1175,470,97,156,1,-1,-1,-1
823,3,1164,470,108,156,1,-1,-1,-1
824,3,1162,470,108,156,1,-1,-1,-1
825,3,1154,470,98,156,1,-1,-1,-1
826,3,1153,472,98,156,1,-1,-1,-1
827,3,1143,472,98,156,1,-1,-1,-1
828,3,1131,472,98,156,1,-1,-1,-1
829,3,1128,471,93,156,1,-1,-1,-1
830,3,1118,471,93,156,1,-1,-1,-1
831,3,1112,469,93,156,1,-1,-1,-1
832,3,1101,469,93,156,1,-1,-1,-1
833,3,1097,467,93,165,1,-1,-1,-1
834,3,1087,467,93,165,1,-1,-1,-1
835,3,1077,467,94,165,1,-1,-1,-1
836,3,1068,466,94,165,1,-1,-1,-1
837,3,1068,466,94,165,1,-1,-1,-1
838,3,1051,467,95,165,1,-1,-1,-1
839,3,993,466,139,387,1,-1,-1,-1
840,3,976,466,143,406,1,-1,-1,-1
841,3,976,466,127,406,1,-1,-1,-1
842,3,983,466,116,406,1,-1,-1,-1
843,3,969,466,116,406,1,-1,-1,-1
844,3,964,466,116,406,1,-1,-1,-1
845,3,956,466,116,406,1,-1,-1,-1
846,3,943,466,116,406,1,-1,-1,-1
847,3,936,472,116,406,1,-1,-1,-1
848,3,911,466,129,419,1,-1,-1,-1
849,3,898,466,142,419,1,-1,-1,-1
850,3,892,466,147,425,1,-1,-1,-1
851,3,892,466,124,425,1,-1,-1,-1
852,3,882,466,124,425,1,-1,-1,-1
853,3,870,462,124,425,1,-1,-1,-1
854,3,853,458,124,440,1,-1,-1,-1
855,3,848,456,124,440,1,-1,-1,-1
856,3,818,455,155,440,1,-1,-1,-1
857,3,787,455,169,440,1,-1,-1,-1
858,3,772,455,187,440,1,-1,-1,-1
859,3,766,455,187,440,1,-1,-1,-1
860,3,762,455,191,440,1,-1,-1,-1
861,3,765,450,173,445,1,-1,-1,-1
862,3,760,447,162,448,1,-1,-1,-1
863,3,753,447,145,448,1,-1,-1,-1
864,3,736,440,143,463,1,-1,-1,-1
865,3,733,440,143,463,1,-1,-1,-1
866,3,716,441,143,471,1,-1,-1,-1
867,3,694,441,165,471,1,-1,-1,-1
868,3,678,427,162,490,1,-1,-1,-1
869,3,678,427,162,490,1,-1,-1,-1
870,3,678,427,145,490,1,-1,-1,-1
871,3,675,424,133,490,1,-1,-1,-1
872,3,668,421,133,490,1,-1,-1,-1
873,3,655,425,126,490,1,-1,-1,-1
874,3,638,419,129,497,1,-1,-1,-1
875,3,601,419,165,497,1,-1,-1,-1
876,3,577,419,189,497,1,-1,-1,-1
877,3,570,419,189,497,1,-1,-1,-1
878,3,560,419,200,497,1,-1,-1,-1
879,3,560,419,192,497,1,-1,-1,-1
880,3,560,419,182,497,1,-1,-1,-1
881,3,565,418,143,497,1,-1,-1,-1
882,3,565,418,110,497,1,-1,-1,-1
883,3,565,418,67,497,1,-1,-1,-1
884,3,565,418,67,497,1,-1,-1,-1
786,4,253,99,139,544,1,-1,-1,-1
787,4,253,98,211,639,1,-1,-1,-1
788,4,253,107,246,904,1,-1,-1,-1
789,4,253,110,269,969,1,-1,-1,-1
790,4,249,110,304,969,1,-1,-1,-1
791,4,257,110,302,969,1,-1,-1,-1
792,4,267,110,286,969,1,-1,-1,-1
793,4,304,110,275,969,1,-1,-1,-1
794,4,332,110,275,969,1,-1,-1,-1
795,4,351,110,298,969,1,-1,-1,-1
796,4,351,91,356,987,1,-1,-1,-1
797,4,353,91,422,987,1,-1,-1,-1
798,4,359,91,471,987,1,-1,-1,-1
799,4,376,91,486,987,1,-1,-1,-1
800,4,411,84,470,995,1,-1,-1,-1
801,4,468,80,432,999,1,-1,-1,-1
802,4,515,53,386,1025,1,-1,-1,-1
803,4,551,40,344,1038,1,-1,-1,-1
804,4,594,36,311,1042,1,-1,-1,-1
805,4,616,36,335,1042,1,-1,-1,-1
806,4,671,36,402,1042,1,-1,-1,-1
807,4,685,27,402,1051,1,-1,-1,-1
808,4,708,27,505,1051,1,-1,-1,-1
809,4,746,27,505,1051,1,-1,-1,-1
810,4,772,27,505,1051,1,-1,-1,-1
811,4,804,38,451,1041,1,-1,-1,-1
812,4,870,38,361,1041,1,-1,-1,-1
813,4,967,38,282,1041,1,-1,-1,-1
814,4,1033,38,282,1041,1,-1,-1,-1
815,4,1066,38,318,1041,1,-1,-1,-1
816,4,1089,48,318,1031,1,-1,-1,-1
817,4,1097,48,373,1031,1,-1,-1,-1
818,4,1118,48,395,1031,1,-1,-1,-1
819,4,1147,48,366,1031,1,-1,-1,-1
820,4,1190,48,445,1031,1,-1,-1,-1
821,4,1269,48,447,1031,1,-1,-1,-1
822,4,1304,67,479,1012,1,-1,-1,-1
823,4,1330,67,486,1012,1,-1,-1,-1
824,4,1356,81,503,998,1,-1,-1,-1
825,4,1375,97,518,982,1,-1,-1,-1
826,4,1397,110,496,969,1,-1,-1,-1
827,4,1413,110,479,969,1,-1,-1,-1
828,4,1441,110,442,969,1,-1,-1,-1
829,4,1463,136,402,943,1,-1,-1,-1
830,4,1485,140,380,938,1,-1,-1,-1
831,4,1508,155,357,924,1,-1,-1,-1
832,4,1524,166,341,912,1,-1,-1,-1
833,4,1540,166,357,912,1,-1,-1,-1
834,4,1548,166,359,912,1,-1,-1,-1
835,4,1561,184,353,895,1,-1,-1,-1
836,4,1579,194,335,885,1,-1,-1,-1
837,4,1595,194,322,885,1,-1,-1,-1
838,4,1595,194,322,885,1,-1,-1,-1
839,4,1595,194,322,885,1,-1,-1,-1
840,4,1595,194,322,866,1,-1,-1,-1
841,4,1612,204,305,849,1,-1,-1,-1
842,4,1628,214,289,839,1,-1,-1,-1
843,4,1634,218,283,834,1,-1,-1,-1
844,4,1644,227,273,826,1,-1,-1,-1
845,4,1644,233,254,820,1,-1,-1,-1
846,4,1644,237,247,808,1,-1,-1,-1
847,4,1647,237,244,808,1,-1,-1,-1
848,4,1644,250,247,762,1,-1,-1,-1
849,4,1638,250,247,752,1,-1,-1,-1
850,4,1629,263,256,739,1,-1,-1,-1
851,4,1629,263,256,739,1,-1,-1,-1
852,4,1629,273,256,729,1,-1,-1,-1
853,4,1621,285,256,721,1,-1,-1,-1
854,4,1627,292,250,714,1,-1,-1,-1
855,4,1627,292,250,701,1,-1,-1,-1
856,4,1627,292,220,690,1,-1,-1,-1
857,4,1637,302,191,655,1,-1,-1,-1
858,4,1638,302,185,655,1,-1,-1,-1
859,4,1627,315,185,642,1,-1,-1,-1
860,4,1608,322,191,635,1,-1,-1,-1
861,4,1580,328,223,622,1,-1,-1,-1
862,4,1577,328,223,622,1,-1,-1,-1
863,4,1576,328,223,622,1,-1,-1,-1
864,4,1573,328,210,622,1,-1,-1,-1
865,4,1559,328,210,622,1,-1,-1,-1
866,4,1532,321,210,622,1,-1,-1,-1
867,4,1522,346,197,587,1,-1,-1,-1
868,4,1504,347,207,587,1,-1,-1,-1
869,4,1488,356,214,578,1,-1,-1,-1
870,4,1478,366,218,565,1,-1,-1,-1
871,4,1460,367,230,565,1,-1,-1,-1
872,4,1460,374,230,558,1,-1,-1,-1
873,4,1462,374,215,549,1,-1,-1,-1
874,4,1462,377,184,547,1,-1,-1,-1
875,4,1462,377,172,547,1,-1,-1,-1
876,4,1465,383,158,528,1,-1,-1,-1
877,4,1459,389,147,519,1,-1,-1,-1
878,4,1450,389,142,519,1,-1,-1,-1
879,4,1449,389,139,519,1,-1,-1,-1
880,4,1441,402,139,497,1,-1,-1,-1
881,4,1427,400,150,500,1,-1,-1,-1
882,4,1405,400,172,500,1,-1,-1,-1
883,4,1391,399,171,500,1,-1,-1,-1
884,4,1371,399,171,500,1,-1,-1,-1
885,4,1359,402,171,480,1,-1,-1,-1
886,4,1347,415,171,447,1,-1,-1,-1
887,4,1347,415,171,302,1,-1,-1,-1
888,4,1326,422,185,288,1,-1,-1,-1
888,4,1326,422,185,288,1,-1,-1,-1
889,4,1324,422,185,288,1,-1,-1,-1
890,4,1326,425,178,285,1,-1,-1,-1
891,4,1326,425,162,285,1,-1,-1,-1
892,4,1327,431,137,197,1,-1,-1,-1
893,4,1325,431,130,197,1,-1,-1,-1
894,4,1319,431,124,197,1,-1,-1,-1
895,4,1314,431,119,197,1,-1,-1,-1
896,4,1314,442,110,185,1,-1,-1,-1
897,4,1306,442,103,185,1,-1,-1,-1
898,4,1293,443,103,185,1,-1,-1,-1
899,4,1279,443,103,185,1,-1,-1,-1
900,4,1267,442,111,188,1,-1,-1,-1
901,4,1257,443,111,188,1,-1,-1,-1
902,4,1241,442,111,188,1,-1,-1,-1
903,4,1227,443,111,188,1,-1,-1,-1
904,4,1219,443,111,188,1,-1,-1,-1
905,4,1209,455,111,173,1,-1,-1,-1
906,4,1197,455,110,166,1,-1,-1,-1
907,4,1187,455,98,163,1,-1,-1,-1
908,4,1177,454,95,163,1,-1,-1,-1
909,4,1165,454,95,163,1,-1,-1,-1
910,4,1155,455,95,163,1,-1,-1,-1
911,4,1148,454,95,163,1,-1,-1,-1
912,4,1136,458,95,163,1,-1,-1,-1
913,4,1093,461,129,163,1,-1,-1,-1
914,4,1080,466,132,162,1,-1,-1,-1
915,4,1070,467,132,162,1,-1,-1,-1
916,4,1060,467,142,171,1,-1,-1,-1
917,4,1057,461,120,176,1,-1,-1,-1
918,4,1057,460,110,176,1,-1,-1,-1
919,4,1044,460,107,176,1,-1,-1,-1
920,4,1040,460,103,382,1,-1,-1,-1
921,4,1027,458,103,393,1,-1,-1,-1
922,4,1012,448,103,416,1,-1,-1,-1
923,4,948,454,153,415,1,-1,-1,-1
924,4,940,454,153,415,1,-1,-1,-1
925,4,935,454,149,415,1,-1,-1,-1
926,4,935,456,149,415,1,-1,-1,-1
927,4,908,453,159,419,1,-1,-1,-1
928,4,886,453,171,419,1,-1,-1,-1
929,4,859,453,198,431,1,-1,-1,-1
930,4,833,453,224,431,1,-1,-1,-1
931,4,823,455,226,431,1,-1,-1,-1
932,4,815,451,233,435,1,-1,-1,-1
933,4,815,451,217,444,1,-1,-1,-1
934,4,815,447,181,448,1,-1,-1,-1
935,4,824,447,160,448,1,-1,-1,-1
936,4,824,447,139,448,1,-1,-1,-1
937,4,813,438,139,454,1,-1,-1,-1
938,4,802,437,139,457,1,-1,-1,-1
939,4,762,444,165,450,1,-1,-1,-1
940,4,740,444,187,458,1,-1,-1,-1
941,4,729,444,198,458,1,-1,-1,-1
942,4,729,432,191,470,1,-1,-1,-1
943,4,724,432,185,470,1,-1,-1,-1
944,4,724,432,160,470,1,-1,-1,-1
945,4,711,428,136,474,1,-1,-1,-1
946,4,677,428,158,474,1,-1,-1,-1
947,4,650,425,172,486,1,-1,-1,-1
948,4,629,424,188,494,1,-1,-1,-1
949,4,587,424,220,490,1,-1,-1,-1
950,4,565,424,233,499,1,-1,-1,-1
951,4,564,415,221,500,1,-1,-1,-1
952,4,564,403,208,512,1,-1,-1,-1
953,4,564,405,187,510,1,-1,-1,-1
954,4,564,408,145,507,1,-1,-1,-1
955,4,562,413,127,507,1,-1,-1,-1
956,4,562,408,113,513,1,-1,-1,-1
957,4,562,408,113,513,1,-1,-1,-1
958,4,562,408,113,513,1,-1,-1,-1
959,4,562,408,113,513,1,-1,-1,-1
1327,5,561,431,121,490,1,-1,-1,-1
1328,5,561,408,137,513,1,-1,-1,-1
1329,5,561,403,147,525,1,-1,-1,-1
1330,5,561,403,147,525,1,-1,-1,-1
1331,5,561,403,147,525,1,-1,-1,-1
1332,5,563,396,147,532,1,-1,-1,-1
1333,5,588,392,129,536,1,-1,-1,-1
1334,5,599,386,137,542,1,-1,-1,-1
1335,5,612,386,192,542,1,-1,-1,-1
1336,5,619,383,233,542,1,-1,-1,-1
1337,5,627,392,233,542,1,-1,-1,-1
1338,5,636,392,239,542,1,-1,-1,-1
1339,5,642,392,233,542,1,-1,-1,-1
1340,5,651,392,224,542,1,-1,-1,-1
1341,5,675,392,200,542,1,-1,-1,-1
1342,5,695,392,189,542,1,-1,-1,-1
1343,5,711,392,197,547,1,-1,-1,-1
1344,5,721,392,204,557,1,-1,-1,-1
1345,5,728,392,204,557,1,-1,-1,-1
1346,5,737,392,204,562,1,-1,-1,-1
1347,5,744,392,204,562,1,-1,-1,-1
1348,5,750,387,204,567,1,-1,-1,-1
1349,5,758,380,204,574,1,-1,-1,-1
1350,5,767,380,204,574,1,-1,-1,-1
1351,5,775,376,204,578,1,-1,-1,-1
1352,5,781,376,214,578,1,-1,-1,-1
1353,5,788,369,214,600,1,-1,-1,-1
1354,5,800,366,214,603,1,-1,-1,-1
1355,5,800,361,221,614,1,-1,-1,-1
1356,5,800,361,230,617,1,-1,-1,-1
1357,5,804,361,236,616,1,-1,-1,-1
1358,5,814,351,234,626,1,-1,-1,-1
1359,5,822,351,234,626,1,-1,-1,-1
1360,5,824,346,244,632,1,-1,-1,-1
1361,5,840,340,234,638,1,-1,-1,-1
1362,5,840,340,239,661,1,-1,-1,-1
1363,5,840,333,240,680,1,-1,-1,-1
1364,5,847,333,241,680,1,-1,-1,-1
1365,5,847,333,241,698,1,-1,-1,-1
1366,5,847,325,241,706,1,-1,-1,-1
1367,5,847,317,241,714,1,-1,-1,-1
1368,5,830,309,265,721,1,-1,-1,-1
1369,5,830,304,265,727,1,-1,-1,-1
1370,5,830,295,265,736,1,-1,-1,-1
1371,5,826,283,269,747,1,-1,-1,-1
1372,5,818,282,276,763,1,-1,-1,-1
1373,5,818,282,276,784,1,-1,-1,-1
1374,5,818,270,276,795,1,-1,-1,-1
1375,5,814,266,288,813,1,-1,-1,-1
1376,5,814,262,288,817,1,-1,-1,-1
1377,5,814,247,288,831,1,-1,-1,-1
1378,5,814,239,288,840,1,-1,-1,-1
1379,5,807,226,301,853,1,-1,-1,-1
1380,5,807,210,301,869,1,-1,-1,-1
1381,5,793,210,301,869,1,-1,-1,-1
1382,5,779,197,301,882,1,-1,-1,-1
1383,5,737,197,331,882,1,-1,-1,-1
1384,5,700,197,357,882,1,-1,-1,-1
1385,5,736,197,320,882,1,-1,-1,-1
1386,5,736,197,320,882,1,-1,-1,-1
1387,5,710,197,346,882,1,-1,-1,-1
1388,5,684,191,347,888,1,-1,-1,-1
1389,5,661,182,331,896,1,-1,-1,-1
1390,5,633,181,293,898,1,-1,-1,-1
1391,5,606,172,246,907,1,-1,-1,-1
1392,5,578,163,246,915,1,-1,-1,-1
1393,5,520,163,302,915,1,-1,-1,-1
1394,5,503,163,320,915,1,-1,-1,-1
1395,5,479,155,344,924,1,-1,-1,-1
1396,5,434,143,389,935,1,-1,-1,-1
1397,5,409,132,377,947,1,-1,-1,-1
1398,5,374,127,357,951,1,-1,-1,-1
1399,5,353,120,318,959,1,-1,-1,-1
1400,5,337,120,207,959,1,-1,-1,-1
1401,5,305,116,240,963,1,-1,-1,-1
1402,5,275,116,257,963,1,-1,-1,-1
1403,5,250,116,282,963,1,-1,-1,-1
1404,5,250,116,282,963,1,-1,-1,-1
1405,5,250,116,275,963,1,-1,-1,-1
1406,5,250,116,260,963,1,-1,-1,-1
