429,1,249,137,123,487,1,-1,-1,-1
430,1,249,137,159,487,1,-1,-1,-1
431,1,249,137,197,487,1,-1,-1,-1
432,1,256,144,219,918,1,-1,-1,-1
433,1,256,144,262,935,1,-1,-1,-1
434,1,280,144,295,935,1,-1,-1,-1
435,1,302,144,320,935,1,-1,-1,-1
436,1,321,144,343,935,1,-1,-1,-1
437,1,351,144,343,935,1,-1,-1,-1
438,1,389,144,343,935,1,-1,-1,-1
439,1,416,144,309,935,1,-1,-1,-1
440,1,420,144,309,935,1,-1,-1,-1
441,1,436,144,309,935,1,-1,-1,-1
442,1,479,133,309,946,1,-1,-1,-1
443,1,555,133,249,946,1,-1,-1,-1
444,1,599,133,303,946,1,-1,-1,-1
445,1,632,133,327,946,1,-1,-1,-1
446,1,651,133,399,946,1,-1,-1,-1
447,1,682,133,399,946,1,-1,-1,-1
448,1,703,133,399,946,1,-1,-1,-1
449,1,707,154,399,925,1,-1,-1,-1
450,1,726,154,378,925,1,-1,-1,-1
451,1,759,154,334,925,1,-1,-1,-1
452,1,794,154,303,925,1,-1,-1,-1
453,1,844,154,303,925,1,-1,-1,-1
454,1,937,154,266,925,1,-1,-1,-1
455,1,968,154,280,925,1,-1,-1,-1
456,1,991,160,280,919,1,-1,-1,-1
457,1,1001,160,314,919,1,-1,-1,-1
458,1,1002,160,415,919,1,-1,-1,-1
459,1,1011,176,415,903,1,-1,-1,-1
460,1,1018,176,385,903,1,-1,-1,-1
461,1,1058,171,351,908,1,-1,-1,-1
462,1,1116,171,328,908,1,-1,-1,-1
463,1,1174,171,348,908,1,-1,-1,-1
464,1,1235,171,337,908,1,-1,-1,-1
465,1,1262,171,355,908,1,-1,-1,-1
466,1,1286,187,355,892,1,-1,-1,-1
467,1,1308,187,355,892,1,-1,-1,-1
468,1,1311,187,370,892,1,-1,-1,-1
469,1,1334,208,347,871,1,-1,-1,-1
470,1,1342,208,347,871,1,-1,-1,-1
471,1,1372,215,307,864,1,-1,-1,-1
472,1,1372,215,307,864,1,-1,-1,-1
473,1,1419,232,269,847,1,-1,-1,-1
474,1,1457,232,258,847,1,-1,-1,-1
475,1,1468,232,258,824,1,-1,-1,-1
476,1,1492,245,258,799,1,-1,-1,-1
477,1,1501,245,276,799,1,-1,-1,-1
478,1,1515,252,256,792,1,-1,-1,-1
479,1,1518,252,256,792,1,-1,-1,-1
480,1,1524,252,259,792,1,-1,-1,-1
481,1,1549,252,268,792,1,-1,-1,-1
482,1,1567,252,268,792,1,-1,-1,-1
483,1,1582,252,268,792,1,-1,-1,-1
484,1,1589,263,268,752,1,-1,-1,-1
485,1,1593,263,279,752,1,-1,-1,-1
486,1,1601,276,269,739,1,-1,-1,-1
487,1,1601,276,269,728,1,-1,-1,-1
488,1,1611,286,246,718,1,-1,-1,-1
489,1,1613,286,234,718,1,-1,-1,-1
490,1,1610,299,225,705,1,-1,-1,-1
491,1,1603,299,225,705,1,-1,-1,-1
492,1,1597,302,225,684,1,-1,-1,-1
493,1,1597,302,225,684,1,-1,-1,-1
494,1,1590,312,225,654,1,-1,-1,-1
495,1,1583,312,225,654,1,-1,-1,-1
496,1,1583,321,217,644,1,-1,-1,-1
497,1,1580,328,208,637,1,-1,-1,-1
498,1,1584,337,198,629,1,-1,-1,-1
499,1,1584,345,185,612,1,-1,-1,-1
500,1,1580,345,174,612,1,-1,-1,-1
501,1,1580,345,174,612,1,-1,-1,-1
502,1,1579,345,157,612,1,-1,-1,-1
503,1,1577,357,149,565,1,-1,-1,-1
504,1,1568,357,149,565,1,-1,-1,-1
505,1,1568,357,149,565,1,-1,-1,-1
506,1,1556,364,149,558,1,-1,-1,-1
507,1,1532,364,166,558,1,-1,-1,-1
508,1,1526,377,166,545,1,-1,-1,-1
509,1,1521,377,166,545,1,-1,-1,-1
510,1,1521,377,166,545,1,-1,-1,-1
511,1,1521,377,166,545,1,-1,-1,-1
512,1,1501,384,177,541,1,-1,-1,-1
513,1,1501,384,157,541,1,-1,-1,-1
514,1,1465,384,174,541,1,-1,-1,-1
515,1,1443,385,181,521,1,-1,-1,-1
516,1,1429,385,190,521,1,-1,-1,-1
517,1,1429,385,170,521,1,-1,-1,-1
518,1,1410,395,178,511,1,-1,-1,-1
519,1,1410,395,170,511,1,-1,-1,-1
520,1,1405,395,170,511,1,-1,-1,-1
521,1,1405,412,161,494,1,-1,-1,-1
522,1,1405,412,149,494,1,-1,-1,-1
523,1,1407,412,143,494,1,-1,-1,-1
524,1,1400,412,135,494,1,-1,-1,-1
525,1,1393,413,135,494,1,-1,-1,-1
525,1,1393,413,135,494,1,-1,-1,-1
526,1,1388,413,135,463,1,-1,-1,-1
527,1,1388,413,125,463,1,-1,-1,-1
528,1,1379,414,125,463,1,-1,-1,-1
529,1,1374,414,125,463,1,-1,-1,-1
530,1,1369,430,125,436,1,-1,-1,-1
531,1,1360,430,125,436,1,-1,-1,-1
532,1,1354,430,135,197,1,-1,-1,-1
533,1,1342,435,135,197,1,-1,-1,-1
534,1,1325,435,144,197,1,-1,-1,-1
535,1,1325,435,144,197,1,-1,-1,-1
536,1,1310,435,144,197,1,-1,-1,-1
537,1,1298,438,154,197,1,-1,-1,-1
538,1,1296,442,144,181,1,-1,-1,-1
539,1,1291,442,144,181,1,-1,-1,-1
540,1,1283,450,144,174,1,-1,-1,-1
541,1,1283,450,144,174,1,-1,-1,-1
542,1,1276,450,135,174,1,-1,-1,-1
543,1,1276,450,129,174,1,-1,-1,-1
544,1,1268,450,129,174,1,-1,-1,-1
545,1,1262,450,129,174,1,-1,-1,-1
546,1,1256,456,129,168,1,-1,-1,-1
547,1,1251,456,129,168,1,-1,-1,-1
548,1,1244,456,129,168,1,-1,-1,-1
549,1,1245,464,119,160,1,-1,-1,-1
550,1,1247,464,112,160,1,-1,-1,-1
551,1,1239,464,112,160,1,-1,-1,-1
552,1,1232,464,112,160,1,-1,-1,-1
553,1,1229,464,103,160,1,-1,-1,-1
554,1,1216,464,116,160,1,-1,-1,-1
555,1,1204,464,113,160,1,-1,-1,-1
556,1,1196,464,110,160,1,-1,-1,-1
557,1,1188,464,116,160,1,-1,-1,-1
558,1,1181,469,116,156,1,-1,-1,-1
559,1,1177,469,116,156,1,-1,-1,-1
560,1,1174,469,112,156,1,-1,-1,-1
561,1,1178,479,101,146,1,-1,-1,-1
562,1,1171,479,101,146,1,-1,-1,-1
563,1,1171,479,93,146,1,-1,-1,-1
564,1,1174,479,81,146,1,-1,-1,-1
565,1,1168,479,81,146,1,-1,-1,-1
566,1,1162,479,81,146,1,-1,-1,-1
567,1,1157,479,81,146,1,-1,-1,-1
568,1,1157,479,81,146,1,-1,-1,-1
569,1,1154,479,81,146,1,-1,-1,-1
570,1,1145,479,89,146,1,-1,-1,-1
571,1,1145,479,89,146,1,-1,-1,-1
572,1,1134,479,101,146,1,-1,-1,-1
573,1,1128,479,112,146,1,-1,-1,-1
574,1,1123,479,126,156,1,-1,-1,-1
575,1,1123,479,126,156,1,-1,-1,-1
576,1,1123,479,126,156,1,-1,-1,-1
577,1,1126,479,126,147,1,-1,-1,-1
578,1,1126,479,126,147,1,-1,-1,-1
579,1,1128,479,126,147,1,-1,-1,-1
580,1,1128,479,126,147,1,-1,-1,-1
581,1,1129,479,126,147,1,-1,-1,-1
582,1,1129,479,126,147,1,-1,-1,-1
583,1,1123,479,136,147,1,-1,-1,-1
584,1,1125,479,136,147,1,-1,-1,-1
585,1,1125,479,136,147,1,-1,-1,-1
586,1,1125,479,136,147,1,-1,-1,-1
587,1,1121,479,136,147,1,-1,-1,-1
588,1,1118,479,136,147,1,-1,-1,-1
589,1,1114,479,136,154,1,-1,-1,-1
590,1,1114,479,136,154,1,-1,-1,-1
591,1,1110,479,129,154,1,-1,-1,-1
592,1,1104,479,129,154,1,-1,-1,-1
593,1,1090,473,143,163,1,-1,-1,-1
594,1,1085,474,130,163,1,-1,-1,-1
595,1,1078,467,130,170,1,-1,-1,-1
596,1,1067,471,130,170,1,-1,-1,-1
597,1,1058,472,130,170,1,-1,-1,-1
598,1,1051,473,130,170,1,-1,-1,-1
599,1,1045,473,130,170,1,-1,-1,-1
600,1,1037,471,130,170,1,-1,-1,-1
601,1,1029,470,130,170,1,-1,-1,-1
602,1,1032,470,120,170,1,-1,-1,-1
603,1,1015,470,129,396,1,-1,-1,-1
604,1,1014,470,120,396,1,-1,-1,-1
605,1,1010,464,120,404,1,-1,-1,-1
606,1,1015,464,99,404,1,-1,-1,-1
607,1,1003,464,99,404,1,-1,-1,-1
608,1,996,464,99,404,1,-1,-1,-1
609,1,989,464,99,404,1,-1,-1,-1
610,1,975,464,99,404,1,-1,-1,-1
611,1,946,464,129,404,1,-1,-1,-1
612,1,922,464,143,409,1,-1,-1,-1
613,1,903,464,161,409,1,-1,-1,-1
614,1,895,464,161,409,1,-1,-1,-1
615,1,895,464,161,409,1,-1,-1,-1
616,1,886,460,161,416,1,-1,-1,-1
617,1,879,460,161,416,1,-1,-1,-1
618,1,875,456,152,428,1,-1,-1,-1
619,1,867,456,140,428,1,-1,-1,-1
620,1,848,457,140,428,1,-1,-1,-1
621,1,840,456,140,429,1,-1,-1,-1
622,1,818,456,152,429,1,-1,-1,-1
623,1,790,457,170,440,1,-1,-1,-1
624,1,779,457,166,440,1,-1,-1,-1
625,1,779,450,160,447,1,-1,-1,-1
626,1,767,447,160,459,1,-1,-1,-1
627,1,775,443,144,459,1,-1,-1,-1
628,1,775,439,127,459,1,-1,-1,-1
629,1,772,436,127,464,1,-1,-1,-1
630,1,762,436,119,464,1,-1,-1,-1
631,1,745,436,130,464,1,-1,-1,-1
632,1,716,436,140,464,1,-1,-1,-1
633,1,688,436,168,464,1,-1,-1,-1
634,1,665,436,191,464,1,-1,-1,-1
635,1,656,436,195,464,1,-1,-1,-1
636,1,641,429,210,477,1,-1,-1,-1
637,1,648,429,185,477,1,-1,-1,-1
638,1,646,429,164,477,1,-1,-1,-1
639,1,644,428,144,477,1,-1,-1,-1
640,1,624,428,119,477,1,-1,-1,-1
641,1,613,428,119,488,1,-1,-1,-1
642,1,578,428,137,488,1,-1,-1,-1
643,1,561,428,157,488,1,-1,-1,-1
644,1,561,428,157,488,1,-1,-1,-1
645,1,561,428,150,488,1,-1,-1,-1
646,1,561,428,136,469,1,-1,-1,-1
647,1,561,413,123,483,1,-1,-1,-1
648,1,561,413,99,483,1,-1,-1,-1
1163,1,251,173,135,462,1,-1,-1,-1
1164,1,251,173,140,462,1,-1,-1,-1
1165,1,251,156,152,479,1,-1,-1,-1
1166,1,251,156,204,841,1,-1,-1,-1
1167,1,251,156,249,923,1,-1,-1,-1
1168,1,251,156,290,923,1,-1,-1,-1
1169,1,280,164,303,915,1,-1,-1,-1
1170,1,312,164,280,915,1,-1,-1,-1
1171,1,348,164,251,915,1,-1,-1,-1
1172,1,374,164,225,915,1,-1,-1,-1
1173,1,395,164,235,915,1,-1,-1,-1
1174,1,425,164,229,915,1,-1,-1,-1
1175,1,464,181,242,898,1,-1,-1,-1
1176,1,488,181,253,898,1,-1,-1,-1
1177,1,498,197,268,882,1,-1,-1,-1
1178,1,518,197,303,882,1,-1,-1,-1
1179,1,537,207,312,872,1,-1,-1,-1
1180,1,548,207,312,872,1,-1,-1,-1
1181,1,571,215,285,864,1,-1,-1,-1
1182,1,590,215,285,864,1,-1,-1,-1
1183,1,600,228,309,851,1,-1,-1,-1
1184,1,605,236,324,842,1,-1,-1,-1
1185,1,609,242,348,837,1,-1,-1,-1
1186,1,614,242,348,837,1,-1,-1,-1
1187,1,622,249,340,830,1,-1,-1,-1
1188,1,632,269,333,810,1,-1,-1,-1
1189,1,650,276,302,803,1,-1,-1,-1
1190,1,664,285,283,794,1,-1,-1,-1
1191,1,677,285,265,794,1,-1,-1,-1
1192,1,677,285,265,783,1,-1,-1,-1
1193,1,677,299,265,716,1,-1,-1,-1
1194,1,681,302,265,714,1,-1,-1,-1
1195,1,687,312,265,704,1,-1,-1,-1
1196,1,690,321,265,694,1,-1,-1,-1
1197,1,696,321,265,694,1,-1,-1,-1
1198,1,699,337,265,675,1,-1,-1,-1
1199,1,701,337,265,675,1,-1,-1,-1
1200,1,706,337,265,675,1,-1,-1,-1
1201,1,726,345,245,667,1,-1,-1,-1
1202,1,741,351,232,647,1,-1,-1,-1
1203,1,741,351,232,627,1,-1,-1,-1
1204,1,746,360,227,605,1,-1,-1,-1
1205,1,746,360,227,605,1,-1,-1,-1
1206,1,755,371,218,593,1,-1,-1,-1
1207,1,755,378,218,586,1,-1,-1,-1
1208,1,755,378,218,586,1,-1,-1,-1
1209,1,762,388,202,576,1,-1,-1,-1
1210,1,762,388,202,576,1,-1,-1,-1
1211,1,762,399,202,562,1,-1,-1,-1
1212,1,762,399,202,562,1,-1,-1,-1
1213,1,766,399,202,531,1,-1,-1,-1
1214,1,766,399,202,531,1,-1,-1,-1
1215,1,770,405,202,531,1,-1,-1,-1
1216,1,773,409,202,520,1,-1,-1,-1
1217,1,779,413,193,511,1,-1,-1,-1
1218,1,789,421,184,511,1,-1,-1,-1
1219,1,796,423,180,503,1,-1,-1,-1
1220,1,801,426,180,497,1,-1,-1,-1
1221,1,807,429,177,488,1,-1,-1,-1
1222,1,818,432,176,473,1,-1,-1,-1
1223,1,820,432,176,473,1,-1,-1,-1
1224,1,824,434,176,473,1,-1,-1,-1
1225,1,827,435,176,463,1,-1,-1,-1
1226,1,833,440,176,460,1,-1,-1,-1
1227,1,838,443,176,462,1,-1,-1,-1
1228,1,850,447,167,447,1,-1,-1,-1
1229,1,859,450,159,447,1,-1,-1,-1
1230,1,866,450,159,447,1,-1,-1,-1
1231,1,872,453,159,433,1,-1,-1,-1
1232,1,884,455,149,422,1,-1,-1,-1
1,2,1119,183,329,896,1,-1,-1,-1
2,2,1119,183,329,896,1,-1,-1,-1
3,2,1119,183,329,896,1,-1,-1,-1
4,2,1119,183,329,896,1,-1,-1,-1
5,2,1119,183,329,896,1,-1,-1,-1
6,2,1119,183,329,896,1,-1,-1,-1
7,2,1119,183,329,896,1,-1,-1,-1
8,2,1119,183,329,896,1,-1,-1,-1
9,2,1119,183,329,896,1,-1,-1,-1
10,2,1119,183,329,896,1,-1,-1,-1
11,2,1119,183,329,896,1,-1,-1,-1
12,2,1119,183,329,896,1,-1,-1,-1
13,2,1119,183,329,896,1,-1,-1,-1
14,2,1119,183,329,896,1,-1,-1,-1
15,2,1119,183,329,896,1,-1,-1,-1
16,2,1119,183,329,896,1,-1,-1,-1
17,2,1119,183,329,896,1,-1,-1,-1
18,2,1119,183,329,896,1,-1,-1,-1
19,2,1119,183,329,896,1,-1,-1,-1
20,2,1119,183,329,896,1,-1,-1,-1
21,2,1119,183,329,896,1,-1,-1,-1
22,2,1119,183,329,896,1,-1,-1,-1
23,2,1119,178,328,901,1,-1,-1,-1
24,2,1127,177,320,902,1,-1,-1,-1
25,2,1131,176,316,903,1,-1,-1,-1
26,2,1143,173,304,906,1,-1,-1,-1
27,2,1145,170,302,909,1,-1,-1,-1
28,2,1157,173,286,906,1,-1,-1,-1
29,2,1157,173,276,906,1,-1,-1,-1
30,2,1157,173,276,906,1,-1,-1,-1
31,2,1164,173,269,906,1,-1,-1,-1
32,2,1171,173,262,906,1,-1,-1,-1
33,2,1167,173,266,906,1,-1,-1,-1
34,2,1178,173,255,906,1,-1,-1,-1
35,2,1157,173,276,906,1,-1,-1,-1
36,2,1157,173,276,906,1,-1,-1,-1
37,2,1157,173,276,906,1,-1,-1,-1
38,2,1157,173,276,906,1,-1,-1,-1
39,2,1157,173,276,906,1,-1,-1,-1
40,2,1157,173,276,906,1,-1,-1,-1
41,2,1170,173,263,906,1,-1,-1,-1
42,2,1179,173,253,906,1,-1,-1,-1
43,2,1179,173,245,906,1,-1,-1,-1
44,2,1188,173,235,906,1,-1,-1,-1
45,2,1188,173,235,906,1,-1,-1,-1
46,2,1188,173,235,906,1,-1,-1,-1
47,2,1201,181,222,898,1,-1,-1,-1
48,2,1201,181,222,898,1,-1,-1,-1
49,2,1201,181,222,898,1,-1,-1,-1
50,2,1201,181,222,898,1,-1,-1,-1
51,2,1201,188,222,891,1,-1,-1,-1
52,2,1201,194,215,885,1,-1,-1,-1
53,2,1201,194,211,885,1,-1,-1,-1
54,2,1197,194,211,885,1,-1,-1,-1
55,2,1190,204,211,875,1,-1,-1,-1
56,2,1188,204,202,875,1,-1,-1,-1
57,2,1182,204,202,875,1,-1,-1,-1
58,2,1174,210,193,869,1,-1,-1,-1
59,2,1158,214,193,865,1,-1,-1,-1
60,2,1131,219,207,859,1,-1,-1,-1
61,2,1093,231,239,848,1,-1,-1,-1
62,2,1058,241,266,838,1,-1,-1,-1
63,2,1058,249,266,830,1,-1,-1,-1
64,2,1027,258,292,821,1,-1,-1,-1
65,2,1010,258,300,821,1,-1,-1,-1
66,2,993,273,300,806,1,-1,-1,-1
67,2,980,273,289,806,1,-1,-1,-1
68,2,980,270,236,796,1,-1,-1,-1
69,2,961,270,215,796,1,-1,-1,-1
70,2,930,270,229,796,1,-1,-1,-1
71,2,905,270,251,796,1,-1,-1,-1
72,2,881,286,272,780,1,-1,-1,-1
73,2,871,286,272,780,1,-1,-1,-1
74,2,845,291,293,758,1,-1,-1,-1
75,2,835,299,293,750,1,-1,-1,-1
76,2,835,300,286,749,1,-1,-1,-1
77,2,847,309,258,741,1,-1,-1,-1
78,2,847,309,249,708,1,-1,-1,-1
79,2,847,323,239,694,1,-1,-1,-1
80,2,847,323,228,674,1,-1,-1,-1
81,2,847,323,228,674,1,-1,-1,-1
82,2,847,336,222,661,1,-1,-1,-1
83,2,847,341,211,656,1,-1,-1,-1
84,2,847,341,211,656,1,-1,-1,-1
85,2,844,341,205,648,1,-1,-1,-1
86,2,844,341,205,648,1,-1,-1,-1
87,2,844,341,205,648,1,-1,-1,-1
88,2,844,351,205,616,1,-1,-1,-1
89,2,844,351,205,616,1,-1,-1,-1
90,2,844,358,205,609,1,-1,-1,-1
91,2,844,358,191,609,1,-1,-1,-1
92,2,851,368,184,599,1,-1,-1,-1
93,2,851,368,184,599,1,-1,-1,-1
94,2,858,375,167,582,1,-1,-1,-1
95,2,858,375,167,582,1,-1,-1,-1
96,2,899,375,133,582,1,-1,-1,-1
97,2,899,385,133,572,1,-1,-1,-1
98,2,899,385,133,572,1,-1,-1,-1
99,2,899,385,133,572,1,-1,-1,-1
100,2,893,385,139,572,1,-1,-1,-1
101,2,893,385,147,572,1,-1,-1,-1
102,2,879,385,161,572,1,-1,-1,-1
103,2,879,385,161,572,1,-1,-1,-1
104,2,871,385,170,572,1,-1,-1,-1
105,2,871,385,170,572,1,-1,-1,-1
106,2,871,385,170,572,1,-1,-1,-1
107,2,871,379,170,578,1,-1,-1,-1
108,2,864,372,187,585,1,-1,-1,-1
109,2,864,372,193,585,1,-1,-1,-1
110,2,854,364,202,600,1,-1,-1,-1
111,2,850,364,207,600,1,-1,-1,-1
112,2,850,364,207,600,1,-1,-1,-1
113,2,844,357,212,607,1,-1,-1,-1
114,2,844,357,212,607,1,-1,-1,-1
115,2,833,357,218,607,1,-1,-1,-1
116,2,825,357,225,622,1,-1,-1,-1
117,2,820,357,231,637,1,-1,-1,-1
118,2,807,351,244,643,1,-1,-1,-1
119,2,797,351,249,643,1,-1,-1,-1
120,2,797,340,249,654,1,-1,-1,-1
121,2,787,333,249,661,1,-1,-1,-1
122,2,777,326,249,668,1,-1,-1,-1
123,2,784,326,236,668,1,-1,-1,-1
124,2,784,326,236,668,1,-1,-1,-1
125,2,784,326,278,690,1,-1,-1,-1
126,2,796,321,268,694,1,-1,-1,-1
127,2,810,313,262,702,1,-1,-1,-1
128,2,825,314,262,709,1,-1,-1,-1
129,2,825,306,262,729,1,-1,-1,-1
130,2,831,297,256,738,1,-1,-1,-1
131,2,835,290,256,745,1,-1,-1,-1
132,2,845,286,276,749,1,-1,-1,-1
133,2,854,275,290,760,1,-1,-1,-1
134,2,861,275,290,760,1,-1,-1,-1
135,2,876,272,290,793,1,-1,-1,-1
136,2,884,269,290,796,1,-1,-1,-1
137,2,893,269,290,808,1,-1,-1,-1
138,2,904,262,290,817,1,-1,-1,-1
139,2,918,255,290,824,1,-1,-1,-1
140,2,933,246,290,833,1,-1,-1,-1
141,2,943,246,290,833,1,-1,-1,-1
142,2,952,241,297,838,1,-1,-1,-1
143,2,959,235,304,844,1,-1,-1,-1
144,2,959,227,316,852,1,-1,-1,-1
145,2,970,227,309,852,1,-1,-1,-1
146,2,970,222,323,857,1,-1,-1,-1
147,2,980,222,323,857,1,-1,-1,-1
148,2,990,208,328,871,1,-1,-1,-1
149,2,1005,208,328,871,1,-1,-1,-1
150,2,1010,195,341,884,1,-1,-1,-1
151,2,1010,195,357,884,1,-1,-1,-1
152,2,1022,195,344,884,1,-1,-1,-1
153,2,1022,195,344,884,1,-1,-1,-1
154,2,1022,195,344,884,1,-1,-1,-1
155,2,1022,195,344,884,1,-1,-1,-1
156,2,1038,195,328,884,1,-1,-1,-1
157,2,1038,195,328,884,1,-1,-1,-1
158,2,1038,195,328,884,1,-1,-1,-1
159,2,1032,204,334,875,1,-1,-1,-1
160,2,1028,212,334,867,1,-1,-1,-1
161,2,1028,212,334,867,1,-1,-1,-1
162,2,1028,219,334,859,1,-1,-1,-1
163,2,1022,229,319,850,1,-1,-1,-1
164,2,1014,229,269,850,1,-1,-1,-1
165,2,1004,241,251,838,1,-1,-1,-1
166,2,994,241,235,838,1,-1,-1,-1
167,2,961,255,258,824,1,-1,-1,-1
168,2,936,266,279,813,1,-1,-1,-1
169,2,915,276,292,803,1,-1,-1,-1
170,2,913,276,292,803,1,-1,-1,-1
171,2,912,276,272,787,1,-1,-1,-1
172,2,893,276,272,787,1,-1,-1,-1
173,2,874,276,241,760,1,-1,-1,-1
174,2,848,276,242,760,1,-1,-1,-1
175,2,835,286,242,750,1,-1,-1,-1
176,2,817,286,261,750,1,-1,-1,-1
177,2,804,300,261,736,1,-1,-1,-1
178,2,804,304,252,732,1,-1,-1,-1
179,2,804,317,245,707,1,-1,-1,-1
180,2,804,317,245,707,1,-1,-1,-1
181,2,817,317,228,707,1,-1,-1,-1
182,2,817,327,222,661,1,-1,-1,-1
183,2,827,327,212,661,1,-1,-1,-1
184,2,827,337,212,651,1,-1,-1,-1
185,2,827,337,205,648,1,-1,-1,-1
186,2,827,348,205,637,1,-1,-1,-1
187,2,827,360,205,620,1,-1,-1,-1
188,2,827,360,198,620,1,-1,-1,-1
189,2,827,368,194,612,1,-1,-1,-1
190,2,827,368,194,602,1,-1,-1,-1
191,2,827,368,184,602,1,-1,-1,-1
192,2,827,377,184,569,1,-1,-1,-1
193,2,827,377,184,569,1,-1,-1,-1
194,2,827,377,184,569,1,-1,-1,-1
195,2,827,377,184,569,1,-1,-1,-1
196,2,827,385,184,554,1,-1,-1,-1
197,2,834,398,177,541,1,-1,-1,-1
198,2,838,406,176,532,1,-1,-1,-1
199,2,843,406,176,532,1,-1,-1,-1
200,2,847,406,176,520,1,-1,-1,-1
201,2,854,406,176,520,1,-1,-1,-1
202,2,861,415,176,494,1,-1,-1,-1
203,2,866,415,176,494,1,-1,-1,-1
204,2,878,425,164,483,1,-1,-1,-1
205,2,884,425,164,483,1,-1,-1,-1
206,2,891,432,157,476,1,-1,-1,-1
207,2,895,432,157,476,1,-1,-1,-1
208,2,901,435,150,476,1,-1,-1,-1
209,2,913,438,143,446,1,-1,-1,-1
210,2,921,438,143,452,1,-1,-1,-1
211,2,927,438,143,452,1,-1,-1,-1
212,2,933,445,143,445,1,-1,-1,-1
213,2,947,445,133,445,1,-1,-1,-1
214,2,953,450,133,439,1,-1,-1,-1
215,2,957,450,140,439,1,-1,-1,-1
216,2,957,450,152,439,1,-1,-1,-1
217,2,978,450,142,426,1,-1,-1,-1
218,2,1000,450,133,402,1,-1,-1,-1
219,2,1020,456,123,409,1,-1,-1,-1
220,2,1027,456,123,193,1,-1,-1,-1
221,2,1027,456,123,193,1,-1,-1,-1
222,2,1046,457,126,193,1,-1,-1,-1
223,2,1052,462,126,184,1,-1,-1,-1
224,2,1061,464,126,180,1,-1,-1,-1
225,2,1073,464,126,180,1,-1,-1,-1
226,2,1081,464,126,180,1,-1,-1,-1
227,2,1087,464,119,174,1,-1,-1,-1
228,2,1093,464,119,174,1,-1,-1,-1
229,2,1103,464,119,176,1,-1,-1,-1
230,2,1113,464,119,170,1,-1,-1,-1
231,2,1123,464,119,166,1,-1,-1,-1
232,2,1136,467,112,156,1,-1,-1,-1
233,2,1147,467,103,147,1,-1,-1,-1
234,2,1155,467,96,147,1,-1,-1,-1
235,2,1162,467,89,147,1,-1,-1,-1
236,2,1162,467,89,147,1,-1,-1,-1
237,2,1162,467,89,147,1,-1,-1,-1
238,2,1162,467,89,147,1,-1,-1,-1
239,2,1162,467,89,147,1,-1,-1,-1
240,2,1162,467,89,147,1,-1,-1,-1
241,2,1157,467,79,147,1,-1,-1,-1
242,2,1156,467,79,147,1,-1,-1,-1
243,2,1151,467,79,147,1,-1,-1,-1
244,2,1142,467,79,147,1,-1,-1,-1
245,2,1136,467,79,147,1,-1,-1,-1
246,2,1128,467,85,156,1,-1,-1,-1
247,2,1120,462,85,168,1,-1,-1,-1
248,2,1104,462,98,168,1,-1,-1,-1
249,2,1095,462,102,176,1,-1,-1,-1
250,2,1082,462,102,178,1,-1,-1,-1
251,2,1073,462,102,184,1,-1,-1,-1
252,2,1063,462,102,184,1,-1,-1,-1
253,2,1012,462,139,405,1,-1,-1,-1
254,2,1001,462,139,405,1,-1,-1,-1
255,2,991,462,139,405,1,-1,-1,-1
256,2,976,462,139,405,1,-1,-1,-1
257,2,957,456,149,411,1,-1,-1,-1
258,2,944,457,149,411,1,-1,-1,-1
259,2,933,457,152,419,1,-1,-1,-1
260,2,927,457,152,428,1,-1,-1,-1
261,2,908,457,159,436,1,-1,-1,-1
262,2,898,447,159,446,1,-1,-1,-1
263,2,898,438,146,456,1,-1,-1,-1
264,2,889,438,146,456,1,-1,-1,-1
265,2,879,438,146,456,1,-1,-1,-1
266,2,867,438,146,456,1,-1,-1,-1
267,2,852,438,146,456,1,-1,-1,-1
268,2,830,438,159,456,1,-1,-1,-1
269,2,813,438,167,456,1,-1,-1,-1
270,2,804,428,174,466,1,-1,-1,-1
271,2,790,428,183,472,1,-1,-1,-1
272,2,781,428,183,472,1,-1,-1,-1
273,2,766,428,154,480,1,-1,-1,-1
274,2,744,428,154,480,1,-1,-1,-1
275,2,731,428,154,487,1,-1,-1,-1
276,2,718,419,154,496,1,-1,-1,-1
277,2,690,419,177,497,1,-1,-1,-1
278,2,683,420,177,497,1,-1,-1,-1
279,2,665,415,185,503,1,-1,-1,-1
280,2,640,415,185,503,1,-1,-1,-1
281,2,622,404,171,514,1,-1,-1,-1
282,2,620,404,152,514,1,-1,-1,-1
283,2,604,404,152,514,1,-1,-1,-1
284,2,585,404,170,514,1,-1,-1,-1
285,2,585,404,170,514,1,-1,-1,-1
286,2,565,404,188,514,1,-1,-1,-1
287,2,565,404,188,514,1,-1,-1,-1
288,2,565,404,166,514,1,-1,-1,-1
289,2,565,404,127,514,1,-1,-1,-1
290,2,565,404,54,514,1,-1,-1,-1
327,3,252,146,159,479,1,-1,-1,-1
328,3,253,146,183,479,1,-1,-1,-1
329,3,252,146,221,479,1,-1,-1,-1
330,3,252,146,252,933,1,-1,-1,-1
331,3,252,146,326,933,1,-1,-1,-1
332,3,252,146,326,933,1,-1,-1,-1
333,3,252,146,326,933,1,-1,-1,-1
334,3,310,146,283,933,1,-1,-1,-1
335,3,347,146,283,933,1,-1,-1,-1
336,3,377,132,283,947,1,-1,-1,-1
337,3,411,123,283,956,1,-1,-1,-1
338,3,439,123,293,956,1,-1,-1,-1
339,3,469,123,293,956,1,-1,-1,-1
340,3,502,123,293,956,1,-1,-1,-1
341,3,539,142,293,937,1,-1,-1,-1
342,3,554,142,336,937,1,-1,-1,-1
343,3,585,142,336,937,1,-1,-1,-1
344,3,599,142,336,937,1,-1,-1,-1
345,3,618,142,336,937,1,-1,-1,-1
346,3,721,142,270,937,1,-1,-1,-1
347,3,807,142,238,937,1,-1,-1,-1
348,3,848,142,249,937,1,-1,-1,-1
349,3,872,142,279,937,1,-1,-1,-1
350,3,872,142,374,937,1,-1,-1,-1
351,3,872,142,405,937,1,-1,-1,-1
352,3,898,157,409,922,1,-1,-1,-1
353,3,926,157,409,922,1,-1,-1,-1
354,3,1022,157,337,922,1,-1,-1,-1
355,3,1136,156,235,923,1,-1,-1,-1
356,3,1165,156,235,923,1,-1,-1,-1
357,3,1195,170,235,909,1,-1,-1,-1
358,3,1223,170,289,909,1,-1,-1,-1
359,3,1260,190,265,889,1,-1,-1,-1
360,3,1276,201,265,878,1,-1,-1,-1
361,3,1318,207,232,872,1,-1,-1,-1
362,3,1342,207,241,872,1,-1,-1,-1
363,3,1351,218,251,861,1,-1,-1,-1
364,3,1371,218,251,861,1,-1,-1,-1
365,3,1388,218,251,861,1,-1,-1,-1
366,3,1406,241,270,838,1,-1,-1,-1
367,3,1422,255,262,824,1,-1,-1,-1
368,3,1458,263,222,816,1,-1,-1,-1
369,3,1475,269,222,810,1,-1,-1,-1
370,3,1485,269,222,810,1,-1,-1,-1
371,3,1497,269,222,765,1,-1,-1,-1
372,3,1497,283,222,750,1,-1,-1,-1
373,3,1505,292,214,742,1,-1,-1,-1
374,3,1505,303,222,724,1,-1,-1,-1
375,3,1505,303,222,724,1,-1,-1,-1
376,3,1505,326,222,701,1,-1,-1,-1
377,3,1505,326,222,685,1,-1,-1,-1
378,3,1505,326,202,675,1,-1,-1,-1
379,3,1498,327,202,653,1,-1,-1,-1
380,3,1498,327,202,653,1,-1,-1,-1
381,3,1492,343,202,637,1,-1,-1,-1
382,3,1492,343,202,637,1,-1,-1,-1
383,3,1492,358,190,622,1,-1,-1,-1
384,3,1492,358,178,615,1,-1,-1,-1
385,3,1492,358,178,615,1,-1,-1,-1
386,3,1492,358,178,615,1,-1,-1,-1
387,3,1492,371,171,568,1,-1,-1,-1
388,3,1492,371,163,568,1,-1,-1,-1
389,3,1484,371,163,568,1,-1,-1,-1
390,3,1481,371,163,558,1,-1,-1,-1
391,3,1471,382,163,547,1,-1,-1,-1
392,3,1464,382,163,547,1,-1,-1,-1
393,3,1464,398,157,531,1,-1,-1,-1
394,3,1449,398,157,531,1,-1,-1,-1
395,3,1448,398,146,522,1,-1,-1,-1
396,3,1439,398,146,513,1,-1,-1,-1
397,3,1430,398,146,513,1,-1,-1,-1
398,3,1423,409,146,488,1,-1,-1,-1
399,3,1414,409,146,488,1,-1,-1,-1
400,3,1405,409,146,488,1,-1,-1,-1
401,3,1400,423,146,474,1,-1,-1,-1
402,3,1393,423,146,474,1,-1,-1,-1
403,3,1383,423,146,474,1,-1,-1,-1
404,3,1378,423,146,460,1,-1,-1,-1
405,3,1381,423,137,453,1,-1,-1,-1
406,3,1373,432,139,439,1,-1,-1,-1
407,3,1364,432,139,249,1,-1,-1,-1
408,3,1364,432,139,207,1,-1,-1,-1
409,3,1356,433,132,205,1,-1,-1,-1
410,3,1344,442,132,183,1,-1,-1,-1
411,3,1337,442,126,183,1,-1,-1,-1
412,3,1322,442,126,183,1,-1,-1,-1
413,3,1312,442,126,183,1,-1,-1,-1
414,3,1310,442,113,183,1,-1,-1,-1
415,3,1303,449,113,176,1,-1,-1,-1
416,3,1291,449,113,176,1,-1,-1,-1
417,3,1284,449,110,176,1,-1,-1,-1
418,3,1286,449,99,176,1,-1,-1,-1
419,3,1276,464,99,160,1,-1,-1,-1
420,3,1270,464,93,160,1,-1,-1,-1
421,3,1257,464,93,160,1,-1,-1,-1
422,3,1249,464,88,160,1,-1,-1,-1
423,3,1238,464,88,160,1,-1,-1,-1
424,3,1227,464,88,160,1,-1,-1,-1
425,3,1215,464,88,160,1,-1,-1,-1
426,3,1206,473,88,152,1,-1,-1,-1
427,3,1194,472,88,153,1,-1,-1,-1
428,3,1178,472,88,153,1,-1,-1,-1
429,3,1165,472,96,153,1,-1,-1,-1
430,3,1147,479,96,146,1,-1,-1,-1
431,3,1133,479,96,146,1,-1,-1,-1
432,3,1120,475,96,146,1,-1,-1,-1
433,3,1109,471,96,146,1,-1,-1,-1
434,3,1095,472,96,154,1,-1,-1,-1
435,3,1087,472,96,154,1,-1,-1,-1
436,3,1073,474,96,163,1,-1,-1,-1
437,3,1070,474,96,163,1,-1,-1,-1
438,3,1058,474,96,163,1,-1,-1,-1
439,3,1039,474,96,163,1,-1,-1,-1
440,3,1027,474,96,163,1,-1,-1,-1
441,3,1017,474,96,389,1,-1,-1,-1
442,3,998,470,96,396,1,-1,-1,-1
443,3,980,470,109,396,1,-1,-1,-1
444,3,977,470,99,396,1,-1,-1,-1
445,3,946,470,116,408,1,-1,-1,-1
446,3,922,470,140,408,1,-1,-1,-1
447,3,922,470,140,408,1,-1,-1,-1
448,3,922,470,140,408,1,-1,-1,-1
453,3,820,459,153,422,1,-1,-1,-1
454,3,790,459,171,422,1,-1,-1,-1
455,3,767,459,194,422,1,-1,-1,-1
456,3,757,459,194,422,1,-1,-1,-1
457,3,767,459,170,422,1,-1,-1,-1
458,3,759,459,146,422,1,-1,-1,-1
459,3,748,459,119,422,1,-1,-1,-1
460,3,736,459,119,422,1,-1,-1,-1
461,3,715,459,125,430,1,-1,-1,-1
462,3,704,456,125,433,1,-1,-1,-1
463,3,690,456,125,433,1,-1,-1,-1
464,3,682,447,125,442,1,-1,-1,-1
465,3,670,447,125,442,1,-1,-1,-1
466,3,664,447,115,446,1,-1,-1,-1
467,3,646,445,115,449,1,-1,-1,-1
468,3,636,445,115,449,1,-1,-1,-1
472,3,565,445,85,473,1,-1,-1,-1
473,3,561,435,113,487,1,-1,-1,-1
474,3,561,435,109,487,1,-1,-1,-1
475,3,561,435,62,487,1,-1,-1,-1
462,4,558,408,120,517,1,-1,-1,-1
463,4,558,404,120,521,1,-1,-1,-1
464,4,558,394,120,531,1,-1,-1,-1
465,4,558,394,120,531,1,-1,-1,-1
466,4,562,394,120,531,1,-1,-1,-1
467,4,562,394,120,544,1,-1,-1,-1
468,4,562,394,177,555,1,-1,-1,-1
469,4,572,394,195,555,1,-1,-1,-1
470,4,579,388,195,561,1,-1,-1,-1
471,4,582,388,195,561,1,-1,-1,-1
472,4,590,388,195,561,1,-1,-1,-1
473,4,600,378,195,576,1,-1,-1,-1
474,4,615,378,187,576,1,-1,-1,-1
475,4,623,371,187,583,1,-1,-1,-1
476,4,634,358,200,592,1,-1,-1,-1
477,4,634,358,239,605,1,-1,-1,-1
478,4,648,358,262,605,1,-1,-1,-1
479,4,658,358,275,605,1,-1,-1,-1
480,4,667,363,275,605,1,-1,-1,-1
481,4,682,362,251,616,1,-1,-1,-1
482,4,692,354,251,624,1,-1,-1,-1
483,4,712,354,231,624,1,-1,-1,-1
484,4,721,345,231,633,1,-1,-1,-1
485,4,731,334,231,644,1,-1,-1,-1
486,4,741,334,251,663,1,-1,-1,-1
487,4,742,334,273,663,1,-1,-1,-1
488,4,754,334,273,663,1,-1,-1,-1
489,4,755,326,273,682,1,-1,-1,-1
490,4,756,326,273,712,1,-1,-1,-1
491,4,760,316,273,722,1,-1,-1,-1
492,4,760,302,273,736,1,-1,-1,-1
493,4,760,292,273,746,1,-1,-1,-1
494,4,760,292,273,746,1,-1,-1,-1
495,4,760,280,285,758,1,-1,-1,-1
496,4,760,276,300,762,1,-1,-1,-1
497,4,760,272,313,779,1,-1,-1,-1
498,4,760,272,313,801,1,-1,-1,-1
499,4,760,266,304,807,1,-1,-1,-1
500,4,760,265,304,811,1,-1,-1,-1
501,4,760,251,304,825,1,-1,-1,-1
502,4,787,242,296,834,1,-1,-1,-1
503,4,797,232,290,847,1,-1,-1,-1
504,4,797,222,304,857,1,-1,-1,-1
505,4,797,214,295,865,1,-1,-1,-1
506,4,777,207,302,872,1,-1,-1,-1
507,4,758,201,319,878,1,-1,-1,-1
508,4,739,201,319,878,1,-1,-1,-1
509,4,726,201,319,878,1,-1,-1,-1
510,4,726,201,319,878,1,-1,-1,-1
511,4,670,201,372,878,1,-1,-1,-1
512,4,670,190,372,889,1,-1,-1,-1
513,4,627,190,375,889,1,-1,-1,-1
514,4,612,190,338,889,1,-1,-1,-1
515,4,588,180,289,899,1,-1,-1,-1
516,4,549,180,293,899,1,-1,-1,-1
517,4,532,180,287,899,1,-1,-1,-1
518,4,522,180,279,899,1,-1,-1,-1
519,4,490,167,303,912,1,-1,-1,-1
520,4,463,167,330,912,1,-1,-1,-1
521,4,430,159,362,920,1,-1,-1,-1
522,4,398,143,371,936,1,-1,-1,-1
523,4,367,143,351,936,1,-1,-1,-1
524,4,354,130,302,949,1,-1,-1,-1
525,4,337,118,276,961,1,-1,-1,-1
525,4,337,118,276,961,1,-1,-1,-1
526,4,304,126,276,953,1,-1,-1,-1
527,4,295,126,276,953,1,-1,-1,-1
528,4,270,126,300,953,1,-1,-1,-1
529,4,270,126,300,953,1,-1,-1,-1
530,4,253,126,317,953,1,-1,-1,-1
531,4,250,157,317,922,1,-1,-1,-1
532,4,251,157,300,922,1,-1,-1,-1
533,4,251,157,255,922,1,-1,-1,-1
534,4,251,157,255,922,1,-1,-1,-1
535,4,251,171,126,456,1,-1,-1,-1
990,5,253,102,184,656,1,-1,-1,-1
991,5,253,102,184,656,1,-1,-1,-1
992,5,253,102,184,656,1,-1,-1,-1
993,5,253,115,214,910,1,-1,-1,-1
994,5,253,115,255,964,1,-1,-1,-1
995,5,277,115,255,964,1,-1,-1,-1
996,5,300,115,275,964,1,-1,-1,-1
997,5,330,115,253,964,1,-1,-1,-1
998,5,362,103,251,976,1,-1,-1,-1
999,5,387,103,253,976,1,-1,-1,-1
1000,5,421,103,262,976,1,-1,-1,-1
1001,5,445,103,327,976,1,-1,-1,-1
1002,5,479,103,353,976,1,-1,-1,-1
1003,5,514,116,353,963,1,-1,-1,-1
1004,5,547,116,394,963,1,-1,-1,-1
1005,5,557,116,394,963,1,-1,-1,-1
1006,5,586,116,388,963,1,-1,-1,-1
1007,5,617,132,357,947,1,-1,-1,-1
1008,5,664,132,295,947,1,-1,-1,-1
1009,5,692,140,266,939,1,-1,-1,-1
1010,5,715,146,266,933,1,-1,-1,-1
1011,5,742,154,293,925,1,-1,-1,-1
1012,5,760,159,314,920,1,-1,-1,-1
1013,5,789,159,286,920,1,-1,-1,-1
1014,5,814,173,270,906,1,-1,-1,-1
1015,5,825,173,321,906,1,-1,-1,-1
1016,5,825,173,385,906,1,-1,-1,-1
1017,5,838,173,395,906,1,-1,-1,-1
1018,5,838,197,402,882,1,-1,-1,-1
1019,5,838,197,402,882,1,-1,-1,-1
1020,5,838,211,402,868,1,-1,-1,-1
1021,5,838,222,402,857,1,-1,-1,-1
1022,5,835,222,374,857,1,-1,-1,-1
1023,5,848,232,341,847,1,-1,-1,-1
1024,5,848,241,330,838,1,-1,-1,-1
1025,5,840,252,330,827,1,-1,-1,-1
1026,5,840,252,330,813,1,-1,-1,-1
1027,5,840,263,321,801,1,-1,-1,-1
1028,5,837,272,321,793,1,-1,-1,-1
1029,5,837,285,321,780,1,-1,-1,-1
1030,5,837,285,306,780,1,-1,-1,-1
1031,5,828,293,290,760,1,-1,-1,-1
1032,5,827,299,279,742,1,-1,-1,-1
1033,5,811,312,269,699,1,-1,-1,-1
1034,5,807,319,273,692,1,-1,-1,-1
1035,5,790,326,263,685,1,-1,-1,-1
1036,5,799,326,239,671,1,-1,-1,-1
1037,5,797,341,239,656,1,-1,-1,-1
1038,5,797,341,239,656,1,-1,-1,-1
1039,5,786,341,251,656,1,-1,-1,-1
1040,5,767,341,249,632,1,-1,-1,-1
1041,5,748,347,228,623,1,-1,-1,-1
1042,5,739,347,217,623,1,-1,-1,-1
1043,5,724,358,227,612,1,-1,-1,-1
1044,5,698,360,252,612,1,-1,-1,-1
1045,5,690,368,252,602,1,-1,-1,-1
1046,5,682,377,252,586,1,-1,-1,-1
1047,5,678,377,222,586,1,-1,-1,-1
1048,5,677,382,195,555,1,-1,-1,-1
1049,5,680,385,157,555,1,-1,-1,-1
1050,5,674,389,149,547,1,-1,-1,-1
1051,5,651,389,171,547,1,-1,-1,-1
1052,5,620,399,202,537,1,-1,-1,-1
1053,5,612,399,202,537,1,-1,-1,-1
1054,5,600,394,215,537,1,-1,-1,-1
1055,5,593,394,198,537,1,-1,-1,-1
1056,5,573,394,176,525,1,-1,-1,-1
1057,5,561,394,135,525,1,-1,-1,-1
1058,5,561,394,116,525,1,-1,-1,-1
1059,5,561,394,110,525,1,-1,-1,-1
1060,5,561,394,110,525,1,-1,-1,-1
1061,5,561,394,110,525,1,-1,-1,-1
