0,0,548,198,313,880,1,-1,-1,-1
0,4,1326,104,395,974,1,-1,-1,-1
1,0,548,198,313,880,1,-1,-1,-1
1,4,1326,104,395,974,1,-1,-1,-1
2,0,548,198,313,880,1,-1,-1,-1
2,4,1326,104,395,974,1,-1,-1,-1
2,5,1309,457,115,166,1,-1,-1,-1
3,0,548,198,313,880,1,-1,-1,-1
3,4,1339,104,366,974,1,-1,-1,-1
3,5,1309,457,115,166,1,-1,-1,-1
4,0,548,198,313,880,1,-1,-1,-1
4,4,1354,104,340,974,1,-1,-1,-1
4,5,1309,457,115,166,1,-1,-1,-1
5,0,548,198,313,880,1,-1,-1,-1
5,4,1371,111,311,967,1,-1,-1,-1
5,5,1309,450,115,173,1,-1,-1,-1
6,0,548,192,313,886,1,-1,-1,-1
6,4,1384,121,275,957,1,-1,-1,-1
6,5,1307,450,117,173,1,-1,-1,-1
7,0,548,192,313,886,1,-1,-1,-1
7,4,1384,121,275,957,1,-1,-1,-1
7,5,1302,450,123,173,1,-1,-1,-1
8,0,548,192,313,886,1,-1,-1,-1
8,4,1384,121,264,957,1,-1,-1,-1
8,5,1315,450,110,173,1,-1,-1,-1
9,0,548,192,313,886,1,-1,-1,-1
9,4,1384,135,264,943,1,-1,-1,-1
9,5,1315,450,110,173,1,-1,-1,-1
10,0,548,192,313,886,1,-1,-1,-1
10,4,1384,135,264,943,1,-1,-1,-1
10,5,1326,450,98,173,1,-1,-1,-1
11,0,548,192,313,886,1,-1,-1,-1
11,4,1384,135,264,943,1,-1,-1,-1
11,5,1333,450,91,173,1,-1,-1,-1
12,0,548,192,313,886,1,-1,-1,-1
12,4,1384,156,252,923,1,-1,-1,-1
12,5,1333,450,91,173,1,-1,-1,-1
13,0,548,192,313,886,1,-1,-1,-1
13,4,1384,161,252,917,1,-1,-1,-1
13,5,1333,450,91,173,1,-1,-1,-1
14,0,548,192,313,886,1,-1,-1,-1
14,4,1384,167,252,911,1,-1,-1,-1
14,5,1333,450,91,173,1,-1,-1,-1
15,0,548,192,313,886,1,-1,-1,-1
15,4,1384,180,252,898,1,-1,-1,-1
15,5,1333,450,91,173,1,-1,-1,-1
16,0,548,192,313,886,1,-1,-1,-1
16,4,1384,180,252,898,1,-1,-1,-1
16,5,1333,450,91,173,1,-1,-1,-1
17,0,548,192,313,886,1,-1,-1,-1
17,4,1384,187,252,891,1,-1,-1,-1
17,5,1326,450,105,173,1,-1,-1,-1
18,0,548,192,313,886,1,-1,-1,-1
18,4,1384,196,252,882,1,-1,-1,-1
18,5,1325,450,98,173,1,-1,-1,-1
19,0,548,192,313,886,1,-1,-1,-1
19,4,1384,196,252,882,1,-1,-1,-1
19,5,1325,458,98,164,1,-1,-1,-1
20,0,548,192,313,886,1,-1,-1,-1
20,4,1384,196,252,882,1,-1,-1,-1
20,5,1325,458,84,164,1,-1,-1,-1
21,0,548,192,313,886,1,-1,-1,-1
21,4,1384,196,252,882,1,-1,-1,-1
21,5,1319,459,84,164,1,-1,-1,-1
22,0,548,192,313,886,1,-1,-1,-1
22,4,1391,205,245,874,1,-1,-1,-1
22,5,1315,464,81,159,1,-1,-1,-1
23,0,548,192,313,886,1,-1,-1,-1
23,4,1391,205,245,874,1,-1,-1,-1
23,5,1309,464,81,159,1,-1,-1,-1
24,0,548,192,313,886,1,-1,-1,-1
24,4,1391,205,245,874,1,-1,-1,-1
24,5,1303,464,81,159,1,-1,-1,-1
25,0,548,192,313,886,1,-1,-1,-1
25,4,1391,205,245,874,1,-1,-1,-1
25,5,1294,464,95,159,1,-1,-1,-1
26,0,548,192,313,886,1,-1,-1,-1
26,4,1391,205,245,874,1,-1,-1,-1
26,5,1279,471,101,151,1,-1,-1,-1
27,0,548,192,313,886,1,-1,-1,-1
27,4,1391,208,242,871,1,-1,-1,-1
27,5,1267,471,101,151,1,-1,-1,-1
28,0,548,192,313,886,1,-1,-1,-1
28,4,1401,208,228,871,1,-1,-1,-1
28,5,1257,471,94,151,1,-1,-1,-1
29,0,548,192,313,886,1,-1,-1,-1
29,4,1401,208,228,871,1,-1,-1,-1
29,5,1243,471,97,151,1,-1,-1,-1
30,0,548,192,313,886,1,-1,-1,-1
30,4,1401,208,228,871,1,-1,-1,-1
30,5,1206,471,133,151,1,-1,-1,-1
31,0,548,192,313,886,1,-1,-1,-1
31,4,1401,208,228,871,1,-1,-1,-1
31,5,1189,471,133,151,1,-1,-1,-1
32,0,548,192,313,886,1,-1,-1,-1
32,4,1391,208,238,871,1,-1,-1,-1
32,5,1185,471,120,151,1,-1,-1,-1
33,0,548,192,313,886,1,-1,-1,-1
33,4,1391,208,238,871,1,-1,-1,-1
33,5,1188,471,101,151,1,-1,-1,-1
34,0,548,192,313,886,1,-1,-1,-1
34,4,1391,208,252,871,1,-1,-1,-1
34,5,1176,471,101,151,1,-1,-1,-1
35,0,548,192,313,886,1,-1,-1,-1
35,4,1391,208,252,871,1,-1,-1,-1
35,5,1183,474,82,151,1,-1,-1,-1
36,0,548,192,308,886,1,-1,-1,-1
36,4,1391,208,252,871,1,-1,-1,-1
36,5,1173,473,82,151,1,-1,-1,-1
37,0,548,192,308,886,1,-1,-1,-1
37,4,1391,196,252,882,1,-1,-1,-1
37,5,1159,473,82,151,1,-1,-1,-1
38,0,548,192,308,886,1,-1,-1,-1
38,4,1391,189,252,889,1,-1,-1,-1
38,5,1147,476,82,151,1,-1,-1,-1
39,0,548,192,308,886,1,-1,-1,-1
39,4,1413,176,241,902,1,-1,-1,-1
39,5,1114,477,99,151,1,-1,-1,-1
40,0,548,192,308,886,1,-1,-1,-1
40,4,1413,170,258,908,1,-1,-1,-1
40,5,1114,477,99,151,1,-1,-1,-1
41,0,548,192,308,886,1,-1,-1,-1
41,4,1413,161,274,917,1,-1,-1,-1
41,5,1102,476,99,151,1,-1,-1,-1
42,0,548,192,308,886,1,-1,-1,-1
42,4,1413,161,290,917,1,-1,-1,-1
42,5,1032,476,170,151,1,-1,-1,-1
43,0,548,192,308,886,1,-1,-1,-1
43,4,1413,150,308,928,1,-1,-1,-1
43,5,1022,476,164,151,1,-1,-1,-1
44,0,548,192,308,886,1,-1,-1,-1
44,4,1413,137,326,941,1,-1,-1,-1
44,5,1022,476,154,151,1,-1,-1,-1
45,0,548,192,308,886,1,-1,-1,-1
45,4,1401,138,353,941,1,-1,-1,-1
45,5,1022,476,134,151,1,-1,-1,-1
46,0,548,192,308,886,1,-1,-1,-1
46,4,1401,132,370,947,1,-1,-1,-1
46,5,1018,476,134,160,1,-1,-1,-1
47,0,548,192,308,886,1,-1,-1,-1
47,5,1008,476,128,386,1,-1,-1,-1
47,4,1401,126,386,953,1,-1,-1,-1
48,0,548,192,308,886,1,-1,-1,-1
48,5,1000,476,127,386,1,-1,-1,-1
48,4,1418,125,381,953,1,-1,-1,-1
49,0,548,192,308,886,1,-1,-1,-1
49,5,990,476,128,386,1,-1,-1,-1
49,4,1418,125,381,953,1,-1,-1,-1
50,0,548,192,308,886,1,-1,-1,-1
50,5,970,476,133,386,1,-1,-1,-1
50,4,1436,110,366,969,1,-1,-1,-1
51,5,974,476,117,386,1,-1,-1,-1
51,0,548,192,308,886,1,-1,-1,-1
51,4,1436,110,366,969,1,-1,-1,-1
52,0,548,192,308,886,1,-1,-1,-1
52,5,941,476,150,386,1,-1,-1,-1
52,4,1436,101,366,977,1,-1,-1,-1
53,0,548,192,308,886,1,-1,-1,-1
53,5,928,476,153,386,1,-1,-1,-1
53,4,1436,101,366,977,1,-1,-1,-1
54,0,548,192,308,886,1,-1,-1,-1
54,5,928,476,143,386,1,-1,-1,-1
54,4,1436,101,366,977,1,-1,-1,-1
55,0,548,192,308,886,1,-1,-1,-1
55,5,928,476,125,386,1,-1,-1,-1
55,4,1436,101,366,977,1,-1,-1,-1
56,0,548,192,308,886,1,-1,-1,-1
56,5,925,476,128,392,1,-1,-1,-1
56,4,1436,101,366,977,1,-1,-1,-1
57,0,548,192,317,886,1,-1,-1,-1
57,5,925,476,111,392,1,-1,-1,-1
57,4,1436,101,366,977,1,-1,-1,-1
58,0,548,192,317,886,1,-1,-1,-1
58,5,910,476,115,402,1,-1,-1,-1
58,4,1423,101,368,977,1,-1,-1,-1
59,0,548,192,317,886,1,-1,-1,-1
59,5,897,476,115,402,1,-1,-1,-1
59,4,1423,101,368,977,1,-1,-1,-1
60,0,548,192,317,886,1,-1,-1,-1
60,5,897,467,112,411,1,-1,-1,-1
60,4,1423,101,349,977,1,-1,-1,-1
61,0,548,192,317,886,1,-1,-1,-1
61,5,885,467,118,418,1,-1,-1,-1
61,4,1423,101,333,977,1,-1,-1,-1
62,0,548,192,317,886,1,-1,-1,-1
62,5,885,467,118,418,1,-1,-1,-1
62,4,1423,123,316,956,1,-1,-1,-1
63,0,548,192,317,886,1,-1,-1,-1
63,5,885,467,118,418,1,-1,-1,-1
63,4,1423,123,291,956,1,-1,-1,-1
64,0,548,192,317,886,1,-1,-1,-1
64,5,878,467,133,418,1,-1,-1,-1
64,4,1408,123,283,956,1,-1,-1,-1
65,0,548,192,317,886,1,-1,-1,-1
65,5,878,467,135,418,1,-1,-1,-1
65,4,1388,137,288,941,1,-1,-1,-1
66,0,548,192,317,886,1,-1,-1,-1
66,5,878,467,148,418,1,-1,-1,-1
66,4,1382,138,274,941,1,-1,-1,-1
67,0,548,192,317,886,1,-1,-1,-1
67,5,878,467,164,418,1,-1,-1,-1
67,4,1368,156,288,923,1,-1,-1,-1
68,0,548,192,317,886,1,-1,-1,-1
68,5,878,467,173,418,1,-1,-1,-1
68,4,1368,156,288,923,1,-1,-1,-1
69,0,548,192,317,886,1,-1,-1,-1
69,5,878,467,177,418,1,-1,-1,-1
69,4,1354,156,285,923,1,-1,-1,-1
70,0,548,192,317,886,1,-1,-1,-1
70,5,878,467,187,418,1,-1,-1,-1
70,4,1354,156,285,923,1,-1,-1,-1
71,0,548,192,317,886,1,-1,-1,-1
71,5,892,467,173,418,1,-1,-1,-1
71,4,1342,156,284,923,1,-1,-1,-1
72,0,548,192,317,886,1,-1,-1,-1
72,5,897,467,187,418,1,-1,-1,-1
72,4,1342,156,284,923,1,-1,-1,-1
73,0,548,192,317,886,1,-1,-1,-1
73,5,897,467,187,418,1,-1,-1,-1
73,4,1342,179,284,899,1,-1,-1,-1
74,0,548,192,317,886,1,-1,-1,-1
74,5,910,463,179,418,1,-1,-1,-1
74,4,1342,179,284,899,1,-1,-1,-1
75,0,548,192,317,886,1,-1,-1,-1
75,5,917,463,179,418,1,-1,-1,-1
75,4,1342,179,274,899,1,-1,-1,-1
76,0,548,192,317,886,1,-1,-1,-1
76,5,917,463,179,418,1,-1,-1,-1
76,4,1342,179,274,899,1,-1,-1,-1
77,0,548,192,317,886,1,-1,-1,-1
77,5,917,463,189,418,1,-1,-1,-1
77,4,1342,179,274,899,1,-1,-1,-1
78,0,548,192,317,886,1,-1,-1,-1
78,5,917,463,189,418,1,-1,-1,-1
78,4,1342,179,274,899,1,-1,-1,-1
79,0,548,192,317,886,1,-1,-1,-1
79,5,917,463,189,418,1,-1,-1,-1
79,4,1342,179,274,899,1,-1,-1,-1
80,0,548,192,317,886,1,-1,-1,-1
80,5,917,463,189,418,1,-1,-1,-1
80,4,1342,179,274,899,1,-1,-1,-1
81,0,548,192,317,886,1,-1,-1,-1
81,5,917,463,189,418,1,-1,-1,-1
81,4,1342,179,274,899,1,-1,-1,-1
82,0,548,192,317,886,1,-1,-1,-1
82,5,917,463,189,418,1,-1,-1,-1
82,4,1342,179,274,899,1,-1,-1,-1
83,0,548,192,317,886,1,-1,-1,-1
83,5,917,463,189,418,1,-1,-1,-1
83,4,1342,179,274,899,1,-1,-1,-1
84,0,548,185,317,894,1,-1,-1,-1
84,5,917,463,173,418,1,-1,-1,-1
84,4,1342,170,274,908,1,-1,-1,-1
85,0,548,185,317,894,1,-1,-1,-1
85,5,907,463,173,418,1,-1,-1,-1
85,4,1342,170,274,908,1,-1,-1,-1
86,0,557,185,317,894,1,-1,-1,-1
86,5,907,463,173,418,1,-1,-1,-1
86,4,1342,170,274,908,1,-1,-1,-1
87,0,557,185,317,894,1,-1,-1,-1
87,5,907,463,173,418,1,-1,-1,-1
87,4,1342,170,274,908,1,-1,-1,-1
88,0,556,185,323,894,1,-1,-1,-1
88,5,899,463,166,418,1,-1,-1,-1
88,4,1342,170,265,908,1,-1,-1,-1
89,0,556,185,336,894,1,-1,-1,-1
89,5,899,463,151,418,1,-1,-1,-1
89,4,1352,170,255,908,1,-1,-1,-1
90,0,568,185,330,894,1,-1,-1,-1
90,5,899,463,143,418,1,-1,-1,-1
90,4,1352,170,255,908,1,-1,-1,-1
91,0,568,185,336,894,1,-1,-1,-1
91,5,899,463,135,418,1,-1,-1,-1
91,4,1352,170,255,908,1,-1,-1,-1
92,0,568,185,336,894,1,-1,-1,-1
92,5,899,463,123,418,1,-1,-1,-1
92,4,1352,170,255,908,1,-1,-1,-1
93,0,568,185,336,894,1,-1,-1,-1
93,5,899,463,120,418,1,-1,-1,-1
93,4,1352,170,255,908,1,-1,-1,-1
94,0,568,185,355,894,1,-1,-1,-1
94,5,899,463,108,418,1,-1,-1,-1
94,4,1352,170,255,908,1,-1,-1,-1
95,0,568,176,355,902,1,-1,-1,-1
95,5,899,463,108,418,1,-1,-1,-1
95,4,1352,170,255,908,1,-1,-1,-1
96,0,568,169,355,910,1,-1,-1,-1
96,5,899,463,108,418,1,-1,-1,-1
96,4,1342,170,258,908,1,-1,-1,-1
97,0,568,169,355,910,1,-1,-1,-1
97,5,899,463,108,418,1,-1,-1,-1
97,4,1342,170,251,908,1,-1,-1,-1
98,0,568,160,355,918,1,-1,-1,-1
98,5,899,463,124,418,1,-1,-1,-1
98,4,1342,170,251,908,1,-1,-1,-1
99,0,568,145,355,933,1,-1,-1,-1
99,5,899,463,146,418,1,-1,-1,-1
99,4,1333,170,251,908,1,-1,-1,-1
100,5,899,463,146,418,1,-1,-1,-1
100,4,1333,170,251,908,1,-1,-1,-1
100,0,542,123,381,956,1,-1,-1,-1
101,5,910,463,135,418,1,-1,-1,-1
101,4,1327,170,251,908,1,-1,-1,-1
101,0,536,115,386,963,1,-1,-1,-1
102,5,921,463,146,418,1,-1,-1,-1
102,4,1323,170,251,908,1,-1,-1,-1
102,0,536,82,386,996,1,-1,-1,-1
103,5,921,463,146,418,1,-1,-1,-1
103,4,1313,170,251,908,1,-1,-1,-1
103,0,536,75,386,1003,1,-1,-1,-1
104,5,921,470,146,411,1,-1,-1,-1
104,4,1289,192,258,886,1,-1,-1,-1
104,0,545,62,396,1016,1,-1,-1,-1
105,5,921,470,153,411,1,-1,-1,-1
105,4,1272,186,258,892,1,-1,-1,-1
105,0,558,46,396,1032,1,-1,-1,-1
106,5,934,471,153,411,1,-1,-1,-1
106,4,1260,186,258,892,1,-1,-1,-1
106,0,571,30,396,1048,1,-1,-1,-1
107,5,980,471,118,411,1,-1,-1,-1
107,4,1253,183,254,892,1,-1,-1,-1
107,0,592,32,417,1046,1,-1,-1,-1
108,5,1009,471,89,411,1,-1,-1,-1
108,4,1215,183,295,892,1,-1,-1,-1
108,0,633,10,415,1068,1,-1,-1,-1
109,4,1186,183,324,892,1,-1,-1,-1
109,0,673,10,431,1068,1,-1,-1,-1
110,4,1170,177,347,901,1,-1,-1,-1
110,0,689,1,453,1077,1,-1,-1,-1
111,4,1153,177,330,901,1,-1,-1,-1
111,0,716,1,460,1077,1,-1,-1,-1
112,4,1168,177,297,901,1,-1,-1,-1
112,0,770,1,466,1077,1,-1,-1,-1
113,4,1176,177,264,901,1,-1,-1,-1
113,0,804,1,492,1077,1,-1,-1,-1
114,0,861,1,506,1077,1,-1,-1,-1
115,0,923,1,559,1077,1,-1,-1,-1
116,0,1002,1,549,1077,1,-1,-1,-1
117,0,1068,1,577,1077,1,-1,-1,-1
118,0,1153,1,591,1077,1,-1,-1,-1
118,4,1034,183,285,895,1,-1,-1,-1
119,0,1224,1,605,1077,1,-1,-1,-1
119,4,1034,183,277,895,1,-1,-1,-1
120,0,1281,1,631,1077,1,-1,-1,-1
120,4,1034,183,277,895,1,-1,-1,-1
121,0,1374,1,545,1077,1,-1,-1,-1
121,4,1015,183,271,895,1,-1,-1,-1
122,0,1469,1,450,1077,1,-1,-1,-1
122,4,1015,202,271,876,1,-1,-1,-1
123,0,1545,1,373,1077,1,-1,-1,-1
123,4,1005,202,281,876,1,-1,-1,-1
124,0,1612,1,307,1077,1,-1,-1,-1
124,4,1000,202,262,876,1,-1,-1,-1
124,5,1195,479,78,146,1,-1,-1,-1
125,0,1671,1,248,1077,1,-1,-1,-1
125,4,991,202,262,876,1,-1,-1,-1
125,5,1195,479,78,146,1,-1,-1,-1
126,4,974,219,229,859,1,-1,-1,-1
126,5,1195,479,78,146,1,-1,-1,-1
127,4,964,202,231,876,1,-1,-1,-1
127,5,1198,479,78,146,1,-1,-1,-1
128,4,953,219,231,859,1,-1,-1,-1
128,5,1207,478,78,146,1,-1,-1,-1
129,4,939,219,231,859,1,-1,-1,-1
129,5,1219,477,78,146,1,-1,-1,-1
130,4,888,219,270,859,1,-1,-1,-1
130,5,1219,477,85,146,1,-1,-1,-1
131,4,878,219,270,859,1,-1,-1,-1
131,5,1231,477,94,146,1,-1,-1,-1
132,4,837,219,295,859,1,-1,-1,-1
132,5,1243,477,94,146,1,-1,-1,-1
133,4,841,213,290,865,1,-1,-1,-1
133,5,1260,477,89,146,1,-1,-1,-1
134,4,833,213,287,865,1,-1,-1,-1
134,5,1269,477,94,146,1,-1,-1,-1
135,4,771,206,337,872,1,-1,-1,-1
135,5,1279,476,95,146,1,-1,-1,-1
136,4,758,200,339,878,1,-1,-1,-1
136,5,1285,476,95,146,1,-1,-1,-1
137,4,746,200,339,878,1,-1,-1,-1
137,5,1294,476,118,146,1,-1,-1,-1
138,4,738,200,324,878,1,-1,-1,-1
138,5,1294,476,118,146,1,-1,-1,-1
139,4,725,200,337,878,1,-1,-1,-1
139,5,1306,476,154,146,1,-1,-1,-1
140,4,725,212,327,866,1,-1,-1,-1
140,5,1313,467,170,154,1,-1,-1,-1
141,4,725,212,327,866,1,-1,-1,-1
141,5,1313,467,170,154,1,-1,-1,-1
142,4,725,212,327,866,1,-1,-1,-1
142,5,1323,467,170,154,1,-1,-1,-1
143,4,734,228,319,850,1,-1,-1,-1
143,5,1323,454,170,167,1,-1,-1,-1
144,4,734,236,319,842,1,-1,-1,-1
144,5,1323,454,170,167,1,-1,-1,-1
145,4,734,236,319,842,1,-1,-1,-1
145,5,1335,461,170,167,1,-1,-1,-1
146,4,734,248,319,830,1,-1,-1,-1
146,5,1335,461,170,167,1,-1,-1,-1
147,4,734,248,319,830,1,-1,-1,-1
147,5,1335,461,170,167,1,-1,-1,-1
147,2,1747,17,172,1062,1,-1,-1,-1
148,4,722,262,323,816,1,-1,-1,-1
148,5,1344,461,170,167,1,-1,-1,-1
148,2,1682,12,236,1067,1,-1,-1,-1
149,4,722,262,323,816,1,-1,-1,-1
149,5,1344,461,170,167,1,-1,-1,-1
149,2,1626,12,293,1067,1,-1,-1,-1
150,4,722,277,323,781,1,-1,-1,-1
150,5,1344,461,170,167,1,-1,-1,-1
150,2,1626,12,293,1067,1,-1,-1,-1
151,4,732,277,298,781,1,-1,-1,-1
151,5,1344,461,170,167,1,-1,-1,-1
151,2,1577,12,342,1067,1,-1,-1,-1
152,4,732,277,298,781,1,-1,-1,-1
152,5,1335,462,170,167,1,-1,-1,-1
152,2,1565,20,353,1058,1,-1,-1,-1
153,4,732,287,285,771,1,-1,-1,-1
153,5,1335,462,170,167,1,-1,-1,-1
153,2,1509,20,396,1058,1,-1,-1,-1
154,4,741,297,267,751,1,-1,-1,-1
154,5,1335,463,151,167,1,-1,-1,-1
154,2,1459,35,428,1044,1,-1,-1,-1
155,4,741,297,265,757,1,-1,-1,-1
155,5,1335,463,151,167,1,-1,-1,-1
155,2,1428,46,437,1032,1,-1,-1,-1
156,4,728,297,265,757,1,-1,-1,-1
156,5,1341,463,146,167,1,-1,-1,-1
156,2,1382,46,417,1032,1,-1,-1,-1
157,4,728,307,265,747,1,-1,-1,-1
157,5,1341,463,146,167,1,-1,-1,-1
157,2,1339,46,389,1032,1,-1,-1,-1
158,4,728,307,265,747,1,-1,-1,-1
158,5,1330,463,156,167,1,-1,-1,-1
158,2,1297,46,383,1032,1,-1,-1,-1
159,4,728,307,265,731,1,-1,-1,-1
159,5,1323,463,156,167,1,-1,-1,-1
159,2,1279,46,373,1032,1,-1,-1,-1
160,4,734,307,259,731,1,-1,-1,-1
160,5,1323,463,68,167,1,-1,-1,-1
160,2,1235,46,373,1032,1,-1,-1,-1
161,4,734,307,259,731,1,-1,-1,-1
161,2,1199,58,365,1021,1,-1,-1,-1
162,4,763,307,221,711,1,-1,-1,-1
162,2,1137,58,394,1021,1,-1,-1,-1
163,4,763,320,197,692,1,-1,-1,-1
163,2,1091,58,404,1021,1,-1,-1,-1
164,4,763,320,187,692,1,-1,-1,-1
164,2,1059,58,391,1021,1,-1,-1,-1
165,4,763,320,202,692,1,-1,-1,-1
165,2,1013,57,391,1021,1,-1,-1,-1
165,5,1342,458,98,164,1,-1,-1,-1
166,4,763,320,202,692,1,-1,-1,-1
166,2,987,58,349,1021,1,-1,-1,-1
166,5,1317,458,111,164,1,-1,-1,-1
167,4,763,320,190,675,1,-1,-1,-1
167,2,957,58,330,1021,1,-1,-1,-1
167,5,1296,458,133,164,1,-1,-1,-1
168,4,758,320,195,675,1,-1,-1,-1
168,2,931,58,320,1021,1,-1,-1,-1
168,5,1290,458,131,164,1,-1,-1,-1
169,4,758,327,195,667,1,-1,-1,-1
169,2,911,89,313,989,1,-1,-1,-1
169,5,1290,458,131,164,1,-1,-1,-1
170,4,758,327,170,667,1,-1,-1,-1
170,2,878,89,295,989,1,-1,-1,-1
170,5,1290,458,131,164,1,-1,-1,-1
171,4,758,327,157,667,1,-1,-1,-1
171,2,848,89,291,989,1,-1,-1,-1
171,5,1290,458,131,164,1,-1,-1,-1
172,4,754,327,135,667,1,-1,-1,-1
172,2,826,124,293,954,1,-1,-1,-1
172,5,1290,458,131,164,1,-1,-1,-1
173,2,794,124,313,954,1,-1,-1,-1
173,5,1290,458,131,164,1,-1,-1,-1
174,2,775,124,280,954,1,-1,-1,-1
174,5,1290,458,138,164,1,-1,-1,-1
175,2,737,134,278,944,1,-1,-1,-1
175,5,1290,458,138,164,1,-1,-1,-1
176,2,709,150,255,928,1,-1,-1,-1
176,5,1290,458,138,164,1,-1,-1,-1
177,2,675,150,251,928,1,-1,-1,-1
177,5,1305,458,134,164,1,-1,-1,-1
178,2,633,150,265,928,1,-1,-1,-1
178,5,1305,458,134,164,1,-1,-1,-1
179,2,594,150,298,928,1,-1,-1,-1
179,5,1305,458,144,164,1,-1,-1,-1
180,2,594,150,298,928,1,-1,-1,-1
180,5,1305,458,144,164,1,-1,-1,-1
180,4,771,350,164,624,1,-1,-1,-1
181,2,533,150,337,928,1,-1,-1,-1
181,5,1305,458,156,164,1,-1,-1,-1
181,4,771,350,164,624,1,-1,-1,-1
182,2,483,150,363,928,1,-1,-1,-1
182,5,1317,458,151,164,1,-1,-1,-1
182,4,738,350,197,624,1,-1,-1,-1
183,2,447,150,381,928,1,-1,-1,-1
183,5,1330,458,138,164,1,-1,-1,-1
183,4,721,350,197,624,1,-1,-1,-1
184,2,417,150,391,928,1,-1,-1,-1
184,5,1330,458,124,164,1,-1,-1,-1
184,4,721,350,197,624,1,-1,-1,-1
185,2,396,150,317,928,1,-1,-1,-1
185,5,1330,458,127,164,1,-1,-1,-1
185,4,716,345,164,641,1,-1,-1,-1
186,2,373,150,236,928,1,-1,-1,-1
186,5,1317,458,140,164,1,-1,-1,-1
186,4,712,345,169,641,1,-1,-1,-1
187,2,334,150,231,928,1,-1,-1,-1
187,5,1317,458,130,164,1,-1,-1,-1
187,4,705,345,176,641,1,-1,-1,-1
188,2,317,150,231,928,1,-1,-1,-1
188,5,1317,458,137,164,1,-1,-1,-1
188,4,695,345,186,653,1,-1,-1,-1
189,2,294,150,245,928,1,-1,-1,-1
189,5,1310,458,144,164,1,-1,-1,-1
189,4,695,345,193,653,1,-1,-1,-1
190,2,287,161,248,917,1,-1,-1,-1
190,5,1310,458,137,164,1,-1,-1,-1
190,4,690,345,176,653,1,-1,-1,-1
191,2,252,161,285,917,1,-1,-1,-1
191,5,1310,458,137,164,1,-1,-1,-1
191,4,690,334,176,663,1,-1,-1,-1
192,2,252,161,262,917,1,-1,-1,-1
192,5,1310,458,144,164,1,-1,-1,-1
192,4,685,334,182,663,1,-1,-1,-1
193,2,252,161,231,917,1,-1,-1,-1
193,5,1310,458,135,164,1,-1,-1,-1
193,4,685,334,187,663,1,-1,-1,-1
194,5,1310,458,135,164,1,-1,-1,-1
194,4,676,334,196,663,1,-1,-1,-1
195,5,1310,458,135,164,1,-1,-1,-1
195,4,676,319,202,679,1,-1,-1,-1
196,5,1310,458,135,164,1,-1,-1,-1
196,4,676,319,213,679,1,-1,-1,-1
197,5,1310,458,135,164,1,-1,-1,-1
197,4,676,319,222,679,1,-1,-1,-1
198,5,1310,458,135,164,1,-1,-1,-1
198,4,676,319,222,679,1,-1,-1,-1
199,5,1310,458,135,164,1,-1,-1,-1
199,4,676,319,222,679,1,-1,-1,-1
200,5,1310,458,135,164,1,-1,-1,-1
200,4,676,314,222,683,1,-1,-1,-1
201,5,1310,458,135,164,1,-1,-1,-1
201,4,676,306,244,706,1,-1,-1,-1
202,5,1310,458,135,164,1,-1,-1,-1
202,4,676,306,244,706,1,-1,-1,-1
203,5,1310,458,135,164,1,-1,-1,-1
203,4,676,306,261,706,1,-1,-1,-1
204,5,1310,458,135,164,1,-1,-1,-1
204,4,676,306,261,706,1,-1,-1,-1
205,5,1310,458,135,164,1,-1,-1,-1
205,4,690,306,261,721,1,-1,-1,-1
206,5,1310,458,135,164,1,-1,-1,-1
206,4,701,300,261,734,1,-1,-1,-1
207,5,1310,458,135,164,1,-1,-1,-1
207,4,705,290,271,745,1,-1,-1,-1
208,5,1310,458,135,164,1,-1,-1,-1
208,4,715,284,271,745,1,-1,-1,-1
209,5,1310,458,135,164,1,-1,-1,-1
209,4,724,283,281,745,1,-1,-1,-1
210,5,1310,458,135,164,1,-1,-1,-1
210,4,731,282,281,745,1,-1,-1,-1
211,5,1310,458,135,164,1,-1,-1,-1
211,4,737,275,281,780,1,-1,-1,-1
212,5,1310,458,135,164,1,-1,-1,-1
212,4,737,275,281,780,1,-1,-1,-1
213,5,1310,458,135,164,1,-1,-1,-1
213,4,737,267,281,788,1,-1,-1,-1
214,5,1310,458,135,164,1,-1,-1,-1
214,4,737,267,303,788,1,-1,-1,-1
214,1,1810,262,108,701,1,-1,-1,-1
215,5,1310,458,135,164,1,-1,-1,-1
215,4,737,267,303,788,1,-1,-1,-1
215,1,1810,262,108,701,1,-1,-1,-1
216,5,1310,458,135,164,1,-1,-1,-1
216,4,737,255,303,800,1,-1,-1,-1
216,1,1810,262,108,701,1,-1,-1,-1
217,5,1310,458,135,164,1,-1,-1,-1
217,4,737,255,303,800,1,-1,-1,-1
217,1,1787,262,131,718,1,-1,-1,-1
218,5,1310,458,135,164,1,-1,-1,-1
218,4,737,255,327,800,1,-1,-1,-1
218,1,1787,262,131,718,1,-1,-1,-1
219,5,1310,458,135,164,1,-1,-1,-1
219,4,737,255,327,800,1,-1,-1,-1
219,1,1772,275,147,695,1,-1,-1,-1
220,5,1310,458,135,164,1,-1,-1,-1
220,4,757,255,319,800,1,-1,-1,-1
220,1,1772,275,147,695,1,-1,-1,-1
221,5,1310,458,135,164,1,-1,-1,-1
221,4,761,255,314,800,1,-1,-1,-1
221,1,1757,275,161,695,1,-1,-1,-1
222,5,1310,458,135,164,1,-1,-1,-1
222,4,780,255,316,800,1,-1,-1,-1
222,1,1757,275,161,695,1,-1,-1,-1
223,5,1310,458,135,164,1,-1,-1,-1
223,4,784,255,311,800,1,-1,-1,-1
223,1,1750,275,169,695,1,-1,-1,-1
224,5,1310,458,135,164,1,-1,-1,-1
224,4,793,248,307,807,1,-1,-1,-1
224,1,1750,275,169,695,1,-1,-1,-1
225,5,1310,458,135,164,1,-1,-1,-1
225,4,810,248,285,807,1,-1,-1,-1
225,1,1738,294,180,676,1,-1,-1,-1
226,5,1310,458,135,164,1,-1,-1,-1
226,4,829,248,267,807,1,-1,-1,-1
226,1,1738,294,180,676,1,-1,-1,-1
227,5,1310,458,135,164,1,-1,-1,-1
227,4,839,248,257,807,1,-1,-1,-1
227,1,1738,294,180,676,1,-1,-1,-1
228,5,1310,458,135,164,1,-1,-1,-1
228,4,856,248,239,807,1,-1,-1,-1
228,1,1738,294,180,676,1,-1,-1,-1
229,5,1310,458,135,164,1,-1,-1,-1
229,4,861,248,235,807,1,-1,-1,-1
229,1,1738,294,180,676,1,-1,-1,-1
230,5,1310,458,135,164,1,-1,-1,-1
230,4,861,248,208,807,1,-1,-1,-1
230,1,1738,294,180,676,1,-1,-1,-1
231,5,1310,458,135,164,1,-1,-1,-1
231,4,861,248,213,807,1,-1,-1,-1
231,1,1738,306,180,665,1,-1,-1,-1
232,5,1310,458,135,164,1,-1,-1,-1
232,4,861,248,216,807,1,-1,-1,-1
232,1,1727,297,192,673,1,-1,-1,-1
233,5,1310,458,135,164,1,-1,-1,-1
233,4,861,248,216,807,1,-1,-1,-1
233,1,1737,297,182,673,1,-1,-1,-1
234,5,1310,458,135,164,1,-1,-1,-1
234,4,850,248,226,807,1,-1,-1,-1
234,1,1737,297,182,673,1,-1,-1,-1
235,5,1310,458,135,164,1,-1,-1,-1
235,4,840,248,245,807,1,-1,-1,-1
235,1,1737,297,182,673,1,-1,-1,-1
236,5,1310,458,135,164,1,-1,-1,-1
236,4,840,248,245,807,1,-1,-1,-1
236,1,1737,297,182,673,1,-1,-1,-1
237,5,1310,458,135,164,1,-1,-1,-1
237,4,840,248,254,807,1,-1,-1,-1
237,1,1737,297,182,673,1,-1,-1,-1
238,5,1310,458,135,164,1,-1,-1,-1
238,4,840,248,264,807,1,-1,-1,-1
238,1,1737,297,182,673,1,-1,-1,-1
239,5,1310,458,135,164,1,-1,-1,-1
239,4,840,248,264,807,1,-1,-1,-1
239,1,1737,297,182,673,1,-1,-1,-1
240,5,1310,458,135,164,1,-1,-1,-1
240,4,840,248,272,807,1,-1,-1,-1
240,1,1737,297,182,673,1,-1,-1,-1
241,5,1310,458,135,164,1,-1,-1,-1
241,4,840,248,272,807,1,-1,-1,-1
241,1,1737,297,182,673,1,-1,-1,-1
242,5,1310,458,135,164,1,-1,-1,-1
242,4,840,248,283,807,1,-1,-1,-1
242,1,1737,281,182,689,1,-1,-1,-1
243,5,1310,458,134,164,1,-1,-1,-1
243,4,840,248,283,807,1,-1,-1,-1
243,1,1747,281,172,689,1,-1,-1,-1
244,5,1310,458,134,164,1,-1,-1,-1
244,4,840,248,283,807,1,-1,-1,-1
244,1,1747,291,172,679,1,-1,-1,-1
245,5,1310,458,134,164,1,-1,-1,-1
245,4,840,248,283,807,1,-1,-1,-1
245,1,1747,291,172,679,1,-1,-1,-1
246,5,1310,458,134,164,1,-1,-1,-1
246,4,840,248,283,807,1,-1,-1,-1
246,1,1761,291,157,679,1,-1,-1,-1
247,5,1310,458,134,164,1,-1,-1,-1
247,4,840,248,283,807,1,-1,-1,-1
247,1,1761,291,157,679,1,-1,-1,-1
248,5,1310,458,134,164,1,-1,-1,-1
248,4,840,248,283,807,1,-1,-1,-1
248,1,1761,291,157,679,1,-1,-1,-1
249,5,1310,458,134,164,1,-1,-1,-1
249,4,840,248,283,807,1,-1,-1,-1
249,1,1776,291,143,679,1,-1,-1,-1
250,5,1310,458,134,164,1,-1,-1,-1
250,4,840,248,283,807,1,-1,-1,-1
250,1,1782,291,137,679,1,-1,-1,-1
251,5,1310,458,134,164,1,-1,-1,-1
251,4,840,248,283,807,1,-1,-1,-1
251,1,1793,291,125,679,1,-1,-1,-1
252,5,1310,458,134,164,1,-1,-1,-1
252,4,856,248,267,807,1,-1,-1,-1
252,1,1793,291,125,679,1,-1,-1,-1
253,5,1309,458,135,164,1,-1,-1,-1
253,4,856,248,267,807,1,-1,-1,-1
253,1,1793,291,125,679,1,-1,-1,-1
254,5,1309,458,135,164,1,-1,-1,-1
254,4,856,248,267,807,1,-1,-1,-1
254,1,1793,291,125,679,1,-1,-1,-1
255,5,1309,458,135,164,1,-1,-1,-1
255,4,856,248,267,807,1,-1,-1,-1
255,1,1793,291,125,679,1,-1,-1,-1
256,5,1309,458,135,164,1,-1,-1,-1
256,4,856,248,267,807,1,-1,-1,-1
256,1,1793,291,125,679,1,-1,-1,-1
257,5,1309,458,135,164,1,-1,-1,-1
257,4,856,248,267,807,1,-1,-1,-1
257,1,1793,291,125,679,1,-1,-1,-1
258,5,1309,458,135,164,1,-1,-1,-1
258,4,856,248,267,807,1,-1,-1,-1
258,1,1793,291,125,679,1,-1,-1,-1
259,5,1309,458,135,164,1,-1,-1,-1
259,4,856,248,267,807,1,-1,-1,-1
259,1,1793,291,125,679,1,-1,-1,-1
260,5,1309,458,135,164,1,-1,-1,-1
260,4,856,248,267,807,1,-1,-1,-1
260,1,1793,291,125,679,1,-1,-1,-1
261,5,1309,458,135,164,1,-1,-1,-1
261,4,856,248,267,807,1,-1,-1,-1
261,1,1793,291,125,679,1,-1,-1,-1
262,5,1309,458,135,164,1,-1,-1,-1
262,4,856,248,267,807,1,-1,-1,-1
262,1,1800,285,118,685,1,-1,-1,-1
263,5,1309,458,135,164,1,-1,-1,-1
263,4,856,248,267,807,1,-1,-1,-1
263,1,1800,277,118,693,1,-1,-1,-1
264,5,1309,458,135,164,1,-1,-1,-1
264,4,856,248,267,807,1,-1,-1,-1
264,1,1800,277,118,693,1,-1,-1,-1
265,5,1309,458,135,164,1,-1,-1,-1
265,4,856,248,267,807,1,-1,-1,-1
265,1,1800,277,118,693,1,-1,-1,-1
266,5,1309,458,135,164,1,-1,-1,-1
266,4,856,248,267,807,1,-1,-1,-1
266,1,1803,264,115,706,1,-1,-1,-1
267,5,1309,458,135,164,1,-1,-1,-1
267,4,856,248,267,807,1,-1,-1,-1
267,1,1803,248,115,722,1,-1,-1,-1
268,5,1309,458,135,164,1,-1,-1,-1
268,4,856,248,267,807,1,-1,-1,-1
268,1,1803,248,115,722,1,-1,-1,-1
269,5,1309,458,135,164,1,-1,-1,-1
269,4,856,248,267,807,1,-1,-1,-1
269,1,1808,248,111,722,1,-1,-1,-1
270,5,1309,458,135,164,1,-1,-1,-1
270,4,856,248,252,807,1,-1,-1,-1
271,5,1309,458,135,164,1,-1,-1,-1
271,4,856,248,252,807,1,-1,-1,-1
272,5,1309,458,135,164,1,-1,-1,-1
272,4,856,248,229,807,1,-1,-1,-1
273,5,1309,458,135,164,1,-1,-1,-1
273,4,856,248,229,807,1,-1,-1,-1
274,5,1309,458,135,164,1,-1,-1,-1
274,4,856,248,229,807,1,-1,-1,-1
275,5,1309,458,135,164,1,-1,-1,-1
275,4,856,255,210,800,1,-1,-1,-1
276,5,1309,458,135,164,1,-1,-1,-1
276,4,856,259,208,796,1,-1,-1,-1
277,5,1309,458,135,164,1,-1,-1,-1
277,4,856,262,208,793,1,-1,-1,-1
278,5,1309,458,135,164,1,-1,-1,-1
278,4,855,268,200,787,1,-1,-1,-1
279,5,1309,458,135,164,1,-1,-1,-1
279,4,856,275,197,780,1,-1,-1,-1
280,5,1309,458,135,164,1,-1,-1,-1
280,4,856,275,197,780,1,-1,-1,-1
281,5,1309,458,135,164,1,-1,-1,-1
281,4,852,275,197,780,1,-1,-1,-1
282,5,1309,458,135,164,1,-1,-1,-1
282,4,845,294,195,761,1,-1,-1,-1
283,5,1309,458,135,164,1,-1,-1,-1
283,4,835,293,195,761,1,-1,-1,-1
284,5,1309,458,135,164,1,-1,-1,-1
284,4,822,298,195,735,1,-1,-1,-1
285,5,1309,458,135,164,1,-1,-1,-1
285,4,822,307,180,719,1,-1,-1,-1
286,5,1309,458,135,164,1,-1,-1,-1
286,4,809,307,180,719,1,-1,-1,-1
287,5,1309,458,135,164,1,-1,-1,-1
287,4,781,310,206,715,1,-1,-1,-1
288,5,1309,458,135,164,1,-1,-1,-1
288,4,767,310,213,703,1,-1,-1,-1
289,5,1309,458,135,164,1,-1,-1,-1
289,4,748,310,232,703,1,-1,-1,-1
290,5,1309,458,135,164,1,-1,-1,-1
290,4,744,327,236,686,1,-1,-1,-1
291,5,1309,458,135,164,1,-1,-1,-1
291,4,716,327,245,686,1,-1,-1,-1
292,5,1309,458,135,164,1,-1,-1,-1
292,4,686,327,258,686,1,-1,-1,-1
293,5,1309,458,135,164,1,-1,-1,-1
293,4,673,336,249,662,1,-1,-1,-1
294,5,1309,458,135,164,1,-1,-1,-1
294,4,656,336,245,643,1,-1,-1,-1
295,5,1309,458,135,164,1,-1,-1,-1
295,4,639,339,262,643,1,-1,-1,-1
296,5,1309,458,135,164,1,-1,-1,-1
296,4,632,339,262,643,1,-1,-1,-1
297,5,1309,458,135,164,1,-1,-1,-1
297,4,623,349,262,626,1,-1,-1,-1
298,5,1309,458,135,164,1,-1,-1,-1
298,4,617,363,262,624,1,-1,-1,-1
299,5,1309,458,135,164,1,-1,-1,-1
299,4,605,365,252,613,1,-1,-1,-1
300,5,1309,458,135,164,1,-1,-1,-1
300,4,605,365,242,613,1,-1,-1,-1
301,5,1309,458,135,164,1,-1,-1,-1
301,4,595,369,212,584,1,-1,-1,-1
302,5,1309,458,135,164,1,-1,-1,-1
302,4,590,376,187,569,1,-1,-1,-1
303,5,1309,458,135,164,1,-1,-1,-1
303,4,590,376,176,569,1,-1,-1,-1
304,5,1309,458,135,164,1,-1,-1,-1
304,4,580,380,176,569,1,-1,-1,-1
305,5,1309,458,135,164,1,-1,-1,-1
305,4,568,381,176,569,1,-1,-1,-1
306,4,559,381,190,562,1,-1,-1,-1
306,5,1309,458,135,164,1,-1,-1,-1
307,5,1309,458,135,164,1,-1,-1,-1
307,4,559,381,190,562,1,-1,-1,-1
308,5,1309,458,135,164,1,-1,-1,-1
308,4,559,381,169,562,1,-1,-1,-1
309,5,1309,458,135,164,1,-1,-1,-1
309,4,559,392,143,532,1,-1,-1,-1
310,5,1309,458,135,164,1,-1,-1,-1
311,5,1309,458,135,164,1,-1,-1,-1
312,5,1309,458,135,164,1,-1,-1,-1
313,5,1309,458,135,164,1,-1,-1,-1
314,5,1309,458,135,164,1,-1,-1,-1
315,5,1309,458,135,164,1,-1,-1,-1
316,5,1309,458,135,164,1,-1,-1,-1
317,5,1309,458,135,164,1,-1,-1,-1
318,5,1309,458,135,164,1,-1,-1,-1
319,5,1309,458,135,164,1,-1,-1,-1
320,5,1309,458,135,164,1,-1,-1,-1
321,5,1309,458,135,164,1,-1,-1,-1
322,5,1309,458,135,164,1,-1,-1,-1
323,5,1309,458,135,164,1,-1,-1,-1
324,5,1309,458,135,164,1,-1,-1,-1
325,5,1309,458,135,164,1,-1,-1,-1
326,5,1309,458,135,164,1,-1,-1,-1
327,5,1309,458,135,164,1,-1,-1,-1
328,5,1309,458,135,164,1,-1,-1,-1
329,5,1309,458,135,164,1,-1,-1,-1
330,5,1309,458,135,164,1,-1,-1,-1
331,5,1305,458,135,164,1,-1,-1,-1
332,5,1305,458,135,164,1,-1,-1,-1
333,5,1305,458,135,164,1,-1,-1,-1
334,5,1305,458,135,164,1,-1,-1,-1
335,5,1305,450,135,173,1,-1,-1,-1
336,5,1305,450,135,173,1,-1,-1,-1
336,3,244,172,159,466,1,-1,-1,-1
337,5,1305,450,135,173,1,-1,-1,-1
337,3,244,161,186,479,1,-1,-1,-1
337,5,1305,450,135,173,1,-1,-1,-1
338,5,1312,453,135,173,1,-1,-1,-1
338,3,244,154,212,486,1,-1,-1,-1
339,5,1312,453,135,173,1,-1,-1,-1
339,3,244,138,212,510,1,-1,-1,-1
340,5,1312,453,148,173,1,-1,-1,-1
340,3,249,134,252,568,1,-1,-1,-1
341,5,1322,456,148,173,1,-1,-1,-1
341,3,244,121,275,820,1,-1,-1,-1
342,5,1332,453,148,173,1,-1,-1,-1
342,3,257,120,290,836,1,-1,-1,-1
343,5,1342,447,148,173,1,-1,-1,-1
343,3,289,107,290,931,1,-1,-1,-1
344,5,1349,447,148,173,1,-1,-1,-1
344,3,319,120,290,959,1,-1,-1,-1
345,5,1358,444,148,189,1,-1,-1,-1
345,3,344,119,290,959,1,-1,-1,-1
346,5,1364,438,148,196,1,-1,-1,-1
346,3,386,133,290,946,1,-1,-1,-1
347,5,1374,437,148,301,1,-1,-1,-1
347,3,409,133,290,946,1,-1,-1,-1
348,5,1378,437,148,321,1,-1,-1,-1
348,3,447,140,290,938,1,-1,-1,-1
349,5,1387,437,148,431,1,-1,-1,-1
349,3,492,140,245,938,1,-1,-1,-1
350,5,1387,434,154,444,1,-1,-1,-1
350,3,511,140,245,938,1,-1,-1,-1
351,5,1391,433,154,444,1,-1,-1,-1
351,3,535,151,255,927,1,-1,-1,-1
352,5,1401,430,154,444,1,-1,-1,-1
352,3,551,151,290,927,1,-1,-1,-1
353,5,1405,418,154,464,1,-1,-1,-1
353,3,566,169,355,910,1,-1,-1,-1
354,5,1405,418,159,464,1,-1,-1,-1
354,3,581,169,359,910,1,-1,-1,-1
355,5,1418,417,159,464,1,-1,-1,-1
355,3,581,169,317,910,1,-1,-1,-1
356,5,1424,409,159,476,1,-1,-1,-1
356,3,613,179,300,899,1,-1,-1,-1
357,5,1424,402,172,509,1,-1,-1,-1
357,3,634,187,314,891,1,-1,-1,-1
358,5,1431,402,183,509,1,-1,-1,-1
358,3,654,187,314,891,1,-1,-1,-1
359,5,1440,402,174,509,1,-1,-1,-1
359,3,672,203,314,875,1,-1,-1,-1
360,5,1450,402,164,509,1,-1,-1,-1
360,3,673,203,326,875,1,-1,-1,-1
361,5,1465,394,172,517,1,-1,-1,-1
361,3,677,221,330,858,1,-1,-1,-1
362,5,1475,394,176,517,1,-1,-1,-1
362,3,686,221,321,858,1,-1,-1,-1
363,5,1475,383,176,528,1,-1,-1,-1
363,3,686,246,321,832,1,-1,-1,-1
364,5,1479,373,186,539,1,-1,-1,-1
364,3,686,257,313,822,1,-1,-1,-1
365,5,1492,372,186,554,1,-1,-1,-1
365,3,686,257,307,822,1,-1,-1,-1
366,5,1511,368,177,575,1,-1,-1,-1
366,3,686,274,303,804,1,-1,-1,-1
367,5,1521,369,177,585,1,-1,-1,-1
367,3,686,274,303,784,1,-1,-1,-1
368,5,1521,369,177,604,1,-1,-1,-1
368,3,686,274,303,784,1,-1,-1,-1
369,5,1521,363,177,610,1,-1,-1,-1
369,3,686,287,303,761,1,-1,-1,-1
370,5,1521,357,177,615,1,-1,-1,-1
370,3,693,287,295,761,1,-1,-1,-1
371,5,1544,346,190,631,1,-1,-1,-1
371,3,693,308,295,739,1,-1,-1,-1
372,5,1547,334,190,631,1,-1,-1,-1
372,3,706,317,283,731,1,-1,-1,-1
373,5,1547,329,190,637,1,-1,-1,-1
373,3,706,317,283,731,1,-1,-1,-1
374,5,1557,326,213,650,1,-1,-1,-1
374,3,725,332,255,706,1,-1,-1,-1
375,5,1573,326,197,650,1,-1,-1,-1
375,3,738,334,255,690,1,-1,-1,-1
376,5,1573,320,213,666,1,-1,-1,-1
376,3,738,334,244,659,1,-1,-1,-1
377,5,1583,320,225,689,1,-1,-1,-1
377,3,738,334,244,659,1,-1,-1,-1
378,5,1596,310,226,689,1,-1,-1,-1
378,3,747,343,244,631,1,-1,-1,-1
379,5,1609,298,226,702,1,-1,-1,-1
379,3,752,352,226,631,1,-1,-1,-1
380,5,1622,285,226,716,1,-1,-1,-1
380,3,752,352,226,631,1,-1,-1,-1
381,5,1628,286,226,716,1,-1,-1,-1
381,3,752,368,226,620,1,-1,-1,-1
382,5,1635,280,226,728,1,-1,-1,-1
382,3,752,368,226,620,1,-1,-1,-1
383,5,1635,267,239,791,1,-1,-1,-1
383,3,752,378,226,605,1,-1,-1,-1
384,5,1632,257,262,822,1,-1,-1,-1
384,3,752,378,212,597,1,-1,-1,-1
385,5,1632,251,277,827,1,-1,-1,-1
385,3,752,378,212,577,1,-1,-1,-1
386,5,1632,238,277,840,1,-1,-1,-1
386,3,752,378,203,577,1,-1,-1,-1
387,5,1632,219,277,859,1,-1,-1,-1
387,3,752,378,203,577,1,-1,-1,-1
388,5,1639,202,270,876,1,-1,-1,-1
388,3,752,378,203,569,1,-1,-1,-1
389,5,1671,180,245,898,1,-1,-1,-1
389,3,757,392,203,551,1,-1,-1,-1
390,5,1687,180,232,898,1,-1,-1,-1
390,3,763,401,196,538,1,-1,-1,-1
391,5,1705,173,213,905,1,-1,-1,-1
391,3,763,414,196,528,1,-1,-1,-1
392,5,1721,164,197,914,1,-1,-1,-1
392,3,770,413,196,528,1,-1,-1,-1
393,5,1731,153,187,925,1,-1,-1,-1
393,3,770,413,196,528,1,-1,-1,-1
394,5,1737,153,182,925,1,-1,-1,-1
394,3,784,414,182,528,1,-1,-1,-1
395,5,1747,128,172,950,1,-1,-1,-1
395,3,788,414,177,512,1,-1,-1,-1
396,5,1787,104,131,974,1,-1,-1,-1
396,3,784,409,173,516,1,-1,-1,-1
397,5,1815,91,104,987,1,-1,-1,-1
397,3,784,409,173,516,1,-1,-1,-1
398,5,1831,74,88,1004,1,-1,-1,-1
398,3,771,409,173,516,1,-1,-1,-1
399,5,1845,52,74,1026,1,-1,-1,-1
399,3,771,409,173,516,1,-1,-1,-1
400,3,759,410,176,503,1,-1,-1,-1
401,3,765,415,166,493,1,-1,-1,-1
402,3,753,410,177,502,1,-1,-1,-1
403,3,754,411,177,502,1,-1,-1,-1
404,3,753,411,162,502,1,-1,-1,-1
405,3,753,405,134,508,1,-1,-1,-1
406,3,753,405,134,508,1,-1,-1,-1
407,3,753,405,134,508,1,-1,-1,-1
408,3,736,408,144,508,1,-1,-1,-1
409,3,736,408,144,508,1,-1,-1,-1
410,3,728,408,151,508,1,-1,-1,-1
411,3,728,408,151,508,1,-1,-1,-1
412,3,720,408,160,508,1,-1,-1,-1
413,3,705,408,175,508,1,-1,-1,-1
414,3,705,408,175,508,1,-1,-1,-1
415,3,705,408,175,508,1,-1,-1,-1
416,3,705,417,163,499,1,-1,-1,-1
417,3,705,417,163,499,1,-1,-1,-1
418,3,705,417,163,499,1,-1,-1,-1
419,3,705,417,163,499,1,-1,-1,-1
420,3,705,417,163,499,1,-1,-1,-1
421,3,705,417,163,499,1,-1,-1,-1
422,3,705,417,163,499,1,-1,-1,-1
423,3,705,417,163,499,1,-1,-1,-1
424,3,705,417,163,499,1,-1,-1,-1
425,3,705,417,163,499,1,-1,-1,-1
426,3,705,417,163,499,1,-1,-1,-1
427,3,705,417,163,499,1,-1,-1,-1
428,3,705,417,163,499,1,-1,-1,-1
429,3,705,417,163,499,1,-1,-1,-1
430,3,705,417,163,499,1,-1,-1,-1
431,3,705,417,163,499,1,-1,-1,-1
432,3,705,417,163,499,1,-1,-1,-1
433,3,705,417,163,499,1,-1,-1,-1
434,3,705,417,163,499,1,-1,-1,-1
435,3,705,417,163,499,1,-1,-1,-1
436,3,705,417,163,499,1,-1,-1,-1
437,3,717,417,151,499,1,-1,-1,-1
438,3,714,417,156,499,1,-1,-1,-1
439,3,715,417,153,499,1,-1,-1,-1
440,3,718,417,150,499,1,-1,-1,-1
441,3,718,417,150,499,1,-1,-1,-1
442,3,718,417,150,499,1,-1,-1,-1
443,3,713,417,156,499,1,-1,-1,-1
444,3,719,417,150,499,1,-1,-1,-1
445,3,718,417,150,499,1,-1,-1,-1
446,3,720,417,149,499,1,-1,-1,-1
447,3,708,417,160,499,1,-1,-1,-1
448,3,720,417,149,499,1,-1,-1,-1
449,3,718,417,150,499,1,-1,-1,-1
450,3,720,417,149,499,1,-1,-1,-1
451,3,713,417,156,499,1,-1,-1,-1
452,3,718,417,150,499,1,-1,-1,-1
453,3,715,417,153,499,1,-1,-1,-1
454,3,715,417,153,499,1,-1,-1,-1
455,3,720,417,149,499,1,-1,-1,-1
456,3,721,417,147,499,1,-1,-1,-1
457,3,711,417,157,499,1,-1,-1,-1
458,3,715,417,153,499,1,-1,-1,-1
459,3,717,417,151,499,1,-1,-1,-1
460,3,720,417,149,499,1,-1,-1,-1
461,3,717,417,151,499,1,-1,-1,-1
462,3,717,417,151,499,1,-1,-1,-1
463,3,717,417,151,499,1,-1,-1,-1
464,3,717,417,151,499,1,-1,-1,-1
465,3,717,417,151,499,1,-1,-1,-1
466,3,717,417,151,499,1,-1,-1,-1
467,3,717,421,151,485,1,-1,-1,-1
468,3,711,429,151,485,1,-1,-1,-1
469,3,701,436,162,477,1,-1,-1,-1
470,3,701,453,162,460,1,-1,-1,-1
471,3,691,477,172,436,1,-1,-1,-1
472,3,691,477,179,436,1,-1,-1,-1
473,3,691,485,179,433,1,-1,-1,-1
474,3,691,490,179,421,1,-1,-1,-1
475,3,691,490,179,421,1,-1,-1,-1
476,3,691,483,179,428,1,-1,-1,-1
477,3,691,490,179,421,1,-1,-1,-1
478,3,691,490,179,421,1,-1,-1,-1
479,3,691,490,179,421,1,-1,-1,-1
480,3,691,490,179,421,1,-1,-1,-1
481,3,691,490,179,421,1,-1,-1,-1
482,3,691,490,179,421,1,-1,-1,-1
483,3,691,490,179,421,1,-1,-1,-1
484,3,691,490,179,421,1,-1,-1,-1
485,3,691,490,179,421,1,-1,-1,-1
486,3,691,490,179,421,1,-1,-1,-1
487,3,691,490,179,421,1,-1,-1,-1
488,3,691,490,179,421,1,-1,-1,-1
489,3,691,490,179,421,1,-1,-1,-1
490,3,691,490,179,421,1,-1,-1,-1
491,3,691,490,179,421,1,-1,-1,-1
492,3,691,490,179,421,1,-1,-1,-1
493,3,691,490,179,421,1,-1,-1,-1
494,3,691,490,179,421,1,-1,-1,-1
495,3,691,490,179,421,1,-1,-1,-1
496,3,691,490,179,421,1,-1,-1,-1
497,3,691,490,179,421,1,-1,-1,-1
498,3,691,490,179,421,1,-1,-1,-1
499,3,691,490,179,421,1,-1,-1,-1
500,3,691,490,179,421,1,-1,-1,-1
501,3,691,486,179,426,1,-1,-1,-1
502,3,691,483,179,428,1,-1,-1,-1
503,3,691,483,179,428,1,-1,-1,-1
504,3,691,483,179,428,1,-1,-1,-1
505,3,691,479,179,433,1,-1,-1,-1
506,3,691,473,179,439,1,-1,-1,-1
507,3,691,473,179,439,1,-1,-1,-1
508,3,691,469,179,443,1,-1,-1,-1
509,3,691,469,167,443,1,-1,-1,-1
510,3,691,469,167,443,1,-1,-1,-1
511,3,691,469,167,443,1,-1,-1,-1
512,3,691,469,167,443,1,-1,-1,-1
513,3,691,469,167,443,1,-1,-1,-1
514,3,691,469,167,443,1,-1,-1,-1
515,3,691,469,167,443,1,-1,-1,-1
516,3,691,469,167,443,1,-1,-1,-1
517,3,691,469,167,443,1,-1,-1,-1
518,3,691,469,167,443,1,-1,-1,-1
519,3,691,469,167,443,1,-1,-1,-1
520,3,691,469,167,443,1,-1,-1,-1
521,3,691,469,167,443,1,-1,-1,-1
522,3,691,469,167,443,1,-1,-1,-1
523,3,685,469,173,443,1,-1,-1,-1
524,3,685,469,173,443,1,-1,-1,-1
525,3,685,469,173,443,1,-1,-1,-1
526,3,685,469,173,443,1,-1,-1,-1
527,3,685,469,173,443,1,-1,-1,-1
528,3,685,469,173,443,1,-1,-1,-1
529,3,685,469,173,443,1,-1,-1,-1
530,3,685,469,173,443,1,-1,-1,-1
531,3,679,469,179,443,1,-1,-1,-1
532,3,679,469,179,443,1,-1,-1,-1
533,3,679,469,179,443,1,-1,-1,-1
534,3,679,469,179,443,1,-1,-1,-1
535,3,679,469,179,443,1,-1,-1,-1
536,3,679,469,179,443,1,-1,-1,-1
537,3,679,469,179,443,1,-1,-1,-1
538,3,679,469,179,443,1,-1,-1,-1
539,3,679,469,179,443,1,-1,-1,-1
540,3,679,469,179,443,1,-1,-1,-1
541,3,690,469,169,443,1,-1,-1,-1
542,3,690,469,169,443,1,-1,-1,-1
543,3,690,469,169,443,1,-1,-1,-1
544,3,690,469,169,443,1,-1,-1,-1
545,3,690,469,169,443,1,-1,-1,-1
546,3,690,469,169,443,1,-1,-1,-1
547,3,690,469,169,443,1,-1,-1,-1
548,3,690,469,169,443,1,-1,-1,-1
549,3,690,469,169,443,1,-1,-1,-1
550,3,688,477,170,434,1,-1,-1,-1
551,3,688,477,170,434,1,-1,-1,-1
552,3,688,477,170,434,1,-1,-1,-1
553,3,688,477,170,434,1,-1,-1,-1
554,3,688,477,170,434,1,-1,-1,-1
555,3,688,477,170,434,1,-1,-1,-1
556,3,688,477,170,434,1,-1,-1,-1
557,3,688,477,170,434,1,-1,-1,-1
558,3,688,477,170,434,1,-1,-1,-1
559,3,688,477,170,434,1,-1,-1,-1
560,3,688,477,170,434,1,-1,-1,-1
561,3,688,477,170,434,1,-1,-1,-1
562,3,688,477,170,434,1,-1,-1,-1
563,3,688,477,170,434,1,-1,-1,-1
564,3,688,477,170,434,1,-1,-1,-1
565,3,688,477,170,434,1,-1,-1,-1
566,3,684,463,175,449,1,-1,-1,-1
567,3,684,463,175,449,1,-1,-1,-1
568,3,684,460,175,452,1,-1,-1,-1
569,3,682,457,176,454,1,-1,-1,-1
570,3,672,444,180,467,1,-1,-1,-1
571,3,679,443,176,473,1,-1,-1,-1
572,3,679,443,176,473,1,-1,-1,-1
573,3,679,440,167,476,1,-1,-1,-1
574,3,679,440,167,476,1,-1,-1,-1
575,3,679,434,147,482,1,-1,-1,-1
576,3,669,433,147,482,1,-1,-1,-1
577,3,662,433,133,482,1,-1,-1,-1
578,3,645,430,147,482,1,-1,-1,-1
579,3,645,430,147,482,1,-1,-1,-1
580,3,635,430,157,482,1,-1,-1,-1
581,3,628,431,157,482,1,-1,-1,-1
582,3,623,427,154,486,1,-1,-1,-1
583,3,617,421,154,490,1,-1,-1,-1
584,3,613,420,154,490,1,-1,-1,-1
585,3,604,417,154,496,1,-1,-1,-1
586,3,591,417,140,496,1,-1,-1,-1
587,3,578,417,124,496,1,-1,-1,-1
588,3,564,417,133,496,1,-1,-1,-1
589,3,564,417,133,496,1,-1,-1,-1
590,3,564,417,133,496,1,-1,-1,-1
591,3,564,417,133,496,1,-1,-1,-1
592,3,564,417,133,496,1,-1,-1,-1
593,3,564,417,133,496,1,-1,-1,-1
675,0,1725,1,193,749,1,-1,-1,-1
676,0,1642,1,277,769,1,-1,-1,-1
677,0,1614,0,304,1079,1,-1,-1,-1
678,0,1597,0,322,1079,1,-1,-1,-1
679,0,1542,0,376,1079,1,-1,-1,-1
680,0,1505,0,379,1079,1,-1,-1,-1
681,0,1456,25,428,1054,1,-1,-1,-1
682,0,1427,42,401,1037,1,-1,-1,-1
683,0,1382,62,417,1017,1,-1,-1,-1
684,0,1316,62,426,1017,1,-1,-1,-1
685,0,1285,82,402,997,1,-1,-1,-1
686,0,1255,89,372,990,1,-1,-1,-1
687,0,1225,95,343,984,1,-1,-1,-1
688,0,1180,125,365,954,1,-1,-1,-1
689,0,1131,138,369,941,1,-1,-1,-1
690,0,1109,167,368,912,1,-1,-1,-1
691,0,1080,185,339,894,1,-1,-1,-1
692,0,1056,198,320,881,1,-1,-1,-1
693,0,1043,198,301,881,1,-1,-1,-1
694,0,1016,212,273,867,1,-1,-1,-1
695,0,1003,224,257,855,1,-1,-1,-1
696,0,951,234,290,845,1,-1,-1,-1
697,0,951,255,280,824,1,-1,-1,-1
698,0,923,255,307,824,1,-1,-1,-1
699,0,900,255,307,824,1,-1,-1,-1
700,0,870,255,313,788,1,-1,-1,-1
701,0,847,264,280,779,1,-1,-1,-1
702,0,818,264,300,779,1,-1,-1,-1
703,0,806,281,300,762,1,-1,-1,-1
704,0,789,291,310,752,1,-1,-1,-1
705,0,789,300,290,743,1,-1,-1,-1
706,0,766,319,300,711,1,-1,-1,-1
707,0,766,319,267,708,1,-1,-1,-1
708,0,767,329,261,645,1,-1,-1,-1
709,0,767,329,237,645,1,-1,-1,-1
710,0,759,345,221,629,1,-1,-1,-1
711,0,739,345,221,629,1,-1,-1,-1
712,0,739,356,203,617,1,-1,-1,-1
713,0,739,356,203,617,1,-1,-1,-1
714,0,726,353,203,599,1,-1,-1,-1
715,0,717,353,186,594,1,-1,-1,-1
716,0,690,353,195,594,1,-1,-1,-1
717,0,690,361,180,587,1,-1,-1,-1
718,0,690,371,180,577,1,-1,-1,-1
719,0,690,371,162,577,1,-1,-1,-1
720,0,681,375,162,573,1,-1,-1,-1
721,0,669,375,173,564,1,-1,-1,-1
722,0,659,384,183,555,1,-1,-1,-1
723,0,642,384,186,551,1,-1,-1,-1
724,0,627,384,179,551,1,-1,-1,-1
725,0,602,391,205,532,1,-1,-1,-1
726,0,602,391,205,532,1,-1,-1,-1
727,0,602,391,205,532,1,-1,-1,-1
728,0,602,391,205,532,1,-1,-1,-1
729,0,602,391,205,534,1,-1,-1,-1
730,0,602,391,209,534,1,-1,-1,-1
731,0,602,391,198,534,1,-1,-1,-1
732,0,602,391,183,534,1,-1,-1,-1
733,0,602,391,172,534,1,-1,-1,-1
734,0,602,391,160,534,1,-1,-1,-1
735,0,594,391,166,534,1,-1,-1,-1
736,0,590,391,144,534,1,-1,-1,-1
737,0,570,391,164,534,1,-1,-1,-1
738,0,587,391,147,534,1,-1,-1,-1
739,0,578,391,150,534,1,-1,-1,-1
740,0,573,391,156,534,1,-1,-1,-1
741,0,567,391,156,534,1,-1,-1,-1
742,0,567,391,146,519,1,-1,-1,-1
743,0,567,391,128,519,1,-1,-1,-1
744,0,567,391,85,519,1,-1,-1,-1
745,0,561,391,85,519,1,-1,-1,-1
746,0,561,391,72,519,1,-1,-1,-1
