0,0,148,0,480,866,1,-1,-1,-1
0,1,873,0,698,901,1,-1,-1,-1
0,4,1583,11,335,883,1,-1,-1,-1
1,0,131,0,458,866,1,-1,-1,-1
1,1,815,0,658,901,1,-1,-1,-1
1,4,1574,11,345,883,1,-1,-1,-1
2,0,107,0,458,866,1,-1,-1,-1
2,1,782,0,647,901,1,-1,-1,-1
2,4,1574,11,345,883,1,-1,-1,-1
2,2,454,257,177,593,1,-1,-1,-1
3,0,97,0,443,866,1,-1,-1,-1
3,1,734,0,647,901,1,-1,-1,-1
3,4,1574,11,345,883,1,-1,-1,-1
3,2,469,257,177,607,1,-1,-1,-1
4,0,97,0,418,866,1,-1,-1,-1
4,1,682,0,647,901,1,-1,-1,-1
4,4,1574,7,345,886,1,-1,-1,-1
4,2,469,257,186,607,1,-1,-1,-1
5,0,88,0,408,866,1,-1,-1,-1
5,1,600,0,693,901,1,-1,-1,-1
5,4,1574,7,345,886,1,-1,-1,-1
5,2,454,257,210,607,1,-1,-1,-1
6,0,71,0,414,866,1,-1,-1,-1
6,1,554,0,693,901,1,-1,-1,-1
6,4,1574,1,345,893,1,-1,-1,-1
6,2,443,257,228,607,1,-1,-1,-1
7,0,47,0,425,866,1,-1,-1,-1
7,1,511,0,671,901,1,-1,-1,-1
7,4,1557,2,361,893,1,-1,-1,-1
7,2,443,257,228,607,1,-1,-1,-1
8,0,23,0,425,866,1,-1,-1,-1
8,1,498,0,620,901,1,-1,-1,-1
8,4,1547,2,361,893,1,-1,-1,-1
8,2,443,257,228,607,1,-1,-1,-1
9,0,4,0,408,866,1,-1,-1,-1
9,1,467,0,591,901,1,-1,-1,-1
9,4,1519,2,388,893,1,-1,-1,-1
10,0,0,0,377,866,1,-1,-1,-1
10,1,408,0,569,901,1,-1,-1,-1
10,4,1492,2,427,893,1,-1,-1,-1
11,0,0,0,366,866,1,-1,-1,-1
11,1,387,0,520,886,1,-1,-1,-1
11,4,1471,2,447,893,1,-1,-1,-1
12,0,0,0,348,866,1,-1,-1,-1
12,1,309,0,520,886,1,-1,-1,-1
12,4,1450,2,469,893,1,-1,-1,-1
13,0,0,0,348,866,1,-1,-1,-1
13,1,229,0,520,886,1,-1,-1,-1
13,4,1431,2,480,893,1,-1,-1,-1
14,0,0,0,348,866,1,-1,-1,-1
14,1,145,0,520,886,1,-1,-1,-1
14,4,1419,2,480,893,1,-1,-1,-1
15,1,79,0,520,886,1,-1,-1,-1
15,4,1419,2,480,893,1,-1,-1,-1
15,2,456,222,210,662,1,-1,-1,-1
16,1,2,0,547,886,1,-1,-1,-1
16,4,1419,2,480,893,1,-1,-1,-1
16,2,456,222,210,662,1,-1,-1,-1
17,1,2,0,496,872,1,-1,-1,-1
17,4,1419,2,480,893,1,-1,-1,-1
17,2,418,222,248,662,1,-1,-1,-1
18,1,2,0,443,872,1,-1,-1,-1
18,4,1419,2,480,893,1,-1,-1,-1
18,2,407,222,270,662,1,-1,-1,-1
19,1,2,0,416,872,1,-1,-1,-1
19,4,1437,2,449,893,1,-1,-1,-1
19,2,407,222,270,662,1,-1,-1,-1
20,1,2,0,345,872,1,-1,-1,-1
20,4,1449,2,449,893,1,-1,-1,-1
20,2,407,222,270,662,1,-1,-1,-1
21,1,2,0,290,872,1,-1,-1,-1
21,4,1461,2,449,893,1,-1,-1,-1
21,2,417,222,270,662,1,-1,-1,-1
22,1,2,0,255,872,1,-1,-1,-1
22,4,1481,2,428,893,1,-1,-1,-1
22,2,427,222,270,662,1,-1,-1,-1
22,0,36,4,295,852,1,-1,-1,-1
23,1,2,0,255,872,1,-1,-1,-1
23,4,1510,2,407,893,1,-1,-1,-1
23,2,427,222,270,662,1,-1,-1,-1
23,0,16,4,315,852,1,-1,-1,-1
24,4,1510,2,407,893,1,-1,-1,-1
24,2,441,222,270,662,1,-1,-1,-1
24,0,24,4,315,852,1,-1,-1,-1
25,4,1550,2,366,893,1,-1,-1,-1
25,2,449,222,263,662,1,-1,-1,-1
25,0,9,0,330,861,1,-1,-1,-1
26,4,1550,2,366,893,1,-1,-1,-1
26,2,459,222,263,662,1,-1,-1,-1
26,0,9,0,330,861,1,-1,-1,-1
27,4,1550,2,366,893,1,-1,-1,-1
27,2,459,222,263,662,1,-1,-1,-1
27,0,9,0,330,861,1,-1,-1,-1
28,4,1550,2,366,893,1,-1,-1,-1
28,2,480,222,246,662,1,-1,-1,-1
28,0,9,0,330,861,1,-1,-1,-1
29,4,1537,2,379,893,1,-1,-1,-1
29,2,484,222,246,662,1,-1,-1,-1
29,0,2,0,337,861,1,-1,-1,-1
30,4,1537,2,379,893,1,-1,-1,-1
30,2,481,221,252,664,1,-1,-1,-1
30,0,2,0,337,861,1,-1,-1,-1
31,4,1528,2,388,893,1,-1,-1,-1
31,2,474,221,266,664,1,-1,-1,-1
31,0,2,0,326,861,1,-1,-1,-1
32,4,1528,2,388,893,1,-1,-1,-1
32,2,474,221,266,664,1,-1,-1,-1
32,0,2,0,314,861,1,-1,-1,-1
33,4,1517,2,399,893,1,-1,-1,-1
33,2,474,221,275,664,1,-1,-1,-1
33,0,2,0,305,861,1,-1,-1,-1
34,4,1517,2,399,893,1,-1,-1,-1
34,2,474,221,275,664,1,-1,-1,-1
34,0,2,0,305,861,1,-1,-1,-1
35,4,1517,2,399,893,1,-1,-1,-1
35,2,474,221,275,664,1,-1,-1,-1
35,0,2,0,305,861,1,-1,-1,-1
36,4,1517,2,399,893,1,-1,-1,-1
36,2,474,221,275,664,1,-1,-1,-1
36,0,2,0,305,861,1,-1,-1,-1
37,4,1517,2,399,893,1,-1,-1,-1
37,2,480,221,270,664,1,-1,-1,-1
37,0,2,0,305,861,1,-1,-1,-1
38,4,1517,2,399,893,1,-1,-1,-1
38,2,480,221,270,664,1,-1,-1,-1
38,0,2,0,305,861,1,-1,-1,-1
39,4,1517,2,399,893,1,-1,-1,-1
39,2,480,221,270,664,1,-1,-1,-1
39,0,2,0,305,861,1,-1,-1,-1
40,4,1517,2,399,893,1,-1,-1,-1
40,2,480,221,270,664,1,-1,-1,-1
40,0,2,0,305,861,1,-1,-1,-1
41,4,1517,2,399,893,1,-1,-1,-1
41,2,465,230,264,655,1,-1,-1,-1
41,0,2,0,305,861,1,-1,-1,-1
42,4,1517,2,399,893,1,-1,-1,-1
42,2,456,230,274,655,1,-1,-1,-1
42,0,2,0,305,861,1,-1,-1,-1
43,4,1517,2,399,893,1,-1,-1,-1
43,2,456,230,263,655,1,-1,-1,-1
43,0,2,0,305,861,1,-1,-1,-1
44,4,1517,2,399,893,1,-1,-1,-1
44,2,456,230,263,655,1,-1,-1,-1
44,0,2,0,305,861,1,-1,-1,-1
45,4,1517,2,399,893,1,-1,-1,-1
45,2,456,230,288,655,1,-1,-1,-1
45,0,2,0,305,861,1,-1,-1,-1
46,4,1517,2,399,893,1,-1,-1,-1
46,2,469,230,297,655,1,-1,-1,-1
46,0,2,0,305,861,1,-1,-1,-1
47,4,1517,2,399,893,1,-1,-1,-1
47,2,481,230,297,655,1,-1,-1,-1
47,0,2,0,305,861,1,-1,-1,-1
48,4,1517,2,399,893,1,-1,-1,-1
48,2,503,235,297,649,1,-1,-1,-1
48,0,2,0,305,861,1,-1,-1,-1
49,4,1532,2,385,893,1,-1,-1,-1
49,2,523,235,297,649,1,-1,-1,-1
49,0,2,0,305,861,1,-1,-1,-1
50,4,1543,2,374,893,1,-1,-1,-1
50,2,545,253,303,631,1,-1,-1,-1
50,0,2,0,305,861,1,-1,-1,-1
51,4,1543,2,374,893,1,-1,-1,-1
51,2,575,253,303,631,1,-1,-1,-1
51,0,2,0,305,861,1,-1,-1,-1
52,4,1543,2,374,893,1,-1,-1,-1
52,2,597,253,303,631,1,-1,-1,-1
52,0,2,0,305,861,1,-1,-1,-1
53,4,1543,2,374,893,1,-1,-1,-1
53,2,611,253,303,631,1,-1,-1,-1
53,0,2,0,305,861,1,-1,-1,-1
54,4,1543,2,374,893,1,-1,-1,-1
54,2,629,253,284,631,1,-1,-1,-1
54,0,2,0,305,861,1,-1,-1,-1
55,4,1543,2,374,893,1,-1,-1,-1
55,2,666,253,257,631,1,-1,-1,-1
55,0,2,0,305,861,1,-1,-1,-1
56,4,1543,2,374,893,1,-1,-1,-1
56,2,686,253,257,631,1,-1,-1,-1
56,0,2,0,305,861,1,-1,-1,-1
57,4,1543,2,374,893,1,-1,-1,-1
57,2,697,246,257,638,1,-1,-1,-1
57,0,2,0,305,861,1,-1,-1,-1
58,4,1557,2,359,893,1,-1,-1,-1
58,2,703,246,257,638,1,-1,-1,-1
58,0,2,0,305,861,1,-1,-1,-1
59,4,1557,2,359,893,1,-1,-1,-1
59,2,703,246,257,638,1,-1,-1,-1
59,0,2,0,305,861,1,-1,-1,-1
60,4,1557,2,359,893,1,-1,-1,-1
60,2,703,246,257,638,1,-1,-1,-1
60,0,2,0,305,861,1,-1,-1,-1
61,4,1579,2,337,893,1,-1,-1,-1
61,2,717,246,257,638,1,-1,-1,-1
61,0,2,0,305,861,1,-1,-1,-1
62,4,1579,2,337,893,1,-1,-1,-1
62,2,717,246,257,638,1,-1,-1,-1
62,0,2,0,305,861,1,-1,-1,-1
63,4,1579,2,337,893,1,-1,-1,-1
63,2,717,246,257,638,1,-1,-1,-1
63,0,2,0,305,861,1,-1,-1,-1
64,4,1579,2,337,893,1,-1,-1,-1
64,2,717,246,257,638,1,-1,-1,-1
64,0,2,0,305,861,1,-1,-1,-1
65,4,1554,2,363,893,1,-1,-1,-1
65,2,717,246,257,638,1,-1,-1,-1
65,0,2,0,305,861,1,-1,-1,-1
66,4,1535,2,381,893,1,-1,-1,-1
66,2,729,246,233,638,1,-1,-1,-1
66,0,2,0,305,861,1,-1,-1,-1
67,4,1535,2,381,893,1,-1,-1,-1
67,2,729,246,233,638,1,-1,-1,-1
67,0,2,0,305,861,1,-1,-1,-1
68,4,1523,2,394,893,1,-1,-1,-1
68,2,729,246,233,638,1,-1,-1,-1
68,0,2,0,305,861,1,-1,-1,-1
69,4,1523,2,394,893,1,-1,-1,-1
69,2,729,246,233,638,1,-1,-1,-1
69,0,2,0,305,861,1,-1,-1,-1
70,4,1523,2,394,893,1,-1,-1,-1
70,2,729,246,233,638,1,-1,-1,-1
70,0,2,0,305,861,1,-1,-1,-1
71,4,1523,2,394,893,1,-1,-1,-1
71,2,729,246,233,638,1,-1,-1,-1
71,0,2,0,305,861,1,-1,-1,-1
72,4,1523,2,394,893,1,-1,-1,-1
72,2,729,246,233,638,1,-1,-1,-1
72,0,2,0,305,861,1,-1,-1,-1
73,4,1537,2,379,893,1,-1,-1,-1
73,2,729,246,233,638,1,-1,-1,-1
73,0,2,0,305,861,1,-1,-1,-1
74,4,1537,2,379,893,1,-1,-1,-1
74,2,729,246,233,638,1,-1,-1,-1
74,0,2,0,305,861,1,-1,-1,-1
75,4,1537,2,379,893,1,-1,-1,-1
75,2,729,246,233,638,1,-1,-1,-1
75,0,2,0,305,861,1,-1,-1,-1
76,4,1559,2,357,893,1,-1,-1,-1
76,2,729,246,233,638,1,-1,-1,-1
76,0,2,0,305,861,1,-1,-1,-1
77,4,1575,2,341,893,1,-1,-1,-1
77,2,729,246,233,638,1,-1,-1,-1
77,0,2,0,305,861,1,-1,-1,-1
78,4,1575,2,341,893,1,-1,-1,-1
78,2,729,246,233,638,1,-1,-1,-1
78,0,2,0,305,861,1,-1,-1,-1
79,4,1594,2,323,893,1,-1,-1,-1
79,2,729,246,233,638,1,-1,-1,-1
79,0,2,0,305,861,1,-1,-1,-1
80,4,1594,2,323,893,1,-1,-1,-1
80,2,729,246,233,638,1,-1,-1,-1
80,0,2,0,305,861,1,-1,-1,-1
81,4,1594,2,323,893,1,-1,-1,-1
81,2,729,246,233,638,1,-1,-1,-1
81,0,2,0,305,861,1,-1,-1,-1
82,4,1594,2,323,893,1,-1,-1,-1
82,2,729,246,233,638,1,-1,-1,-1
82,0,2,0,305,861,1,-1,-1,-1
83,4,1615,2,301,893,1,-1,-1,-1
83,2,729,246,233,638,1,-1,-1,-1
83,0,2,0,305,861,1,-1,-1,-1
84,4,1615,2,301,893,1,-1,-1,-1
84,2,729,246,233,638,1,-1,-1,-1
84,0,2,0,305,861,1,-1,-1,-1
85,4,1615,2,301,893,1,-1,-1,-1
85,2,729,246,233,638,1,-1,-1,-1
85,0,2,0,305,861,1,-1,-1,-1
86,4,1615,2,301,893,1,-1,-1,-1
86,2,729,246,233,638,1,-1,-1,-1
86,0,2,0,305,861,1,-1,-1,-1
87,4,1615,2,301,893,1,-1,-1,-1
87,2,729,246,233,638,1,-1,-1,-1
87,0,2,0,305,861,1,-1,-1,-1
88,4,1615,2,301,893,1,-1,-1,-1
88,2,729,246,233,638,1,-1,-1,-1
88,0,2,0,305,861,1,-1,-1,-1
89,4,1615,2,301,893,1,-1,-1,-1
89,2,729,246,233,638,1,-1,-1,-1
89,0,2,0,305,861,1,-1,-1,-1
90,4,1615,2,301,893,1,-1,-1,-1
90,2,729,246,233,638,1,-1,-1,-1
90,0,2,0,305,861,1,-1,-1,-1
91,4,1615,2,301,893,1,-1,-1,-1
91,2,729,246,233,638,1,-1,-1,-1
91,0,2,0,305,861,1,-1,-1,-1
92,4,1615,2,301,893,1,-1,-1,-1
92,2,729,246,233,638,1,-1,-1,-1
92,0,2,0,305,861,1,-1,-1,-1
93,4,1615,2,301,893,1,-1,-1,-1
93,2,729,246,233,638,1,-1,-1,-1
93,0,2,0,305,861,1,-1,-1,-1
94,4,1615,2,301,893,1,-1,-1,-1
94,2,729,246,233,638,1,-1,-1,-1
94,0,2,0,305,861,1,-1,-1,-1
95,4,1615,2,301,893,1,-1,-1,-1
95,2,729,246,233,638,1,-1,-1,-1
95,0,2,0,305,861,1,-1,-1,-1
96,4,1615,2,301,893,1,-1,-1,-1
96,2,729,246,233,638,1,-1,-1,-1
96,0,2,0,305,861,1,-1,-1,-1
97,4,1588,2,328,893,1,-1,-1,-1
97,2,729,246,233,638,1,-1,-1,-1
97,0,2,0,305,861,1,-1,-1,-1
98,4,1588,2,328,893,1,-1,-1,-1
98,2,729,246,233,638,1,-1,-1,-1
98,0,2,0,305,861,1,-1,-1,-1
99,4,1570,2,328,893,1,-1,-1,-1
99,2,729,246,233,638,1,-1,-1,-1
99,0,2,0,305,861,1,-1,-1,-1
100,4,1570,2,328,893,1,-1,-1,-1
100,2,729,246,233,638,1,-1,-1,-1
100,0,2,0,305,861,1,-1,-1,-1
101,4,1548,2,328,893,1,-1,-1,-1
101,2,729,246,233,638,1,-1,-1,-1
101,0,2,0,305,861,1,-1,-1,-1
102,4,1536,2,328,893,1,-1,-1,-1
102,2,729,246,233,638,1,-1,-1,-1
102,0,2,0,305,861,1,-1,-1,-1
103,4,1524,2,328,893,1,-1,-1,-1
103,2,729,246,233,638,1,-1,-1,-1
103,0,2,0,305,861,1,-1,-1,-1
104,4,1514,2,328,893,1,-1,-1,-1
104,2,729,246,233,638,1,-1,-1,-1
104,0,2,0,305,861,1,-1,-1,-1
105,4,1502,2,328,893,1,-1,-1,-1
105,2,729,246,233,638,1,-1,-1,-1
105,0,2,0,305,861,1,-1,-1,-1
106,4,1480,2,328,893,1,-1,-1,-1
106,2,729,246,233,638,1,-1,-1,-1
106,0,2,0,305,861,1,-1,-1,-1
107,4,1468,2,328,893,1,-1,-1,-1
107,2,729,246,233,638,1,-1,-1,-1
107,0,2,0,305,861,1,-1,-1,-1
108,4,1448,2,337,893,1,-1,-1,-1
108,2,729,246,233,638,1,-1,-1,-1
108,0,2,0,305,861,1,-1,-1,-1
109,4,1432,2,337,893,1,-1,-1,-1
109,2,729,246,233,638,1,-1,-1,-1
109,0,2,0,305,861,1,-1,-1,-1
110,4,1406,2,363,893,1,-1,-1,-1
110,2,729,246,233,638,1,-1,-1,-1
110,0,2,0,305,861,1,-1,-1,-1
111,4,1397,2,356,893,1,-1,-1,-1
111,2,729,246,233,638,1,-1,-1,-1
111,0,2,0,305,861,1,-1,-1,-1
112,4,1381,2,356,893,1,-1,-1,-1
112,2,729,246,233,638,1,-1,-1,-1
112,0,2,0,305,861,1,-1,-1,-1
113,4,1381,2,356,893,1,-1,-1,-1
113,2,729,246,233,638,1,-1,-1,-1
113,0,2,0,305,861,1,-1,-1,-1
114,4,1381,2,356,893,1,-1,-1,-1
114,2,729,246,233,638,1,-1,-1,-1
114,0,2,0,305,861,1,-1,-1,-1
115,4,1380,2,334,893,1,-1,-1,-1
115,2,729,246,233,638,1,-1,-1,-1
115,0,2,0,305,861,1,-1,-1,-1
116,4,1380,2,334,893,1,-1,-1,-1
116,2,729,246,233,638,1,-1,-1,-1
116,0,2,0,305,861,1,-1,-1,-1
117,4,1380,2,334,893,1,-1,-1,-1
117,2,729,246,233,638,1,-1,-1,-1
117,0,2,0,305,861,1,-1,-1,-1
118,4,1380,2,334,893,1,-1,-1,-1
118,2,729,246,233,638,1,-1,-1,-1
118,0,2,0,305,861,1,-1,-1,-1
119,4,1380,16,334,879,1,-1,-1,-1
119,2,729,246,233,638,1,-1,-1,-1
119,0,2,0,305,861,1,-1,-1,-1
120,4,1380,35,334,861,1,-1,-1,-1
120,2,729,246,233,638,1,-1,-1,-1
120,0,2,0,305,861,1,-1,-1,-1
121,4,1380,35,334,861,1,-1,-1,-1
121,2,729,246,233,638,1,-1,-1,-1
121,0,2,0,305,861,1,-1,-1,-1
122,4,1380,35,334,861,1,-1,-1,-1
122,2,729,246,233,638,1,-1,-1,-1
122,0,2,0,305,861,1,-1,-1,-1
123,4,1380,60,334,835,1,-1,-1,-1
123,2,729,246,233,638,1,-1,-1,-1
123,0,2,0,305,861,1,-1,-1,-1
124,4,1380,60,334,835,1,-1,-1,-1
124,2,729,246,233,638,1,-1,-1,-1
124,0,2,0,305,861,1,-1,-1,-1
125,4,1380,60,334,835,1,-1,-1,-1
125,2,729,246,233,638,1,-1,-1,-1
125,0,2,0,305,861,1,-1,-1,-1
126,4,1380,60,334,835,1,-1,-1,-1
126,2,729,246,233,638,1,-1,-1,-1
126,0,2,0,305,861,1,-1,-1,-1
127,4,1380,60,334,835,1,-1,-1,-1
127,2,729,246,233,638,1,-1,-1,-1
127,0,2,0,305,861,1,-1,-1,-1
128,4,1380,60,334,835,1,-1,-1,-1
128,2,729,246,233,638,1,-1,-1,-1
128,0,2,0,305,861,1,-1,-1,-1
129,4,1417,60,317,835,1,-1,-1,-1
129,2,729,246,233,638,1,-1,-1,-1
129,0,2,0,305,861,1,-1,-1,-1
130,4,1437,60,317,835,1,-1,-1,-1
130,2,731,246,233,638,1,-1,-1,-1
130,0,4,0,305,861,1,-1,-1,-1
131,4,1455,60,317,835,1,-1,-1,-1
131,2,729,246,233,638,1,-1,-1,-1
131,0,2,0,305,861,1,-1,-1,-1
132,4,1469,60,317,835,1,-1,-1,-1
132,2,729,255,233,629,1,-1,-1,-1
132,0,2,0,305,861,1,-1,-1,-1
133,4,1490,53,317,842,1,-1,-1,-1
133,2,729,255,233,629,1,-1,-1,-1
133,0,2,0,305,861,1,-1,-1,-1
134,4,1502,42,317,853,1,-1,-1,-1
134,2,729,255,233,629,1,-1,-1,-1
134,0,2,0,305,861,1,-1,-1,-1
135,4,1518,42,317,853,1,-1,-1,-1
135,2,729,255,233,629,1,-1,-1,-1
135,0,2,0,305,861,1,-1,-1,-1
136,4,1533,31,317,864,1,-1,-1,-1
136,2,729,255,233,629,1,-1,-1,-1
136,0,2,0,305,861,1,-1,-1,-1
137,4,1541,31,317,864,1,-1,-1,-1
137,2,729,255,233,629,1,-1,-1,-1
137,0,2,0,305,861,1,-1,-1,-1
138,4,1549,31,317,864,1,-1,-1,-1
138,2,729,255,233,629,1,-1,-1,-1
138,0,2,0,305,861,1,-1,-1,-1
139,4,1549,31,317,864,1,-1,-1,-1
139,2,729,255,233,629,1,-1,-1,-1
139,0,2,0,305,861,1,-1,-1,-1
140,4,1549,31,317,864,1,-1,-1,-1
140,2,729,255,233,629,1,-1,-1,-1
140,0,2,0,305,861,1,-1,-1,-1
141,4,1550,42,317,853,1,-1,-1,-1
141,2,729,255,233,629,1,-1,-1,-1
141,0,2,0,305,861,1,-1,-1,-1
142,4,1550,42,317,853,1,-1,-1,-1
142,2,729,255,233,629,1,-1,-1,-1
142,0,2,0,305,861,1,-1,-1,-1
143,4,1550,55,306,841,1,-1,-1,-1
143,2,729,255,233,629,1,-1,-1,-1
143,0,2,0,305,861,1,-1,-1,-1
144,4,1550,55,294,841,1,-1,-1,-1
144,2,729,255,233,629,1,-1,-1,-1
144,0,2,0,305,861,1,-1,-1,-1
145,4,1550,69,294,826,1,-1,-1,-1
145,2,729,255,233,629,1,-1,-1,-1
145,0,2,0,305,861,1,-1,-1,-1
146,4,1550,69,283,826,1,-1,-1,-1
146,2,729,255,233,629,1,-1,-1,-1
146,0,2,0,305,861,1,-1,-1,-1
147,4,1550,82,274,813,1,-1,-1,-1
147,2,729,255,233,629,1,-1,-1,-1
147,0,2,0,305,861,1,-1,-1,-1
148,4,1550,82,274,813,1,-1,-1,-1
148,2,729,255,233,629,1,-1,-1,-1
148,0,2,0,305,861,1,-1,-1,-1
149,4,1532,80,286,815,1,-1,-1,-1
149,2,729,255,233,629,1,-1,-1,-1
149,0,2,0,305,861,1,-1,-1,-1
150,4,1532,80,286,815,1,-1,-1,-1
150,2,729,255,233,629,1,-1,-1,-1
150,0,2,0,305,861,1,-1,-1,-1
151,4,1532,80,286,815,1,-1,-1,-1
151,2,729,255,233,629,1,-1,-1,-1
151,0,2,0,305,861,1,-1,-1,-1
152,4,1532,80,286,815,1,-1,-1,-1
152,2,729,255,233,629,1,-1,-1,-1
152,0,2,0,305,861,1,-1,-1,-1
153,4,1521,80,297,815,1,-1,-1,-1
153,2,729,255,233,629,1,-1,-1,-1
153,0,2,0,305,861,1,-1,-1,-1
154,4,1521,80,297,815,1,-1,-1,-1
154,2,729,255,233,629,1,-1,-1,-1
154,0,2,0,305,861,1,-1,-1,-1
155,4,1521,67,297,828,1,-1,-1,-1
155,2,729,255,233,629,1,-1,-1,-1
155,0,2,0,305,861,1,-1,-1,-1
156,4,1532,57,286,839,1,-1,-1,-1
156,2,729,255,233,629,1,-1,-1,-1
156,0,2,0,305,861,1,-1,-1,-1
157,4,1532,57,286,839,1,-1,-1,-1
157,2,729,255,233,629,1,-1,-1,-1
157,0,2,0,305,861,1,-1,-1,-1
158,4,1532,57,286,839,1,-1,-1,-1
158,2,729,255,233,629,1,-1,-1,-1
158,0,2,0,305,861,1,-1,-1,-1
159,4,1532,57,294,839,1,-1,-1,-1
159,2,729,255,233,629,1,-1,-1,-1
159,0,2,0,305,861,1,-1,-1,-1
160,4,1532,47,303,848,1,-1,-1,-1
160,2,729,255,233,629,1,-1,-1,-1
160,0,2,0,305,861,1,-1,-1,-1
161,4,1532,47,303,848,1,-1,-1,-1
161,2,729,255,233,629,1,-1,-1,-1
161,0,2,0,305,861,1,-1,-1,-1
162,4,1532,57,312,839,1,-1,-1,-1
162,2,729,255,233,629,1,-1,-1,-1
162,0,2,0,305,861,1,-1,-1,-1
163,4,1532,57,312,839,1,-1,-1,-1
163,2,729,255,233,629,1,-1,-1,-1
163,0,2,0,305,861,1,-1,-1,-1
164,4,1532,57,312,839,1,-1,-1,-1
164,2,729,255,233,629,1,-1,-1,-1
164,0,2,0,305,861,1,-1,-1,-1
165,4,1532,57,312,839,1,-1,-1,-1
165,2,729,255,233,629,1,-1,-1,-1
165,0,2,0,305,861,1,-1,-1,-1
166,4,1532,57,312,839,1,-1,-1,-1
166,2,729,255,233,629,1,-1,-1,-1
166,0,2,0,305,861,1,-1,-1,-1
167,4,1532,57,312,839,1,-1,-1,-1
167,2,729,255,233,629,1,-1,-1,-1
167,0,2,0,305,861,1,-1,-1,-1
168,4,1543,47,301,848,1,-1,-1,-1
168,2,729,255,233,629,1,-1,-1,-1
168,0,2,0,305,861,1,-1,-1,-1
169,4,1543,47,301,848,1,-1,-1,-1
169,2,729,255,233,629,1,-1,-1,-1
169,0,2,0,305,861,1,-1,-1,-1
170,4,1543,47,301,848,1,-1,-1,-1
170,2,729,255,233,629,1,-1,-1,-1
170,0,2,0,305,861,1,-1,-1,-1
171,4,1543,47,301,848,1,-1,-1,-1
171,2,729,255,233,629,1,-1,-1,-1
171,0,2,0,305,861,1,-1,-1,-1
172,4,1543,47,301,848,1,-1,-1,-1
172,2,729,255,233,629,1,-1,-1,-1
172,0,2,0,305,861,1,-1,-1,-1
173,4,1543,47,301,848,1,-1,-1,-1
173,2,729,255,233,629,1,-1,-1,-1
173,0,2,0,305,861,1,-1,-1,-1
174,4,1543,47,301,848,1,-1,-1,-1
174,2,729,255,233,629,1,-1,-1,-1
174,0,2,0,305,861,1,-1,-1,-1
175,4,1543,47,301,848,1,-1,-1,-1
175,2,729,255,233,629,1,-1,-1,-1
175,0,2,0,288,861,1,-1,-1,-1
176,4,1543,47,301,848,1,-1,-1,-1
176,2,729,255,233,629,1,-1,-1,-1
176,0,2,0,288,861,1,-1,-1,-1
177,4,1543,47,301,848,1,-1,-1,-1
177,2,729,255,233,629,1,-1,-1,-1
177,0,2,0,288,861,1,-1,-1,-1
178,4,1543,47,301,848,1,-1,-1,-1
178,2,729,255,233,629,1,-1,-1,-1
178,0,2,0,288,861,1,-1,-1,-1
179,4,1543,47,301,848,1,-1,-1,-1
179,2,729,255,233,629,1,-1,-1,-1
179,0,2,0,288,861,1,-1,-1,-1
180,4,1543,47,301,848,1,-1,-1,-1
180,2,729,255,246,629,1,-1,-1,-1
180,0,24,35,392,826,1,-1,-1,-1
181,4,1543,47,301,848,1,-1,-1,-1
181,2,729,255,246,629,1,-1,-1,-1
181,0,27,29,408,831,1,-1,-1,-1
182,4,1543,47,301,848,1,-1,-1,-1
182,2,729,255,246,629,1,-1,-1,-1
182,0,27,29,408,831,1,-1,-1,-1
183,4,1543,47,301,848,1,-1,-1,-1
183,2,729,255,246,629,1,-1,-1,-1
183,0,38,20,430,841,1,-1,-1,-1
184,4,1543,47,301,848,1,-1,-1,-1
184,2,729,255,246,629,1,-1,-1,-1
184,0,44,18,438,842,1,-1,-1,-1
185,4,1543,47,301,848,1,-1,-1,-1
185,2,724,250,235,635,1,-1,-1,-1
185,0,58,11,441,850,1,-1,-1,-1
186,4,1533,53,299,842,1,-1,-1,-1
186,2,716,250,235,635,1,-1,-1,-1
186,0,70,11,441,850,1,-1,-1,-1
187,4,1533,53,299,842,1,-1,-1,-1
187,2,702,250,235,635,1,-1,-1,-1
187,0,80,2,441,875,1,-1,-1,-1
188,4,1533,53,299,842,1,-1,-1,-1
188,2,697,250,221,635,1,-1,-1,-1
188,0,106,2,441,875,1,-1,-1,-1
189,4,1523,53,299,842,1,-1,-1,-1
189,2,675,250,221,635,1,-1,-1,-1
189,0,148,2,423,875,1,-1,-1,-1
190,4,1513,60,299,835,1,-1,-1,-1
190,2,657,250,221,635,1,-1,-1,-1
190,0,174,2,423,875,1,-1,-1,-1
191,4,1492,67,317,828,1,-1,-1,-1
191,2,638,246,221,638,1,-1,-1,-1
191,0,196,2,423,875,1,-1,-1,-1
192,4,1492,67,317,828,1,-1,-1,-1
192,2,624,241,224,644,1,-1,-1,-1
192,0,219,2,434,875,1,-1,-1,-1
193,4,1471,86,317,810,1,-1,-1,-1
193,2,607,233,232,651,1,-1,-1,-1
193,0,241,2,445,875,1,-1,-1,-1
194,4,1465,86,317,810,1,-1,-1,-1
194,2,591,233,232,651,1,-1,-1,-1
194,0,259,2,476,875,1,-1,-1,-1
195,4,1435,113,323,782,1,-1,-1,-1
195,0,277,2,501,875,1,-1,-1,-1
196,4,1426,126,332,769,1,-1,-1,-1
196,0,305,2,521,875,1,-1,-1,-1
197,4,1415,137,317,759,1,-1,-1,-1
197,0,365,2,516,879,1,-1,-1,-1
198,4,1415,137,294,759,1,-1,-1,-1
198,0,376,2,578,879,1,-1,-1,-1
199,4,1400,146,281,749,1,-1,-1,-1
199,0,428,2,578,879,1,-1,-1,-1
200,4,1388,146,281,749,1,-1,-1,-1
200,0,459,2,614,879,1,-1,-1,-1
201,4,1374,146,281,749,1,-1,-1,-1
201,0,534,2,593,879,1,-1,-1,-1
201,2,452,162,206,720,1,-1,-1,-1
202,4,1362,159,274,737,1,-1,-1,-1
202,0,613,0,565,895,1,-1,-1,-1
202,2,443,155,244,728,1,-1,-1,-1
203,4,1346,159,274,737,1,-1,-1,-1
203,0,713,0,529,895,1,-1,-1,-1
203,2,416,142,257,740,1,-1,-1,-1
204,4,1318,170,284,726,1,-1,-1,-1
204,0,790,0,498,895,1,-1,-1,-1
204,2,376,129,281,753,1,-1,-1,-1
205,4,1306,170,288,726,1,-1,-1,-1
205,0,846,0,562,895,1,-1,-1,-1
205,2,362,129,281,753,1,-1,-1,-1
206,0,886,0,653,895,1,-1,-1,-1
206,2,343,117,281,766,1,-1,-1,-1
207,0,935,0,676,895,1,-1,-1,-1
207,2,321,117,281,766,1,-1,-1,-1
208,0,994,0,753,895,1,-1,-1,-1
208,2,295,106,281,777,1,-1,-1,-1
209,0,1050,0,817,895,1,-1,-1,-1
209,2,252,84,294,799,1,-1,-1,-1
210,0,1100,0,817,895,1,-1,-1,-1
210,2,224,75,301,808,1,-1,-1,-1
211,0,1178,0,738,895,1,-1,-1,-1
211,2,206,51,301,831,1,-1,-1,-1
211,4,1098,160,334,735,1,-1,-1,-1
212,0,1227,0,689,895,1,-1,-1,-1
212,2,182,42,301,841,1,-1,-1,-1
212,4,1064,160,334,735,1,-1,-1,-1
213,0,1295,0,622,895,1,-1,-1,-1
213,2,162,24,301,859,1,-1,-1,-1
213,4,1052,168,288,728,1,-1,-1,-1
214,0,1351,0,565,895,1,-1,-1,-1
214,2,144,18,301,864,1,-1,-1,-1
214,4,1039,168,272,728,1,-1,-1,-1
215,0,1378,0,538,895,1,-1,-1,-1
215,2,122,4,301,864,1,-1,-1,-1
215,4,1039,168,253,728,1,-1,-1,-1
216,0,1406,0,511,895,1,-1,-1,-1
216,2,82,0,317,864,1,-1,-1,-1
216,4,1039,182,235,713,1,-1,-1,-1
217,0,1446,0,470,895,1,-1,-1,-1
217,2,49,0,330,864,1,-1,-1,-1
217,4,1039,191,204,704,1,-1,-1,-1
218,0,1466,0,450,895,1,-1,-1,-1
218,2,16,0,343,864,1,-1,-1,-1
218,4,1017,191,204,704,1,-1,-1,-1
219,0,1488,0,428,895,1,-1,-1,-1
219,2,0,0,343,864,1,-1,-1,-1
219,4,986,199,215,697,1,-1,-1,-1
220,0,1506,0,410,895,1,-1,-1,-1
220,2,0,0,323,864,1,-1,-1,-1
220,4,963,204,230,691,1,-1,-1,-1
221,0,1524,0,392,895,1,-1,-1,-1
221,2,0,0,305,864,1,-1,-1,-1
221,4,928,206,250,689,1,-1,-1,-1
222,0,1544,0,372,895,1,-1,-1,-1
222,2,0,0,279,864,1,-1,-1,-1
222,4,914,206,250,689,1,-1,-1,-1
223,0,1563,0,354,895,1,-1,-1,-1
223,2,0,0,250,864,1,-1,-1,-1
223,4,883,206,266,689,1,-1,-1,-1
224,0,1563,0,354,895,1,-1,-1,-1
224,2,0,0,221,864,1,-1,-1,-1
224,4,883,206,241,689,1,-1,-1,-1
225,0,1563,0,354,895,1,-1,-1,-1
225,2,0,0,191,864,1,-1,-1,-1
225,4,869,206,241,689,1,-1,-1,-1
226,0,1563,15,354,881,1,-1,-1,-1
226,4,847,206,241,689,1,-1,-1,-1
227,0,1563,18,354,877,1,-1,-1,-1
227,4,831,206,241,689,1,-1,-1,-1
228,0,1563,31,354,864,1,-1,-1,-1
228,4,800,206,212,689,1,-1,-1,-1
229,0,1563,47,337,848,1,-1,-1,-1
229,4,770,206,212,689,1,-1,-1,-1
230,0,1546,66,337,830,1,-1,-1,-1
230,4,744,202,212,693,1,-1,-1,-1
231,0,1515,80,354,815,1,-1,-1,-1
231,4,715,197,212,698,1,-1,-1,-1
232,0,1489,80,354,815,1,-1,-1,-1
232,4,675,197,233,698,1,-1,-1,-1
233,0,1455,89,348,806,1,-1,-1,-1
233,4,651,197,233,698,1,-1,-1,-1
234,0,1420,95,350,800,1,-1,-1,-1
234,4,639,197,233,698,1,-1,-1,-1
235,0,1399,95,337,800,1,-1,-1,-1
235,4,633,197,210,698,1,-1,-1,-1
236,0,1380,95,321,800,1,-1,-1,-1
236,4,613,197,199,698,1,-1,-1,-1
237,0,1357,100,328,795,1,-1,-1,-1
237,4,593,197,199,698,1,-1,-1,-1
238,0,1327,102,341,793,1,-1,-1,-1
238,4,514,191,252,704,1,-1,-1,-1
239,0,1307,109,350,786,1,-1,-1,-1
239,4,438,188,352,707,1,-1,-1,-1
240,0,1306,120,337,775,1,-1,-1,-1
240,4,401,181,388,715,1,-1,-1,-1
241,0,1306,120,315,775,1,-1,-1,-1
241,4,359,173,419,722,1,-1,-1,-1
242,0,1276,148,323,748,1,-1,-1,-1
242,4,323,168,430,728,1,-1,-1,-1
243,0,1276,164,314,731,1,-1,-1,-1
243,4,286,160,430,735,1,-1,-1,-1
244,0,1276,188,314,707,1,-1,-1,-1
244,4,272,150,416,746,1,-1,-1,-1
245,0,1276,204,314,691,1,-1,-1,-1
245,4,272,139,385,757,1,-1,-1,-1
246,0,1276,246,314,649,1,-1,-1,-1
246,4,272,126,350,769,1,-1,-1,-1
247,0,1268,288,326,607,1,-1,-1,-1
247,4,272,106,325,790,1,-1,-1,-1
248,0,1256,348,350,547,1,-1,-1,-1
248,4,272,97,315,779,1,-1,-1,-1
249,0,1256,405,359,490,1,-1,-1,-1
249,4,268,89,283,786,1,-1,-1,-1
250,0,1267,434,348,461,1,-1,-1,-1
250,4,257,82,275,793,1,-1,-1,-1
251,0,1267,443,348,452,1,-1,-1,-1
251,4,229,82,275,793,1,-1,-1,-1
252,0,1267,443,334,452,1,-1,-1,-1
252,4,201,73,288,802,1,-1,-1,-1
253,0,1255,432,334,463,1,-1,-1,-1
253,4,171,67,268,808,1,-1,-1,-1
254,0,1255,432,334,463,1,-1,-1,-1
254,4,140,58,266,817,1,-1,-1,-1
255,0,1255,432,334,463,1,-1,-1,-1
255,4,93,44,294,831,1,-1,-1,-1
256,0,1254,450,334,445,1,-1,-1,-1
256,4,47,26,330,850,1,-1,-1,-1
257,0,1254,461,334,434,1,-1,-1,-1
257,4,0,1,374,870,1,-1,-1,-1
258,0,1254,461,334,434,1,-1,-1,-1
258,4,0,1,374,870,1,-1,-1,-1
259,0,1254,461,334,434,1,-1,-1,-1
259,4,0,2,365,870,1,-1,-1,-1
260,0,1254,461,334,434,1,-1,-1,-1
260,4,0,2,346,870,1,-1,-1,-1
261,0,1254,461,334,434,1,-1,-1,-1
261,4,0,2,305,850,1,-1,-1,-1
262,0,1254,454,334,441,1,-1,-1,-1
262,4,0,2,261,850,1,-1,-1,-1
263,0,1254,454,334,441,1,-1,-1,-1
263,4,0,2,219,850,1,-1,-1,-1
264,0,1254,454,334,441,1,-1,-1,-1
264,4,0,2,191,850,1,-1,-1,-1
265,0,1254,454,334,441,1,-1,-1,-1
265,4,0,2,171,850,1,-1,-1,-1
266,0,1254,454,334,441,1,-1,-1,-1
267,0,1254,454,334,441,1,-1,-1,-1
268,0,1254,454,334,441,1,-1,-1,-1
269,0,1254,454,334,441,1,-1,-1,-1
270,0,1254,447,334,449,1,-1,-1,-1
271,0,1254,447,334,449,1,-1,-1,-1
272,0,1254,447,334,449,1,-1,-1,-1
273,0,1254,447,334,449,1,-1,-1,-1
274,0,1254,447,334,449,1,-1,-1,-1
275,0,1254,447,334,449,1,-1,-1,-1
276,0,1254,447,334,449,1,-1,-1,-1
277,0,1254,447,334,449,1,-1,-1,-1
278,0,1254,447,334,449,1,-1,-1,-1
279,0,1254,447,334,449,1,-1,-1,-1
280,0,1254,447,334,449,1,-1,-1,-1
281,0,1254,447,334,449,1,-1,-1,-1
282,0,1254,447,334,449,1,-1,-1,-1
283,0,1254,447,334,449,1,-1,-1,-1
284,0,1254,447,334,449,1,-1,-1,-1
285,0,1254,439,326,456,1,-1,-1,-1
286,0,1254,439,326,456,1,-1,-1,-1
287,0,1254,439,326,456,1,-1,-1,-1
288,0,1254,439,326,456,1,-1,-1,-1
289,0,1254,439,326,456,1,-1,-1,-1
290,0,1254,439,326,456,1,-1,-1,-1
291,0,1254,439,326,456,1,-1,-1,-1
292,0,1254,439,326,456,1,-1,-1,-1
293,0,1254,439,326,456,1,-1,-1,-1
294,0,1254,439,326,456,1,-1,-1,-1
295,0,1254,439,326,456,1,-1,-1,-1
296,0,1254,439,326,456,1,-1,-1,-1
297,0,1254,439,326,456,1,-1,-1,-1
298,0,1254,439,326,456,1,-1,-1,-1
299,0,1254,439,326,456,1,-1,-1,-1
300,0,1254,439,326,456,1,-1,-1,-1
301,0,1254,439,326,456,1,-1,-1,-1
302,0,1254,439,326,456,1,-1,-1,-1
303,0,1254,439,326,456,1,-1,-1,-1
304,0,1254,439,326,456,1,-1,-1,-1
305,0,1254,439,326,456,1,-1,-1,-1
306,0,1254,439,326,456,1,-1,-1,-1
307,0,1254,439,326,456,1,-1,-1,-1
308,0,1254,439,326,456,1,-1,-1,-1
309,0,1254,439,326,456,1,-1,-1,-1
310,0,1254,447,332,449,1,-1,-1,-1
311,0,1254,447,332,449,1,-1,-1,-1
312,0,1245,463,346,432,1,-1,-1,-1
313,0,1225,463,366,432,1,-1,-1,-1
314,0,1207,474,385,421,1,-1,-1,-1
315,0,1194,474,397,421,1,-1,-1,-1
316,0,1167,463,416,432,1,-1,-1,-1
317,0,1151,449,432,447,1,-1,-1,-1
318,0,1151,434,432,461,1,-1,-1,-1
319,0,1151,396,423,500,1,-1,-1,-1
320,0,1151,356,403,540,1,-1,-1,-1
321,0,1171,306,383,589,1,-1,-1,-1
322,0,1171,274,383,622,1,-1,-1,-1
323,0,1143,244,410,651,1,-1,-1,-1
324,0,1130,206,392,689,1,-1,-1,-1
325,0,1118,173,390,722,1,-1,-1,-1
326,0,1109,173,368,722,1,-1,-1,-1
327,0,1098,173,352,722,1,-1,-1,-1
328,0,1089,173,334,722,1,-1,-1,-1
329,0,1072,173,321,722,1,-1,-1,-1
330,0,1052,173,321,722,1,-1,-1,-1
331,0,1034,173,312,722,1,-1,-1,-1
332,0,1014,173,312,722,1,-1,-1,-1
333,0,992,173,312,722,1,-1,-1,-1
334,0,955,193,325,702,1,-1,-1,-1
335,0,927,193,325,702,1,-1,-1,-1
336,0,890,206,326,689,1,-1,-1,-1
337,0,864,195,290,700,1,-1,-1,-1
338,0,824,195,290,700,1,-1,-1,-1
339,0,799,184,272,711,1,-1,-1,-1
340,0,762,181,272,715,1,-1,-1,-1
341,0,738,181,272,715,1,-1,-1,-1
342,0,712,181,272,715,1,-1,-1,-1
343,0,675,181,281,715,1,-1,-1,-1
344,0,641,181,281,715,1,-1,-1,-1
345,0,611,188,281,707,1,-1,-1,-1
346,0,579,188,281,707,1,-1,-1,-1
347,0,543,188,297,707,1,-1,-1,-1
348,0,509,179,314,717,1,-1,-1,-1
349,0,489,169,314,717,1,-1,-1,-1
350,0,450,164,330,717,1,-1,-1,-1
351,0,425,170,337,711,1,-1,-1,-1
352,0,407,170,328,711,1,-1,-1,-1
353,0,377,162,339,718,1,-1,-1,-1
354,0,359,151,339,729,1,-1,-1,-1
355,0,332,146,348,735,1,-1,-1,-1
356,0,315,139,348,742,1,-1,-1,-1
357,0,292,126,357,755,1,-1,-1,-1
358,0,270,117,365,755,1,-1,-1,-1
359,0,248,106,377,766,1,-1,-1,-1
360,0,219,97,394,775,1,-1,-1,-1
361,0,199,89,407,784,1,-1,-1,-1
362,0,181,82,425,791,1,-1,-1,-1
363,0,173,60,432,813,1,-1,-1,-1
364,0,164,42,438,831,1,-1,-1,-1
365,0,153,22,449,852,1,-1,-1,-1
366,0,153,7,428,866,1,-1,-1,-1
367,0,153,2,428,872,1,-1,-1,-1
368,0,170,2,412,872,1,-1,-1,-1
369,0,181,2,432,872,1,-1,-1,-1
370,0,201,2,463,872,1,-1,-1,-1
371,0,215,2,470,879,1,-1,-1,-1
372,0,250,2,487,879,1,-1,-1,-1
373,0,274,2,505,879,1,-1,-1,-1
374,0,283,2,523,879,1,-1,-1,-1
375,0,331,2,523,879,1,-1,-1,-1
376,0,370,2,542,879,1,-1,-1,-1
377,0,387,2,582,879,1,-1,-1,-1
378,0,419,2,604,879,1,-1,-1,-1
379,0,514,2,563,879,1,-1,-1,-1
380,0,622,2,523,890,1,-1,-1,-1
381,0,707,2,507,890,1,-1,-1,-1
382,0,793,2,538,890,1,-1,-1,-1
383,0,848,2,629,890,1,-1,-1,-1
384,0,903,2,784,890,1,-1,-1,-1
385,0,975,2,808,890,1,-1,-1,-1
386,0,1050,2,833,890,1,-1,-1,-1
387,0,1136,2,782,890,1,-1,-1,-1
388,0,1236,2,682,890,1,-1,-1,-1
389,0,1326,2,593,890,1,-1,-1,-1
390,0,1431,2,487,890,1,-1,-1,-1
391,0,1519,2,399,890,1,-1,-1,-1
392,0,1561,2,357,890,1,-1,-1,-1
393,0,1630,2,288,890,1,-1,-1,-1
394,0,1685,2,233,890,1,-1,-1,-1
395,0,1741,2,177,890,1,-1,-1,-1
567,1,0,58,86,788,1,-1,-1,-1
568,1,0,69,113,777,1,-1,-1,-1
569,1,0,80,131,766,1,-1,-1,-1
570,1,0,88,144,759,1,-1,-1,-1
571,1,0,88,160,759,1,-1,-1,-1
572,1,0,100,188,746,1,-1,-1,-1
573,1,0,109,210,737,1,-1,-1,-1
574,1,0,115,221,731,1,-1,-1,-1
575,1,0,122,221,724,1,-1,-1,-1
576,1,0,135,230,711,1,-1,-1,-1
577,1,0,146,230,700,1,-1,-1,-1
578,1,0,157,239,689,1,-1,-1,-1
579,1,24,157,221,689,1,-1,-1,-1
580,1,40,164,221,682,1,-1,-1,-1
581,1,55,173,221,673,1,-1,-1,-1
582,1,55,181,237,666,1,-1,-1,-1
583,1,86,184,237,676,1,-1,-1,-1
584,1,98,193,230,667,1,-1,-1,-1
585,1,112,193,230,667,1,-1,-1,-1
586,1,126,204,215,656,1,-1,-1,-1
587,1,146,213,195,647,1,-1,-1,-1
588,1,166,215,184,645,1,-1,-1,-1
589,1,182,224,184,636,1,-1,-1,-1
590,1,196,224,184,636,1,-1,-1,-1
591,1,218,224,184,636,1,-1,-1,-1
592,1,226,224,208,638,1,-1,-1,-1
593,1,254,224,208,638,1,-1,-1,-1
594,1,272,232,210,636,1,-1,-1,-1
595,1,288,232,226,636,1,-1,-1,-1
596,1,302,232,226,636,1,-1,-1,-1
597,1,321,241,226,627,1,-1,-1,-1
598,1,343,241,210,627,1,-1,-1,-1
599,1,357,241,210,627,1,-1,-1,-1
600,1,381,250,193,618,1,-1,-1,-1
601,1,389,250,193,618,1,-1,-1,-1
602,1,399,250,193,618,1,-1,-1,-1
603,1,423,250,193,618,1,-1,-1,-1
604,1,455,250,193,618,1,-1,-1,-1
605,1,487,250,193,618,1,-1,-1,-1
606,1,507,255,193,613,1,-1,-1,-1
607,1,518,255,210,613,1,-1,-1,-1
608,1,538,255,210,613,1,-1,-1,-1
609,1,556,255,210,613,1,-1,-1,-1
610,1,566,255,210,613,1,-1,-1,-1
611,1,582,255,210,613,1,-1,-1,-1
612,1,593,255,210,622,1,-1,-1,-1
613,1,614,246,210,635,1,-1,-1,-1
614,1,653,237,201,647,1,-1,-1,-1
615,1,686,237,201,651,1,-1,-1,-1
616,1,704,237,201,645,1,-1,-1,-1
617,1,718,237,201,645,1,-1,-1,-1
618,1,731,235,237,647,1,-1,-1,-1
619,1,749,235,230,647,1,-1,-1,-1
620,1,764,235,215,647,1,-1,-1,-1
621,1,784,235,212,647,1,-1,-1,-1
622,1,811,226,197,656,1,-1,-1,-1
623,1,831,221,197,662,1,-1,-1,-1
624,1,844,212,213,671,1,-1,-1,-1
625,1,844,212,241,671,1,-1,-1,-1
626,1,872,212,261,671,1,-1,-1,-1
627,1,886,199,275,684,1,-1,-1,-1
628,1,910,193,283,689,1,-1,-1,-1
629,1,924,184,310,698,1,-1,-1,-1
630,1,946,184,328,711,1,-1,-1,-1
631,1,968,184,328,711,1,-1,-1,-1
632,1,992,184,315,711,1,-1,-1,-1
633,1,1016,164,292,731,1,-1,-1,-1
634,1,1034,164,274,731,1,-1,-1,-1
635,1,1053,151,274,744,1,-1,-1,-1
636,1,1081,151,274,744,1,-1,-1,-1
637,1,1101,151,274,744,1,-1,-1,-1
638,1,1118,151,303,744,1,-1,-1,-1
639,1,1148,151,303,744,1,-1,-1,-1
640,1,1163,151,319,744,1,-1,-1,-1
641,1,1191,151,295,744,1,-1,-1,-1
642,1,1223,151,275,744,1,-1,-1,-1
643,1,1254,144,275,751,1,-1,-1,-1
644,1,1282,144,275,751,1,-1,-1,-1
645,1,1316,144,275,751,1,-1,-1,-1
646,1,1327,135,290,760,1,-1,-1,-1
647,1,1351,135,290,760,1,-1,-1,-1
648,1,1375,135,290,760,1,-1,-1,-1
649,1,1402,128,277,768,1,-1,-1,-1
650,1,1428,128,277,768,1,-1,-1,-1
651,1,1457,128,264,768,1,-1,-1,-1
652,1,1493,128,250,768,1,-1,-1,-1
653,1,1521,128,250,768,1,-1,-1,-1
654,1,1521,115,279,780,1,-1,-1,-1
655,1,1541,104,301,791,1,-1,-1,-1
656,1,1561,104,312,791,1,-1,-1,-1
657,1,1615,95,279,800,1,-1,-1,-1
658,1,1661,95,250,800,1,-1,-1,-1
659,1,1692,95,224,800,1,-1,-1,-1
660,1,1718,95,199,800,1,-1,-1,-1
661,1,1741,95,175,800,1,-1,-1,-1
662,1,1765,95,151,800,1,-1,-1,-1
663,1,1796,95,120,800,1,-1,-1,-1
664,1,1814,95,102,800,1,-1,-1,-1
665,1,1814,95,102,800,1,-1,-1,-1
